DateUtils.java,org.apache.commons.lang3.time.DateUtils,org.pitest.mutationtest.engine.gregor.mutators.NonVoidMethodCallMutator,add,516,KILLED,org.apache.commons.lang3.time.DateUtils_ESTest.test083
DateUtils.java,org.apache.commons.lang3.time.DateUtils,org.pitest.mutationtest.engine.gregor.mutators.NonVoidMethodCallMutator,add,519,KILLED,org.apache.commons.lang3.time.DateUtils_ESTest.test083
DateUtils.java,org.apache.commons.lang3.time.DateUtils,org.pitest.mutationtest.engine.gregor.mutators.NullReturnValsMutator,add,519,KILLED,org.apache.commons.lang3.time.DateUtils_ESTest.test083
DateUtils.java,org.apache.commons.lang3.time.DateUtils,org.pitest.mutationtest.engine.gregor.mutators.ReturnValsMutator,add,519,KILLED,org.apache.commons.lang3.time.DateUtils_ESTest.test083
DateUtils.java,org.apache.commons.lang3.time.DateUtils,org.pitest.mutationtest.engine.gregor.mutators.VoidMethodCallMutator,add,515,KILLED,org.apache.commons.lang3.time.DateUtils_ESTest.test080
DateUtils.java,org.apache.commons.lang3.time.DateUtils,org.pitest.mutationtest.engine.gregor.mutators.VoidMethodCallMutator,add,517,KILLED,org.apache.commons.lang3.time.DateUtils_ESTest.test083
DateUtils.java,org.apache.commons.lang3.time.DateUtils,org.pitest.mutationtest.engine.gregor.mutators.VoidMethodCallMutator,add,518,KILLED,org.apache.commons.lang3.time.DateUtils_ESTest.test059
DateUtils.java,org.apache.commons.lang3.time.DateUtils,org.pitest.mutationtest.engine.gregor.mutators.ArgumentPropagationMutator,addDays,444,KILLED,org.apache.commons.lang3.time.DateUtils_ESTest.test059
DateUtils.java,org.apache.commons.lang3.time.DateUtils,org.pitest.mutationtest.engine.gregor.mutators.InlineConstantMutator,addDays,444,SURVIVED,none
DateUtils.java,org.apache.commons.lang3.time.DateUtils,org.pitest.mutationtest.engine.gregor.mutators.NonVoidMethodCallMutator,addDays,444,KILLED,org.apache.commons.lang3.time.DateUtils_ESTest.test059
DateUtils.java,org.apache.commons.lang3.time.DateUtils,org.pitest.mutationtest.engine.gregor.mutators.NullReturnValsMutator,addDays,444,KILLED,org.apache.commons.lang3.time.DateUtils_ESTest.test059
DateUtils.java,org.apache.commons.lang3.time.DateUtils,org.pitest.mutationtest.engine.gregor.mutators.ReturnValsMutator,addDays,444,KILLED,org.apache.commons.lang3.time.DateUtils_ESTest.test059
DateUtils.java,org.apache.commons.lang3.time.DateUtils,org.pitest.mutationtest.engine.gregor.mutators.ArgumentPropagationMutator,addHours,458,KILLED,org.apache.commons.lang3.time.DateUtils_ESTest.test095
DateUtils.java,org.apache.commons.lang3.time.DateUtils,org.pitest.mutationtest.engine.gregor.mutators.InlineConstantMutator,addHours,458,SURVIVED,none
DateUtils.java,org.apache.commons.lang3.time.DateUtils,org.pitest.mutationtest.engine.gregor.mutators.NonVoidMethodCallMutator,addHours,458,KILLED,org.apache.commons.lang3.time.DateUtils_ESTest.test095
DateUtils.java,org.apache.commons.lang3.time.DateUtils,org.pitest.mutationtest.engine.gregor.mutators.NullReturnValsMutator,addHours,458,SURVIVED,none
DateUtils.java,org.apache.commons.lang3.time.DateUtils,org.pitest.mutationtest.engine.gregor.mutators.ReturnValsMutator,addHours,458,SURVIVED,none
DateUtils.java,org.apache.commons.lang3.time.DateUtils,org.pitest.mutationtest.engine.gregor.mutators.ArgumentPropagationMutator,addMilliseconds,500,KILLED,org.apache.commons.lang3.time.DateUtils_ESTest.test098
DateUtils.java,org.apache.commons.lang3.time.DateUtils,org.pitest.mutationtest.engine.gregor.mutators.InlineConstantMutator,addMilliseconds,500,SURVIVED,none
DateUtils.java,org.apache.commons.lang3.time.DateUtils,org.pitest.mutationtest.engine.gregor.mutators.NonVoidMethodCallMutator,addMilliseconds,500,KILLED,org.apache.commons.lang3.time.DateUtils_ESTest.test098
DateUtils.java,org.apache.commons.lang3.time.DateUtils,org.pitest.mutationtest.engine.gregor.mutators.NullReturnValsMutator,addMilliseconds,500,SURVIVED,none
DateUtils.java,org.apache.commons.lang3.time.DateUtils,org.pitest.mutationtest.engine.gregor.mutators.ReturnValsMutator,addMilliseconds,500,SURVIVED,none
DateUtils.java,org.apache.commons.lang3.time.DateUtils,org.pitest.mutationtest.engine.gregor.mutators.ArgumentPropagationMutator,addMinutes,472,KILLED,org.apache.commons.lang3.time.DateUtils_ESTest.test090
DateUtils.java,org.apache.commons.lang3.time.DateUtils,org.pitest.mutationtest.engine.gregor.mutators.InlineConstantMutator,addMinutes,472,KILLED,org.apache.commons.lang3.time.DateUtils_ESTest.test090
DateUtils.java,org.apache.commons.lang3.time.DateUtils,org.pitest.mutationtest.engine.gregor.mutators.NonVoidMethodCallMutator,addMinutes,472,KILLED,org.apache.commons.lang3.time.DateUtils_ESTest.test090
DateUtils.java,org.apache.commons.lang3.time.DateUtils,org.pitest.mutationtest.engine.gregor.mutators.NullReturnValsMutator,addMinutes,472,KILLED,org.apache.commons.lang3.time.DateUtils_ESTest.test090
DateUtils.java,org.apache.commons.lang3.time.DateUtils,org.pitest.mutationtest.engine.gregor.mutators.ReturnValsMutator,addMinutes,472,KILLED,org.apache.commons.lang3.time.DateUtils_ESTest.test090
DateUtils.java,org.apache.commons.lang3.time.DateUtils,org.pitest.mutationtest.engine.gregor.mutators.ArgumentPropagationMutator,addMonths,416,SURVIVED,none
DateUtils.java,org.apache.commons.lang3.time.DateUtils,org.pitest.mutationtest.engine.gregor.mutators.InlineConstantMutator,addMonths,416,KILLED,org.apache.commons.lang3.time.DateUtils_ESTest.test083
DateUtils.java,org.apache.commons.lang3.time.DateUtils,org.pitest.mutationtest.engine.gregor.mutators.NonVoidMethodCallMutator,addMonths,416,KILLED,org.apache.commons.lang3.time.DateUtils_ESTest.test083
DateUtils.java,org.apache.commons.lang3.time.DateUtils,org.pitest.mutationtest.engine.gregor.mutators.NullReturnValsMutator,addMonths,416,KILLED,org.apache.commons.lang3.time.DateUtils_ESTest.test083
DateUtils.java,org.apache.commons.lang3.time.DateUtils,org.pitest.mutationtest.engine.gregor.mutators.ReturnValsMutator,addMonths,416,KILLED,org.apache.commons.lang3.time.DateUtils_ESTest.test083
DateUtils.java,org.apache.commons.lang3.time.DateUtils,org.pitest.mutationtest.engine.gregor.mutators.ArgumentPropagationMutator,addSeconds,486,KILLED,org.apache.commons.lang3.time.DateUtils_ESTest.test078
DateUtils.java,org.apache.commons.lang3.time.DateUtils,org.pitest.mutationtest.engine.gregor.mutators.InlineConstantMutator,addSeconds,486,KILLED,org.apache.commons.lang3.time.DateUtils_ESTest.test078
DateUtils.java,org.apache.commons.lang3.time.DateUtils,org.pitest.mutationtest.engine.gregor.mutators.NonVoidMethodCallMutator,addSeconds,486,KILLED,org.apache.commons.lang3.time.DateUtils_ESTest.test078
DateUtils.java,org.apache.commons.lang3.time.DateUtils,org.pitest.mutationtest.engine.gregor.mutators.NullReturnValsMutator,addSeconds,486,KILLED,org.apache.commons.lang3.time.DateUtils_ESTest.test078
DateUtils.java,org.apache.commons.lang3.time.DateUtils,org.pitest.mutationtest.engine.gregor.mutators.ReturnValsMutator,addSeconds,486,KILLED,org.apache.commons.lang3.time.DateUtils_ESTest.test078
DateUtils.java,org.apache.commons.lang3.time.DateUtils,org.pitest.mutationtest.engine.gregor.mutators.ArgumentPropagationMutator,addWeeks,430,KILLED,org.apache.commons.lang3.time.DateUtils_ESTest.test080
DateUtils.java,org.apache.commons.lang3.time.DateUtils,org.pitest.mutationtest.engine.gregor.mutators.InlineConstantMutator,addWeeks,430,SURVIVED,none
DateUtils.java,org.apache.commons.lang3.time.DateUtils,org.pitest.mutationtest.engine.gregor.mutators.NonVoidMethodCallMutator,addWeeks,430,KILLED,org.apache.commons.lang3.time.DateUtils_ESTest.test080
DateUtils.java,org.apache.commons.lang3.time.DateUtils,org.pitest.mutationtest.engine.gregor.mutators.NullReturnValsMutator,addWeeks,430,SURVIVED,none
DateUtils.java,org.apache.commons.lang3.time.DateUtils,org.pitest.mutationtest.engine.gregor.mutators.ReturnValsMutator,addWeeks,430,SURVIVED,none
DateUtils.java,org.apache.commons.lang3.time.DateUtils,org.pitest.mutationtest.engine.gregor.mutators.ArgumentPropagationMutator,addYears,402,SURVIVED,none
DateUtils.java,org.apache.commons.lang3.time.DateUtils,org.pitest.mutationtest.engine.gregor.mutators.InlineConstantMutator,addYears,402,KILLED,org.apache.commons.lang3.time.DateUtils_ESTest.test082
DateUtils.java,org.apache.commons.lang3.time.DateUtils,org.pitest.mutationtest.engine.gregor.mutators.NonVoidMethodCallMutator,addYears,402,KILLED,org.apache.commons.lang3.time.DateUtils_ESTest.test082
DateUtils.java,org.apache.commons.lang3.time.DateUtils,org.pitest.mutationtest.engine.gregor.mutators.NullReturnValsMutator,addYears,402,KILLED,org.apache.commons.lang3.time.DateUtils_ESTest.test082
DateUtils.java,org.apache.commons.lang3.time.DateUtils,org.pitest.mutationtest.engine.gregor.mutators.ReturnValsMutator,addYears,402,KILLED,org.apache.commons.lang3.time.DateUtils_ESTest.test082
DateUtils.java,org.apache.commons.lang3.time.DateUtils,org.pitest.mutationtest.engine.gregor.mutators.ArgumentPropagationMutator,ceiling,945,KILLED,org.apache.commons.lang3.time.DateUtils_ESTest.test031
DateUtils.java,org.apache.commons.lang3.time.DateUtils,org.pitest.mutationtest.engine.gregor.mutators.ArgumentPropagationMutator,ceiling,947,KILLED,org.apache.commons.lang3.time.DateUtils_ESTest.test061
DateUtils.java,org.apache.commons.lang3.time.DateUtils,org.pitest.mutationtest.engine.gregor.mutators.ConstructorCallMutator,ceiling,949,KILLED,org.apache.commons.lang3.time.DateUtils_ESTest.test032
DateUtils.java,org.apache.commons.lang3.time.DateUtils,org.pitest.mutationtest.engine.gregor.mutators.ConstructorCallMutator,ceiling,949,KILLED,org.apache.commons.lang3.time.DateUtils_ESTest.test032
DateUtils.java,org.apache.commons.lang3.time.DateUtils,org.pitest.mutationtest.engine.gregor.mutators.NegateConditionalsMutator,ceiling,941,KILLED,org.apache.commons.lang3.time.DateUtils_ESTest.test032
DateUtils.java,org.apache.commons.lang3.time.DateUtils,org.pitest.mutationtest.engine.gregor.mutators.NegateConditionalsMutator,ceiling,944,KILLED,org.apache.commons.lang3.time.DateUtils_ESTest.test061
DateUtils.java,org.apache.commons.lang3.time.DateUtils,org.pitest.mutationtest.engine.gregor.mutators.NegateConditionalsMutator,ceiling,946,KILLED,org.apache.commons.lang3.time.DateUtils_ESTest.test061
DateUtils.java,org.apache.commons.lang3.time.DateUtils,org.pitest.mutationtest.engine.gregor.mutators.NonVoidMethodCallMutator,ceiling,942,KILLED,org.apache.commons.lang3.time.DateUtils_ESTest.test033
DateUtils.java,org.apache.commons.lang3.time.DateUtils,org.pitest.mutationtest.engine.gregor.mutators.NonVoidMethodCallMutator,ceiling,945,KILLED,org.apache.commons.lang3.time.DateUtils_ESTest.test031
DateUtils.java,org.apache.commons.lang3.time.DateUtils,org.pitest.mutationtest.engine.gregor.mutators.NonVoidMethodCallMutator,ceiling,947,KILLED,org.apache.commons.lang3.time.DateUtils_ESTest.test061
DateUtils.java,org.apache.commons.lang3.time.DateUtils,org.pitest.mutationtest.engine.gregor.mutators.NonVoidMethodCallMutator,ceiling,947,KILLED,org.apache.commons.lang3.time.DateUtils_ESTest.test061
DateUtils.java,org.apache.commons.lang3.time.DateUtils,org.pitest.mutationtest.engine.gregor.mutators.NonVoidMethodCallMutator,ceiling,949,KILLED,org.apache.commons.lang3.time.DateUtils_ESTest.test032
DateUtils.java,org.apache.commons.lang3.time.DateUtils,org.pitest.mutationtest.engine.gregor.mutators.NonVoidMethodCallMutator,ceiling,949,SURVIVED,none
DateUtils.java,org.apache.commons.lang3.time.DateUtils,org.pitest.mutationtest.engine.gregor.mutators.NonVoidMethodCallMutator,ceiling,949,KILLED,org.apache.commons.lang3.time.DateUtils_ESTest.test032
DateUtils.java,org.apache.commons.lang3.time.DateUtils,org.pitest.mutationtest.engine.gregor.mutators.NonVoidMethodCallMutator,ceiling,949,SURVIVED,none
DateUtils.java,org.apache.commons.lang3.time.DateUtils,org.pitest.mutationtest.engine.gregor.mutators.NullReturnValsMutator,ceiling,945,SURVIVED,none
DateUtils.java,org.apache.commons.lang3.time.DateUtils,org.pitest.mutationtest.engine.gregor.mutators.NullReturnValsMutator,ceiling,947,KILLED,org.apache.commons.lang3.time.DateUtils_ESTest.test061
DateUtils.java,org.apache.commons.lang3.time.DateUtils,org.pitest.mutationtest.engine.gregor.mutators.RemoveConditionalMutator_EQUAL_ELSE,ceiling,941,KILLED,org.apache.commons.lang3.time.DateUtils_ESTest.test033
DateUtils.java,org.apache.commons.lang3.time.DateUtils,org.pitest.mutationtest.engine.gregor.mutators.RemoveConditionalMutator_EQUAL_ELSE,ceiling,944,KILLED,org.apache.commons.lang3.time.DateUtils_ESTest.test031
DateUtils.java,org.apache.commons.lang3.time.DateUtils,org.pitest.mutationtest.engine.gregor.mutators.RemoveConditionalMutator_EQUAL_ELSE,ceiling,946,KILLED,org.apache.commons.lang3.time.DateUtils_ESTest.test061
DateUtils.java,org.apache.commons.lang3.time.DateUtils,org.pitest.mutationtest.engine.gregor.mutators.RemoveConditionalMutator_EQUAL_IF,ceiling,941,KILLED,org.apache.commons.lang3.time.DateUtils_ESTest.test032
DateUtils.java,org.apache.commons.lang3.time.DateUtils,org.pitest.mutationtest.engine.gregor.mutators.RemoveConditionalMutator_EQUAL_IF,ceiling,944,KILLED,org.apache.commons.lang3.time.DateUtils_ESTest.test061
DateUtils.java,org.apache.commons.lang3.time.DateUtils,org.pitest.mutationtest.engine.gregor.mutators.RemoveConditionalMutator_EQUAL_IF,ceiling,946,SURVIVED,none
DateUtils.java,org.apache.commons.lang3.time.DateUtils,org.pitest.mutationtest.engine.gregor.mutators.ReturnValsMutator,ceiling,945,SURVIVED,none
DateUtils.java,org.apache.commons.lang3.time.DateUtils,org.pitest.mutationtest.engine.gregor.mutators.ReturnValsMutator,ceiling,947,KILLED,org.apache.commons.lang3.time.DateUtils_ESTest.test061
DateUtils.java,org.apache.commons.lang3.time.DateUtils,org.pitest.mutationtest.engine.gregor.mutators.experimental.NakedReceiverMutator,ceiling,949,SURVIVED,none
DateUtils.java,org.apache.commons.lang3.time.DateUtils,org.pitest.mutationtest.engine.gregor.mutators.experimental.NakedReceiverMutator,ceiling,949,SURVIVED,none
DateUtils.java,org.apache.commons.lang3.time.DateUtils,org.pitest.mutationtest.engine.gregor.mutators.NegateConditionalsMutator,ceiling,915,KILLED,org.apache.commons.lang3.time.DateUtils_ESTest.test034
DateUtils.java,org.apache.commons.lang3.time.DateUtils,org.pitest.mutationtest.engine.gregor.mutators.NonVoidMethodCallMutator,ceiling,916,KILLED,org.apache.commons.lang3.time.DateUtils_ESTest.test034
DateUtils.java,org.apache.commons.lang3.time.DateUtils,org.pitest.mutationtest.engine.gregor.mutators.NonVoidMethodCallMutator,ceiling,918,KILLED,org.apache.commons.lang3.time.DateUtils_ESTest.test030
DateUtils.java,org.apache.commons.lang3.time.DateUtils,org.pitest.mutationtest.engine.gregor.mutators.NullReturnValsMutator,ceiling,920,KILLED,org.apache.commons.lang3.time.DateUtils_ESTest.test030
DateUtils.java,org.apache.commons.lang3.time.DateUtils,org.pitest.mutationtest.engine.gregor.mutators.RemoveConditionalMutator_EQUAL_ELSE,ceiling,915,KILLED,org.apache.commons.lang3.time.DateUtils_ESTest.test034
DateUtils.java,org.apache.commons.lang3.time.DateUtils,org.pitest.mutationtest.engine.gregor.mutators.RemoveConditionalMutator_EQUAL_IF,ceiling,915,KILLED,org.apache.commons.lang3.time.DateUtils_ESTest.test030
DateUtils.java,org.apache.commons.lang3.time.DateUtils,org.pitest.mutationtest.engine.gregor.mutators.ReturnValsMutator,ceiling,920,KILLED,org.apache.commons.lang3.time.DateUtils_ESTest.test030
DateUtils.java,org.apache.commons.lang3.time.DateUtils,org.pitest.mutationtest.engine.gregor.mutators.VoidMethodCallMutator,ceiling,919,KILLED,org.apache.commons.lang3.time.DateUtils_ESTest.test030
DateUtils.java,org.apache.commons.lang3.time.DateUtils,org.pitest.mutationtest.engine.gregor.mutators.NonVoidMethodCallMutator,ceiling,892,KILLED,org.apache.commons.lang3.time.DateUtils_ESTest.test031
DateUtils.java,org.apache.commons.lang3.time.DateUtils,org.pitest.mutationtest.engine.gregor.mutators.NonVoidMethodCallMutator,ceiling,895,SURVIVED,none
DateUtils.java,org.apache.commons.lang3.time.DateUtils,org.pitest.mutationtest.engine.gregor.mutators.NullReturnValsMutator,ceiling,895,SURVIVED,none
DateUtils.java,org.apache.commons.lang3.time.DateUtils,org.pitest.mutationtest.engine.gregor.mutators.ReturnValsMutator,ceiling,895,SURVIVED,none
DateUtils.java,org.apache.commons.lang3.time.DateUtils,org.pitest.mutationtest.engine.gregor.mutators.VoidMethodCallMutator,ceiling,891,SURVIVED,none
DateUtils.java,org.apache.commons.lang3.time.DateUtils,org.pitest.mutationtest.engine.gregor.mutators.VoidMethodCallMutator,ceiling,893,KILLED,org.apache.commons.lang3.time.DateUtils_ESTest.test031
DateUtils.java,org.apache.commons.lang3.time.DateUtils,org.pitest.mutationtest.engine.gregor.mutators.VoidMethodCallMutator,ceiling,894,KILLED,org.apache.commons.lang3.time.DateUtils_ESTest.test031
DateUtils.java,org.apache.commons.lang3.time.DateUtils,org.pitest.mutationtest.engine.gregor.mutators.ArgumentPropagationMutator,getFragment,1680,KILLED,org.apache.commons.lang3.time.DateUtils_ESTest.test088
DateUtils.java,org.apache.commons.lang3.time.DateUtils,org.pitest.mutationtest.engine.gregor.mutators.ArgumentPropagationMutator,getFragment,1680,KILLED,org.apache.commons.lang3.time.DateUtils_ESTest.test088
DateUtils.java,org.apache.commons.lang3.time.DateUtils,org.pitest.mutationtest.engine.gregor.mutators.ArgumentPropagationMutator,getFragment,1683,KILLED,org.apache.commons.lang3.time.DateUtils_ESTest.test074
DateUtils.java,org.apache.commons.lang3.time.DateUtils,org.pitest.mutationtest.engine.gregor.mutators.ArgumentPropagationMutator,getFragment,1683,KILLED,org.apache.commons.lang3.time.DateUtils_ESTest.test074
DateUtils.java,org.apache.commons.lang3.time.DateUtils,org.pitest.mutationtest.engine.gregor.mutators.ArgumentPropagationMutator,getFragment,1697,KILLED,org.apache.commons.lang3.time.DateUtils_ESTest.test074
DateUtils.java,org.apache.commons.lang3.time.DateUtils,org.pitest.mutationtest.engine.gregor.mutators.ArgumentPropagationMutator,getFragment,1697,KILLED,org.apache.commons.lang3.time.DateUtils_ESTest.test074
DateUtils.java,org.apache.commons.lang3.time.DateUtils,org.pitest.mutationtest.engine.gregor.mutators.ArgumentPropagationMutator,getFragment,1700,KILLED,org.apache.commons.lang3.time.DateUtils_ESTest.test074
DateUtils.java,org.apache.commons.lang3.time.DateUtils,org.pitest.mutationtest.engine.gregor.mutators.ArgumentPropagationMutator,getFragment,1700,KILLED,org.apache.commons.lang3.time.DateUtils_ESTest.test075
DateUtils.java,org.apache.commons.lang3.time.DateUtils,org.pitest.mutationtest.engine.gregor.mutators.ArgumentPropagationMutator,getFragment,1703,KILLED,org.apache.commons.lang3.time.DateUtils_ESTest.test088
DateUtils.java,org.apache.commons.lang3.time.DateUtils,org.pitest.mutationtest.engine.gregor.mutators.ArgumentPropagationMutator,getFragment,1703,KILLED,org.apache.commons.lang3.time.DateUtils_ESTest.test074
DateUtils.java,org.apache.commons.lang3.time.DateUtils,org.pitest.mutationtest.engine.gregor.mutators.ArgumentPropagationMutator,getFragment,1706,KILLED,org.apache.commons.lang3.time.DateUtils_ESTest.test088
DateUtils.java,org.apache.commons.lang3.time.DateUtils,org.pitest.mutationtest.engine.gregor.mutators.ArgumentPropagationMutator,getFragment,1706,KILLED,org.apache.commons.lang3.time.DateUtils_ESTest.test075
DateUtils.java,org.apache.commons.lang3.time.DateUtils,org.pitest.mutationtest.engine.gregor.mutators.ConstructorCallMutator,getFragment,1709,KILLED,org.apache.commons.lang3.time.DateUtils_ESTest.test084
DateUtils.java,org.apache.commons.lang3.time.DateUtils,org.pitest.mutationtest.engine.gregor.mutators.ConstructorCallMutator,getFragment,1709,KILLED,org.apache.commons.lang3.time.DateUtils_ESTest.test084
DateUtils.java,org.apache.commons.lang3.time.DateUtils,org.pitest.mutationtest.engine.gregor.mutators.InlineConstantMutator,getFragment,1673,KILLED,org.apache.commons.lang3.time.DateUtils_ESTest.test074
DateUtils.java,org.apache.commons.lang3.time.DateUtils,org.pitest.mutationtest.engine.gregor.mutators.InlineConstantMutator,getFragment,1675,SURVIVED,none
DateUtils.java,org.apache.commons.lang3.time.DateUtils,org.pitest.mutationtest.engine.gregor.mutators.InlineConstantMutator,getFragment,1675,KILLED,org.apache.commons.lang3.time.DateUtils_ESTest.test074
DateUtils.java,org.apache.commons.lang3.time.DateUtils,org.pitest.mutationtest.engine.gregor.mutators.InlineConstantMutator,getFragment,1680,KILLED,org.apache.commons.lang3.time.DateUtils_ESTest.test088
DateUtils.java,org.apache.commons.lang3.time.DateUtils,org.pitest.mutationtest.engine.gregor.mutators.InlineConstantMutator,getFragment,1683,KILLED,org.apache.commons.lang3.time.DateUtils_ESTest.test074
DateUtils.java,org.apache.commons.lang3.time.DateUtils,org.pitest.mutationtest.engine.gregor.mutators.InlineConstantMutator,getFragment,1697,KILLED,org.apache.commons.lang3.time.DateUtils_ESTest.test075
DateUtils.java,org.apache.commons.lang3.time.DateUtils,org.pitest.mutationtest.engine.gregor.mutators.InlineConstantMutator,getFragment,1700,KILLED,org.apache.commons.lang3.time.DateUtils_ESTest.test074
DateUtils.java,org.apache.commons.lang3.time.DateUtils,org.pitest.mutationtest.engine.gregor.mutators.InlineConstantMutator,getFragment,1703,KILLED,org.apache.commons.lang3.time.DateUtils_ESTest.test088
DateUtils.java,org.apache.commons.lang3.time.DateUtils,org.pitest.mutationtest.engine.gregor.mutators.InlineConstantMutator,getFragment,1706,KILLED,org.apache.commons.lang3.time.DateUtils_ESTest.test088
DateUtils.java,org.apache.commons.lang3.time.DateUtils,org.pitest.mutationtest.engine.gregor.mutators.MathMutator,getFragment,1680,KILLED,org.apache.commons.lang3.time.DateUtils_ESTest.test088
DateUtils.java,org.apache.commons.lang3.time.DateUtils,org.pitest.mutationtest.engine.gregor.mutators.MathMutator,getFragment,1680,KILLED,org.apache.commons.lang3.time.DateUtils_ESTest.test088
DateUtils.java,org.apache.commons.lang3.time.DateUtils,org.pitest.mutationtest.engine.gregor.mutators.MathMutator,getFragment,1683,KILLED,org.apache.commons.lang3.time.DateUtils_ESTest.test074
DateUtils.java,org.apache.commons.lang3.time.DateUtils,org.pitest.mutationtest.engine.gregor.mutators.MathMutator,getFragment,1683,KILLED,org.apache.commons.lang3.time.DateUtils_ESTest.test074
DateUtils.java,org.apache.commons.lang3.time.DateUtils,org.pitest.mutationtest.engine.gregor.mutators.MathMutator,getFragment,1697,KILLED,org.apache.commons.lang3.time.DateUtils_ESTest.test074
DateUtils.java,org.apache.commons.lang3.time.DateUtils,org.pitest.mutationtest.engine.gregor.mutators.MathMutator,getFragment,1700,KILLED,org.apache.commons.lang3.time.DateUtils_ESTest.test074
DateUtils.java,org.apache.commons.lang3.time.DateUtils,org.pitest.mutationtest.engine.gregor.mutators.MathMutator,getFragment,1703,KILLED,org.apache.commons.lang3.time.DateUtils_ESTest.test088
DateUtils.java,org.apache.commons.lang3.time.DateUtils,org.pitest.mutationtest.engine.gregor.mutators.MathMutator,getFragment,1706,KILLED,org.apache.commons.lang3.time.DateUtils_ESTest.test088
DateUtils.java,org.apache.commons.lang3.time.DateUtils,org.pitest.mutationtest.engine.gregor.mutators.NegateConditionalsMutator,getFragment,1669,KILLED,org.apache.commons.lang3.time.DateUtils_ESTest.test074
DateUtils.java,org.apache.commons.lang3.time.DateUtils,org.pitest.mutationtest.engine.gregor.mutators.NegateConditionalsMutator,getFragment,1675,KILLED,org.apache.commons.lang3.time.DateUtils_ESTest.test074
DateUtils.java,org.apache.commons.lang3.time.DateUtils,org.pitest.mutationtest.engine.gregor.mutators.NonVoidMethodCallMutator,getFragment,1670,KILLED,org.apache.commons.lang3.time.DateUtils_ESTest.test094
DateUtils.java,org.apache.commons.lang3.time.DateUtils,org.pitest.mutationtest.engine.gregor.mutators.NonVoidMethodCallMutator,getFragment,1680,KILLED,org.apache.commons.lang3.time.DateUtils_ESTest.test088
DateUtils.java,org.apache.commons.lang3.time.DateUtils,org.pitest.mutationtest.engine.gregor.mutators.NonVoidMethodCallMutator,getFragment,1680,KILLED,org.apache.commons.lang3.time.DateUtils_ESTest.test088
DateUtils.java,org.apache.commons.lang3.time.DateUtils,org.pitest.mutationtest.engine.gregor.mutators.NonVoidMethodCallMutator,getFragment,1683,KILLED,org.apache.commons.lang3.time.DateUtils_ESTest.test074
DateUtils.java,org.apache.commons.lang3.time.DateUtils,org.pitest.mutationtest.engine.gregor.mutators.NonVoidMethodCallMutator,getFragment,1683,KILLED,org.apache.commons.lang3.time.DateUtils_ESTest.test074
DateUtils.java,org.apache.commons.lang3.time.DateUtils,org.pitest.mutationtest.engine.gregor.mutators.NonVoidMethodCallMutator,getFragment,1697,KILLED,org.apache.commons.lang3.time.DateUtils_ESTest.test074
DateUtils.java,org.apache.commons.lang3.time.DateUtils,org.pitest.mutationtest.engine.gregor.mutators.NonVoidMethodCallMutator,getFragment,1697,KILLED,org.apache.commons.lang3.time.DateUtils_ESTest.test074
DateUtils.java,org.apache.commons.lang3.time.DateUtils,org.pitest.mutationtest.engine.gregor.mutators.NonVoidMethodCallMutator,getFragment,1700,KILLED,org.apache.commons.lang3.time.DateUtils_ESTest.test074
DateUtils.java,org.apache.commons.lang3.time.DateUtils,org.pitest.mutationtest.engine.gregor.mutators.NonVoidMethodCallMutator,getFragment,1700,KILLED,org.apache.commons.lang3.time.DateUtils_ESTest.test074
DateUtils.java,org.apache.commons.lang3.time.DateUtils,org.pitest.mutationtest.engine.gregor.mutators.NonVoidMethodCallMutator,getFragment,1703,KILLED,org.apache.commons.lang3.time.DateUtils_ESTest.test088
DateUtils.java,org.apache.commons.lang3.time.DateUtils,org.pitest.mutationtest.engine.gregor.mutators.NonVoidMethodCallMutator,getFragment,1703,KILLED,org.apache.commons.lang3.time.DateUtils_ESTest.test088
DateUtils.java,org.apache.commons.lang3.time.DateUtils,org.pitest.mutationtest.engine.gregor.mutators.NonVoidMethodCallMutator,getFragment,1706,KILLED,org.apache.commons.lang3.time.DateUtils_ESTest.test088
DateUtils.java,org.apache.commons.lang3.time.DateUtils,org.pitest.mutationtest.engine.gregor.mutators.NonVoidMethodCallMutator,getFragment,1706,KILLED,org.apache.commons.lang3.time.DateUtils_ESTest.test088
DateUtils.java,org.apache.commons.lang3.time.DateUtils,org.pitest.mutationtest.engine.gregor.mutators.NonVoidMethodCallMutator,getFragment,1709,KILLED,org.apache.commons.lang3.time.DateUtils_ESTest.test084
DateUtils.java,org.apache.commons.lang3.time.DateUtils,org.pitest.mutationtest.engine.gregor.mutators.NonVoidMethodCallMutator,getFragment,1709,KILLED,org.apache.commons.lang3.time.DateUtils_ESTest.test084
DateUtils.java,org.apache.commons.lang3.time.DateUtils,org.pitest.mutationtest.engine.gregor.mutators.NonVoidMethodCallMutator,getFragment,1709,KILLED,org.apache.commons.lang3.time.DateUtils_ESTest.test084
DateUtils.java,org.apache.commons.lang3.time.DateUtils,org.pitest.mutationtest.engine.gregor.mutators.NonVoidMethodCallMutator,getFragment,1709,SURVIVED,none
DateUtils.java,org.apache.commons.lang3.time.DateUtils,org.pitest.mutationtest.engine.gregor.mutators.PrimitiveReturnsMutator,getFragment,1711,KILLED,org.apache.commons.lang3.time.DateUtils_ESTest.test074
DateUtils.java,org.apache.commons.lang3.time.DateUtils,org.pitest.mutationtest.engine.gregor.mutators.RemoveConditionalMutator_EQUAL_ELSE,getFragment,1669,SURVIVED,none
DateUtils.java,org.apache.commons.lang3.time.DateUtils,org.pitest.mutationtest.engine.gregor.mutators.RemoveConditionalMutator_EQUAL_ELSE,getFragment,1675,SURVIVED,none
DateUtils.java,org.apache.commons.lang3.time.DateUtils,org.pitest.mutationtest.engine.gregor.mutators.RemoveConditionalMutator_EQUAL_IF,getFragment,1669,KILLED,org.apache.commons.lang3.time.DateUtils_ESTest.test074
DateUtils.java,org.apache.commons.lang3.time.DateUtils,org.pitest.mutationtest.engine.gregor.mutators.RemoveConditionalMutator_EQUAL_IF,getFragment,1675,KILLED,org.apache.commons.lang3.time.DateUtils_ESTest.test074
DateUtils.java,org.apache.commons.lang3.time.DateUtils,org.pitest.mutationtest.engine.gregor.mutators.ReturnValsMutator,getFragment,1711,KILLED,org.apache.commons.lang3.time.DateUtils_ESTest.test074
DateUtils.java,org.apache.commons.lang3.time.DateUtils,org.pitest.mutationtest.engine.gregor.mutators.experimental.NakedReceiverMutator,getFragment,1709,SURVIVED,none
DateUtils.java,org.apache.commons.lang3.time.DateUtils,org.pitest.mutationtest.engine.gregor.mutators.experimental.NakedReceiverMutator,getFragment,1709,SURVIVED,none
DateUtils.java,org.apache.commons.lang3.time.DateUtils,org.pitest.mutationtest.engine.gregor.mutators.experimental.NakedReceiverMutator,getFragment,1709,SURVIVED,none
DateUtils.java,org.apache.commons.lang3.time.DateUtils,org.pitest.mutationtest.engine.gregor.mutators.experimental.RemoveSwitchMutator_0,getFragment,1678,KILLED,org.apache.commons.lang3.time.DateUtils_ESTest.test088
DateUtils.java,org.apache.commons.lang3.time.DateUtils,org.pitest.mutationtest.engine.gregor.mutators.experimental.RemoveSwitchMutator_0,getFragment,1689,KILLED,org.apache.commons.lang3.time.DateUtils_ESTest.test088
DateUtils.java,org.apache.commons.lang3.time.DateUtils,org.pitest.mutationtest.engine.gregor.mutators.experimental.RemoveSwitchMutator_1,getFragment,1678,KILLED,org.apache.commons.lang3.time.DateUtils_ESTest.test074
DateUtils.java,org.apache.commons.lang3.time.DateUtils,org.pitest.mutationtest.engine.gregor.mutators.experimental.RemoveSwitchMutator_1,getFragment,1689,KILLED,org.apache.commons.lang3.time.DateUtils_ESTest.test074
DateUtils.java,org.apache.commons.lang3.time.DateUtils,org.pitest.mutationtest.engine.gregor.mutators.experimental.RemoveSwitchMutator_10,getFragment,1689,KILLED,org.apache.commons.lang3.time.DateUtils_ESTest.test081
DateUtils.java,org.apache.commons.lang3.time.DateUtils,org.pitest.mutationtest.engine.gregor.mutators.experimental.RemoveSwitchMutator_11,getFragment,1689,KILLED,org.apache.commons.lang3.time.DateUtils_ESTest.test006
DateUtils.java,org.apache.commons.lang3.time.DateUtils,org.pitest.mutationtest.engine.gregor.mutators.experimental.RemoveSwitchMutator_12,getFragment,1689,KILLED,org.apache.commons.lang3.time.DateUtils_ESTest.test005
DateUtils.java,org.apache.commons.lang3.time.DateUtils,org.pitest.mutationtest.engine.gregor.mutators.experimental.RemoveSwitchMutator_13,getFragment,1689,KILLED,org.apache.commons.lang3.time.DateUtils_ESTest.test004
DateUtils.java,org.apache.commons.lang3.time.DateUtils,org.pitest.mutationtest.engine.gregor.mutators.experimental.RemoveSwitchMutator_2,getFragment,1689,SURVIVED,none
DateUtils.java,org.apache.commons.lang3.time.DateUtils,org.pitest.mutationtest.engine.gregor.mutators.experimental.RemoveSwitchMutator_3,getFragment,1689,SURVIVED,none
DateUtils.java,org.apache.commons.lang3.time.DateUtils,org.pitest.mutationtest.engine.gregor.mutators.experimental.RemoveSwitchMutator_4,getFragment,1689,KILLED,org.apache.commons.lang3.time.DateUtils_ESTest.test011
DateUtils.java,org.apache.commons.lang3.time.DateUtils,org.pitest.mutationtest.engine.gregor.mutators.experimental.RemoveSwitchMutator_5,getFragment,1689,KILLED,org.apache.commons.lang3.time.DateUtils_ESTest.test075
DateUtils.java,org.apache.commons.lang3.time.DateUtils,org.pitest.mutationtest.engine.gregor.mutators.experimental.RemoveSwitchMutator_6,getFragment,1689,SURVIVED,none
DateUtils.java,org.apache.commons.lang3.time.DateUtils,org.pitest.mutationtest.engine.gregor.mutators.experimental.RemoveSwitchMutator_7,getFragment,1689,SURVIVED,none
DateUtils.java,org.apache.commons.lang3.time.DateUtils,org.pitest.mutationtest.engine.gregor.mutators.experimental.RemoveSwitchMutator_8,getFragment,1689,SURVIVED,none
DateUtils.java,org.apache.commons.lang3.time.DateUtils,org.pitest.mutationtest.engine.gregor.mutators.experimental.RemoveSwitchMutator_9,getFragment,1689,SURVIVED,none
DateUtils.java,org.apache.commons.lang3.time.DateUtils,org.pitest.mutationtest.engine.gregor.mutators.experimental.SwitchMutator,getFragment,1678,KILLED,org.apache.commons.lang3.time.DateUtils_ESTest.test074
DateUtils.java,org.apache.commons.lang3.time.DateUtils,org.pitest.mutationtest.engine.gregor.mutators.experimental.SwitchMutator,getFragment,1689,KILLED,org.apache.commons.lang3.time.DateUtils_ESTest.test074
DateUtils.java,org.apache.commons.lang3.time.DateUtils,org.pitest.mutationtest.engine.gregor.mutators.NonVoidMethodCallMutator,getFragment,1652,KILLED,org.apache.commons.lang3.time.DateUtils_ESTest.test084
DateUtils.java,org.apache.commons.lang3.time.DateUtils,org.pitest.mutationtest.engine.gregor.mutators.NonVoidMethodCallMutator,getFragment,1654,KILLED,org.apache.commons.lang3.time.DateUtils_ESTest.test084
DateUtils.java,org.apache.commons.lang3.time.DateUtils,org.pitest.mutationtest.engine.gregor.mutators.PrimitiveReturnsMutator,getFragment,1654,KILLED,org.apache.commons.lang3.time.DateUtils_ESTest.test093
DateUtils.java,org.apache.commons.lang3.time.DateUtils,org.pitest.mutationtest.engine.gregor.mutators.ReturnValsMutator,getFragment,1654,KILLED,org.apache.commons.lang3.time.DateUtils_ESTest.test081
DateUtils.java,org.apache.commons.lang3.time.DateUtils,org.pitest.mutationtest.engine.gregor.mutators.VoidMethodCallMutator,getFragment,1651,KILLED,org.apache.commons.lang3.time.DateUtils_ESTest.test089
DateUtils.java,org.apache.commons.lang3.time.DateUtils,org.pitest.mutationtest.engine.gregor.mutators.VoidMethodCallMutator,getFragment,1653,KILLED,org.apache.commons.lang3.time.DateUtils_ESTest.test081
DateUtils.java,org.apache.commons.lang3.time.DateUtils,org.pitest.mutationtest.engine.gregor.mutators.NonVoidMethodCallMutator,getFragmentInDays,1636,KILLED,org.apache.commons.lang3.time.DateUtils_ESTest.test085
DateUtils.java,org.apache.commons.lang3.time.DateUtils,org.pitest.mutationtest.engine.gregor.mutators.PrimitiveReturnsMutator,getFragmentInDays,1636,SURVIVED,none
DateUtils.java,org.apache.commons.lang3.time.DateUtils,org.pitest.mutationtest.engine.gregor.mutators.ReturnValsMutator,getFragmentInDays,1636,SURVIVED,none
DateUtils.java,org.apache.commons.lang3.time.DateUtils,org.pitest.mutationtest.engine.gregor.mutators.NonVoidMethodCallMutator,getFragmentInDays,1445,KILLED,org.apache.commons.lang3.time.DateUtils_ESTest.test084
DateUtils.java,org.apache.commons.lang3.time.DateUtils,org.pitest.mutationtest.engine.gregor.mutators.PrimitiveReturnsMutator,getFragmentInDays,1445,SURVIVED,none
DateUtils.java,org.apache.commons.lang3.time.DateUtils,org.pitest.mutationtest.engine.gregor.mutators.ReturnValsMutator,getFragmentInDays,1445,SURVIVED,none
DateUtils.java,org.apache.commons.lang3.time.DateUtils,org.pitest.mutationtest.engine.gregor.mutators.NonVoidMethodCallMutator,getFragmentInHours,1596,KILLED,org.apache.commons.lang3.time.DateUtils_ESTest.test075
DateUtils.java,org.apache.commons.lang3.time.DateUtils,org.pitest.mutationtest.engine.gregor.mutators.PrimitiveReturnsMutator,getFragmentInHours,1596,KILLED,org.apache.commons.lang3.time.DateUtils_ESTest.test075
DateUtils.java,org.apache.commons.lang3.time.DateUtils,org.pitest.mutationtest.engine.gregor.mutators.ReturnValsMutator,getFragmentInHours,1596,KILLED,org.apache.commons.lang3.time.DateUtils_ESTest.test075
DateUtils.java,org.apache.commons.lang3.time.DateUtils,org.pitest.mutationtest.engine.gregor.mutators.NonVoidMethodCallMutator,getFragmentInHours,1407,KILLED,org.apache.commons.lang3.time.DateUtils_ESTest.test097
DateUtils.java,org.apache.commons.lang3.time.DateUtils,org.pitest.mutationtest.engine.gregor.mutators.PrimitiveReturnsMutator,getFragmentInHours,1407,SURVIVED,none
DateUtils.java,org.apache.commons.lang3.time.DateUtils,org.pitest.mutationtest.engine.gregor.mutators.ReturnValsMutator,getFragmentInHours,1407,SURVIVED,none
DateUtils.java,org.apache.commons.lang3.time.DateUtils,org.pitest.mutationtest.engine.gregor.mutators.NonVoidMethodCallMutator,getFragmentInMilliseconds,1483,KILLED,org.apache.commons.lang3.time.DateUtils_ESTest.test088
DateUtils.java,org.apache.commons.lang3.time.DateUtils,org.pitest.mutationtest.engine.gregor.mutators.PrimitiveReturnsMutator,getFragmentInMilliseconds,1483,KILLED,org.apache.commons.lang3.time.DateUtils_ESTest.test088
DateUtils.java,org.apache.commons.lang3.time.DateUtils,org.pitest.mutationtest.engine.gregor.mutators.ReturnValsMutator,getFragmentInMilliseconds,1483,KILLED,org.apache.commons.lang3.time.DateUtils_ESTest.test088
DateUtils.java,org.apache.commons.lang3.time.DateUtils,org.pitest.mutationtest.engine.gregor.mutators.NonVoidMethodCallMutator,getFragmentInMilliseconds,1293,KILLED,org.apache.commons.lang3.time.DateUtils_ESTest.test093
DateUtils.java,org.apache.commons.lang3.time.DateUtils,org.pitest.mutationtest.engine.gregor.mutators.PrimitiveReturnsMutator,getFragmentInMilliseconds,1293,KILLED,org.apache.commons.lang3.time.DateUtils_ESTest.test093
DateUtils.java,org.apache.commons.lang3.time.DateUtils,org.pitest.mutationtest.engine.gregor.mutators.ReturnValsMutator,getFragmentInMilliseconds,1293,KILLED,org.apache.commons.lang3.time.DateUtils_ESTest.test093
DateUtils.java,org.apache.commons.lang3.time.DateUtils,org.pitest.mutationtest.engine.gregor.mutators.NonVoidMethodCallMutator,getFragmentInMinutes,1558,KILLED,org.apache.commons.lang3.time.DateUtils_ESTest.test074
DateUtils.java,org.apache.commons.lang3.time.DateUtils,org.pitest.mutationtest.engine.gregor.mutators.PrimitiveReturnsMutator,getFragmentInMinutes,1558,KILLED,org.apache.commons.lang3.time.DateUtils_ESTest.test074
DateUtils.java,org.apache.commons.lang3.time.DateUtils,org.pitest.mutationtest.engine.gregor.mutators.ReturnValsMutator,getFragmentInMinutes,1558,KILLED,org.apache.commons.lang3.time.DateUtils_ESTest.test074
DateUtils.java,org.apache.commons.lang3.time.DateUtils,org.pitest.mutationtest.engine.gregor.mutators.NonVoidMethodCallMutator,getFragmentInMinutes,1369,KILLED,org.apache.commons.lang3.time.DateUtils_ESTest.test008
DateUtils.java,org.apache.commons.lang3.time.DateUtils,org.pitest.mutationtest.engine.gregor.mutators.PrimitiveReturnsMutator,getFragmentInMinutes,1369,SURVIVED,none
DateUtils.java,org.apache.commons.lang3.time.DateUtils,org.pitest.mutationtest.engine.gregor.mutators.ReturnValsMutator,getFragmentInMinutes,1369,KILLED,org.apache.commons.lang3.time.DateUtils_ESTest.test081
DateUtils.java,org.apache.commons.lang3.time.DateUtils,org.pitest.mutationtest.engine.gregor.mutators.NonVoidMethodCallMutator,getFragmentInSeconds,1520,KILLED,org.apache.commons.lang3.time.DateUtils_ESTest.test094
DateUtils.java,org.apache.commons.lang3.time.DateUtils,org.pitest.mutationtest.engine.gregor.mutators.PrimitiveReturnsMutator,getFragmentInSeconds,1520,SURVIVED,none
DateUtils.java,org.apache.commons.lang3.time.DateUtils,org.pitest.mutationtest.engine.gregor.mutators.ReturnValsMutator,getFragmentInSeconds,1520,SURVIVED,none
DateUtils.java,org.apache.commons.lang3.time.DateUtils,org.pitest.mutationtest.engine.gregor.mutators.NonVoidMethodCallMutator,getFragmentInSeconds,1331,KILLED,org.apache.commons.lang3.time.DateUtils_ESTest.test089
DateUtils.java,org.apache.commons.lang3.time.DateUtils,org.pitest.mutationtest.engine.gregor.mutators.PrimitiveReturnsMutator,getFragmentInSeconds,1331,SURVIVED,none
DateUtils.java,org.apache.commons.lang3.time.DateUtils,org.pitest.mutationtest.engine.gregor.mutators.ReturnValsMutator,getFragmentInSeconds,1331,SURVIVED,none
DateUtils.java,org.apache.commons.lang3.time.DateUtils,org.pitest.mutationtest.engine.gregor.mutators.ArgumentPropagationMutator,isSameDay,194,KILLED,org.apache.commons.lang3.time.DateUtils_ESTest.test064
DateUtils.java,org.apache.commons.lang3.time.DateUtils,org.pitest.mutationtest.engine.gregor.mutators.ArgumentPropagationMutator,isSameDay,194,KILLED,org.apache.commons.lang3.time.DateUtils_ESTest.test069
DateUtils.java,org.apache.commons.lang3.time.DateUtils,org.pitest.mutationtest.engine.gregor.mutators.ArgumentPropagationMutator,isSameDay,195,KILLED,org.apache.commons.lang3.time.DateUtils_ESTest.test069
DateUtils.java,org.apache.commons.lang3.time.DateUtils,org.pitest.mutationtest.engine.gregor.mutators.ArgumentPropagationMutator,isSameDay,195,KILLED,org.apache.commons.lang3.time.DateUtils_ESTest.test069
DateUtils.java,org.apache.commons.lang3.time.DateUtils,org.pitest.mutationtest.engine.gregor.mutators.ArgumentPropagationMutator,isSameDay,196,KILLED,org.apache.commons.lang3.time.DateUtils_ESTest.test069
DateUtils.java,org.apache.commons.lang3.time.DateUtils,org.pitest.mutationtest.engine.gregor.mutators.ArgumentPropagationMutator,isSameDay,196,KILLED,org.apache.commons.lang3.time.DateUtils_ESTest.test069
DateUtils.java,org.apache.commons.lang3.time.DateUtils,org.pitest.mutationtest.engine.gregor.mutators.BooleanTrueReturnValsMutator,isSameDay,194,KILLED,org.apache.commons.lang3.time.DateUtils_ESTest.test065
DateUtils.java,org.apache.commons.lang3.time.DateUtils,org.pitest.mutationtest.engine.gregor.mutators.InlineConstantMutator,isSameDay,194,KILLED,org.apache.commons.lang3.time.DateUtils_ESTest.test069
DateUtils.java,org.apache.commons.lang3.time.DateUtils,org.pitest.mutationtest.engine.gregor.mutators.InlineConstantMutator,isSameDay,194,KILLED,org.apache.commons.lang3.time.DateUtils_ESTest.test069
DateUtils.java,org.apache.commons.lang3.time.DateUtils,org.pitest.mutationtest.engine.gregor.mutators.InlineConstantMutator,isSameDay,194,KILLED,org.apache.commons.lang3.time.DateUtils_ESTest.test069
DateUtils.java,org.apache.commons.lang3.time.DateUtils,org.pitest.mutationtest.engine.gregor.mutators.InlineConstantMutator,isSameDay,195,KILLED,org.apache.commons.lang3.time.DateUtils_ESTest.test069
DateUtils.java,org.apache.commons.lang3.time.DateUtils,org.pitest.mutationtest.engine.gregor.mutators.InlineConstantMutator,isSameDay,195,KILLED,org.apache.commons.lang3.time.DateUtils_ESTest.test069
DateUtils.java,org.apache.commons.lang3.time.DateUtils,org.pitest.mutationtest.engine.gregor.mutators.InlineConstantMutator,isSameDay,196,KILLED,org.apache.commons.lang3.time.DateUtils_ESTest.test069
DateUtils.java,org.apache.commons.lang3.time.DateUtils,org.pitest.mutationtest.engine.gregor.mutators.InlineConstantMutator,isSameDay,196,KILLED,org.apache.commons.lang3.time.DateUtils_ESTest.test069
DateUtils.java,org.apache.commons.lang3.time.DateUtils,org.pitest.mutationtest.engine.gregor.mutators.InlineConstantMutator,isSameDay,196,KILLED,org.apache.commons.lang3.time.DateUtils_ESTest.test065
DateUtils.java,org.apache.commons.lang3.time.DateUtils,org.pitest.mutationtest.engine.gregor.mutators.NegateConditionalsMutator,isSameDay,191,KILLED,org.apache.commons.lang3.time.DateUtils_ESTest.test065
DateUtils.java,org.apache.commons.lang3.time.DateUtils,org.pitest.mutationtest.engine.gregor.mutators.NegateConditionalsMutator,isSameDay,191,KILLED,org.apache.commons.lang3.time.DateUtils_ESTest.test066
DateUtils.java,org.apache.commons.lang3.time.DateUtils,org.pitest.mutationtest.engine.gregor.mutators.NegateConditionalsMutator,isSameDay,194,KILLED,org.apache.commons.lang3.time.DateUtils_ESTest.test069
DateUtils.java,org.apache.commons.lang3.time.DateUtils,org.pitest.mutationtest.engine.gregor.mutators.NegateConditionalsMutator,isSameDay,195,KILLED,org.apache.commons.lang3.time.DateUtils_ESTest.test069
DateUtils.java,org.apache.commons.lang3.time.DateUtils,org.pitest.mutationtest.engine.gregor.mutators.NegateConditionalsMutator,isSameDay,196,KILLED,org.apache.commons.lang3.time.DateUtils_ESTest.test069
DateUtils.java,org.apache.commons.lang3.time.DateUtils,org.pitest.mutationtest.engine.gregor.mutators.NonVoidMethodCallMutator,isSameDay,192,KILLED,org.apache.commons.lang3.time.DateUtils_ESTest.test066
DateUtils.java,org.apache.commons.lang3.time.DateUtils,org.pitest.mutationtest.engine.gregor.mutators.NonVoidMethodCallMutator,isSameDay,194,KILLED,org.apache.commons.lang3.time.DateUtils_ESTest.test064
DateUtils.java,org.apache.commons.lang3.time.DateUtils,org.pitest.mutationtest.engine.gregor.mutators.NonVoidMethodCallMutator,isSameDay,194,KILLED,org.apache.commons.lang3.time.DateUtils_ESTest.test069
DateUtils.java,org.apache.commons.lang3.time.DateUtils,org.pitest.mutationtest.engine.gregor.mutators.NonVoidMethodCallMutator,isSameDay,195,KILLED,org.apache.commons.lang3.time.DateUtils_ESTest.test069
DateUtils.java,org.apache.commons.lang3.time.DateUtils,org.pitest.mutationtest.engine.gregor.mutators.NonVoidMethodCallMutator,isSameDay,195,KILLED,org.apache.commons.lang3.time.DateUtils_ESTest.test069
DateUtils.java,org.apache.commons.lang3.time.DateUtils,org.pitest.mutationtest.engine.gregor.mutators.NonVoidMethodCallMutator,isSameDay,196,KILLED,org.apache.commons.lang3.time.DateUtils_ESTest.test069
DateUtils.java,org.apache.commons.lang3.time.DateUtils,org.pitest.mutationtest.engine.gregor.mutators.NonVoidMethodCallMutator,isSameDay,196,KILLED,org.apache.commons.lang3.time.DateUtils_ESTest.test069
DateUtils.java,org.apache.commons.lang3.time.DateUtils,org.pitest.mutationtest.engine.gregor.mutators.RemoveConditionalMutator_EQUAL_ELSE,isSameDay,191,KILLED,org.apache.commons.lang3.time.DateUtils_ESTest.test065
DateUtils.java,org.apache.commons.lang3.time.DateUtils,org.pitest.mutationtest.engine.gregor.mutators.RemoveConditionalMutator_EQUAL_ELSE,isSameDay,191,KILLED,org.apache.commons.lang3.time.DateUtils_ESTest.test066
DateUtils.java,org.apache.commons.lang3.time.DateUtils,org.pitest.mutationtest.engine.gregor.mutators.RemoveConditionalMutator_EQUAL_ELSE,isSameDay,194,KILLED,org.apache.commons.lang3.time.DateUtils_ESTest.test069
DateUtils.java,org.apache.commons.lang3.time.DateUtils,org.pitest.mutationtest.engine.gregor.mutators.RemoveConditionalMutator_EQUAL_ELSE,isSameDay,195,KILLED,org.apache.commons.lang3.time.DateUtils_ESTest.test069
DateUtils.java,org.apache.commons.lang3.time.DateUtils,org.pitest.mutationtest.engine.gregor.mutators.RemoveConditionalMutator_EQUAL_ELSE,isSameDay,196,KILLED,org.apache.commons.lang3.time.DateUtils_ESTest.test069
DateUtils.java,org.apache.commons.lang3.time.DateUtils,org.pitest.mutationtest.engine.gregor.mutators.RemoveConditionalMutator_EQUAL_IF,isSameDay,191,SURVIVED,none
DateUtils.java,org.apache.commons.lang3.time.DateUtils,org.pitest.mutationtest.engine.gregor.mutators.RemoveConditionalMutator_EQUAL_IF,isSameDay,191,KILLED,org.apache.commons.lang3.time.DateUtils_ESTest.test065
DateUtils.java,org.apache.commons.lang3.time.DateUtils,org.pitest.mutationtest.engine.gregor.mutators.RemoveConditionalMutator_EQUAL_IF,isSameDay,194,SURVIVED,none
DateUtils.java,org.apache.commons.lang3.time.DateUtils,org.pitest.mutationtest.engine.gregor.mutators.RemoveConditionalMutator_EQUAL_IF,isSameDay,195,SURVIVED,none
DateUtils.java,org.apache.commons.lang3.time.DateUtils,org.pitest.mutationtest.engine.gregor.mutators.RemoveConditionalMutator_EQUAL_IF,isSameDay,196,KILLED,org.apache.commons.lang3.time.DateUtils_ESTest.test063
DateUtils.java,org.apache.commons.lang3.time.DateUtils,org.pitest.mutationtest.engine.gregor.mutators.ReturnValsMutator,isSameDay,194,KILLED,org.apache.commons.lang3.time.DateUtils_ESTest.test065
DateUtils.java,org.apache.commons.lang3.time.DateUtils,org.pitest.mutationtest.engine.gregor.mutators.BooleanFalseReturnValsMutator,isSameDay,174,KILLED,org.apache.commons.lang3.time.DateUtils_ESTest.test069
DateUtils.java,org.apache.commons.lang3.time.DateUtils,org.pitest.mutationtest.engine.gregor.mutators.BooleanTrueReturnValsMutator,isSameDay,174,SURVIVED,none
DateUtils.java,org.apache.commons.lang3.time.DateUtils,org.pitest.mutationtest.engine.gregor.mutators.NegateConditionalsMutator,isSameDay,167,KILLED,org.apache.commons.lang3.time.DateUtils_ESTest.test069
DateUtils.java,org.apache.commons.lang3.time.DateUtils,org.pitest.mutationtest.engine.gregor.mutators.NegateConditionalsMutator,isSameDay,167,KILLED,org.apache.commons.lang3.time.DateUtils_ESTest.test068
DateUtils.java,org.apache.commons.lang3.time.DateUtils,org.pitest.mutationtest.engine.gregor.mutators.NonVoidMethodCallMutator,isSameDay,168,KILLED,org.apache.commons.lang3.time.DateUtils_ESTest.test070
DateUtils.java,org.apache.commons.lang3.time.DateUtils,org.pitest.mutationtest.engine.gregor.mutators.NonVoidMethodCallMutator,isSameDay,170,KILLED,org.apache.commons.lang3.time.DateUtils_ESTest.test069
DateUtils.java,org.apache.commons.lang3.time.DateUtils,org.pitest.mutationtest.engine.gregor.mutators.NonVoidMethodCallMutator,isSameDay,172,KILLED,org.apache.commons.lang3.time.DateUtils_ESTest.test069
DateUtils.java,org.apache.commons.lang3.time.DateUtils,org.pitest.mutationtest.engine.gregor.mutators.NonVoidMethodCallMutator,isSameDay,174,KILLED,org.apache.commons.lang3.time.DateUtils_ESTest.test069
DateUtils.java,org.apache.commons.lang3.time.DateUtils,org.pitest.mutationtest.engine.gregor.mutators.RemoveConditionalMutator_EQUAL_ELSE,isSameDay,167,KILLED,org.apache.commons.lang3.time.DateUtils_ESTest.test069
DateUtils.java,org.apache.commons.lang3.time.DateUtils,org.pitest.mutationtest.engine.gregor.mutators.RemoveConditionalMutator_EQUAL_ELSE,isSameDay,167,KILLED,org.apache.commons.lang3.time.DateUtils_ESTest.test068
DateUtils.java,org.apache.commons.lang3.time.DateUtils,org.pitest.mutationtest.engine.gregor.mutators.RemoveConditionalMutator_EQUAL_IF,isSameDay,167,SURVIVED,none
DateUtils.java,org.apache.commons.lang3.time.DateUtils,org.pitest.mutationtest.engine.gregor.mutators.RemoveConditionalMutator_EQUAL_IF,isSameDay,167,KILLED,org.apache.commons.lang3.time.DateUtils_ESTest.test069
DateUtils.java,org.apache.commons.lang3.time.DateUtils,org.pitest.mutationtest.engine.gregor.mutators.ReturnValsMutator,isSameDay,174,KILLED,org.apache.commons.lang3.time.DateUtils_ESTest.test069
DateUtils.java,org.apache.commons.lang3.time.DateUtils,org.pitest.mutationtest.engine.gregor.mutators.VoidMethodCallMutator,isSameDay,171,KILLED,org.apache.commons.lang3.time.DateUtils_ESTest.test069
DateUtils.java,org.apache.commons.lang3.time.DateUtils,org.pitest.mutationtest.engine.gregor.mutators.VoidMethodCallMutator,isSameDay,173,KILLED,org.apache.commons.lang3.time.DateUtils_ESTest.test069
DateUtils.java,org.apache.commons.lang3.time.DateUtils,org.pitest.mutationtest.engine.gregor.mutators.BooleanTrueReturnValsMutator,isSameInstant,233,KILLED,org.apache.commons.lang3.time.DateUtils_ESTest.test055
DateUtils.java,org.apache.commons.lang3.time.DateUtils,org.pitest.mutationtest.engine.gregor.mutators.InlineConstantMutator,isSameInstant,233,KILLED,org.apache.commons.lang3.time.DateUtils_ESTest.test056
DateUtils.java,org.apache.commons.lang3.time.DateUtils,org.pitest.mutationtest.engine.gregor.mutators.InlineConstantMutator,isSameInstant,233,KILLED,org.apache.commons.lang3.time.DateUtils_ESTest.test055
DateUtils.java,org.apache.commons.lang3.time.DateUtils,org.pitest.mutationtest.engine.gregor.mutators.NegateConditionalsMutator,isSameInstant,230,KILLED,org.apache.commons.lang3.time.DateUtils_ESTest.test056
DateUtils.java,org.apache.commons.lang3.time.DateUtils,org.pitest.mutationtest.engine.gregor.mutators.NegateConditionalsMutator,isSameInstant,230,KILLED,org.apache.commons.lang3.time.DateUtils_ESTest.test056
DateUtils.java,org.apache.commons.lang3.time.DateUtils,org.pitest.mutationtest.engine.gregor.mutators.NegateConditionalsMutator,isSameInstant,233,KILLED,org.apache.commons.lang3.time.DateUtils_ESTest.test056
DateUtils.java,org.apache.commons.lang3.time.DateUtils,org.pitest.mutationtest.engine.gregor.mutators.NonVoidMethodCallMutator,isSameInstant,231,KILLED,org.apache.commons.lang3.time.DateUtils_ESTest.test058
DateUtils.java,org.apache.commons.lang3.time.DateUtils,org.pitest.mutationtest.engine.gregor.mutators.NonVoidMethodCallMutator,isSameInstant,233,KILLED,org.apache.commons.lang3.time.DateUtils_ESTest.test056
DateUtils.java,org.apache.commons.lang3.time.DateUtils,org.pitest.mutationtest.engine.gregor.mutators.NonVoidMethodCallMutator,isSameInstant,233,KILLED,org.apache.commons.lang3.time.DateUtils_ESTest.test056
DateUtils.java,org.apache.commons.lang3.time.DateUtils,org.pitest.mutationtest.engine.gregor.mutators.NonVoidMethodCallMutator,isSameInstant,233,KILLED,org.apache.commons.lang3.time.DateUtils_ESTest.test056
DateUtils.java,org.apache.commons.lang3.time.DateUtils,org.pitest.mutationtest.engine.gregor.mutators.NonVoidMethodCallMutator,isSameInstant,233,KILLED,org.apache.commons.lang3.time.DateUtils_ESTest.test056
DateUtils.java,org.apache.commons.lang3.time.DateUtils,org.pitest.mutationtest.engine.gregor.mutators.RemoveConditionalMutator_EQUAL_ELSE,isSameInstant,230,KILLED,org.apache.commons.lang3.time.DateUtils_ESTest.test056
DateUtils.java,org.apache.commons.lang3.time.DateUtils,org.pitest.mutationtest.engine.gregor.mutators.RemoveConditionalMutator_EQUAL_ELSE,isSameInstant,230,KILLED,org.apache.commons.lang3.time.DateUtils_ESTest.test057
DateUtils.java,org.apache.commons.lang3.time.DateUtils,org.pitest.mutationtest.engine.gregor.mutators.RemoveConditionalMutator_EQUAL_ELSE,isSameInstant,233,KILLED,org.apache.commons.lang3.time.DateUtils_ESTest.test056
DateUtils.java,org.apache.commons.lang3.time.DateUtils,org.pitest.mutationtest.engine.gregor.mutators.RemoveConditionalMutator_EQUAL_IF,isSameInstant,230,SURVIVED,none
DateUtils.java,org.apache.commons.lang3.time.DateUtils,org.pitest.mutationtest.engine.gregor.mutators.RemoveConditionalMutator_EQUAL_IF,isSameInstant,230,KILLED,org.apache.commons.lang3.time.DateUtils_ESTest.test056
DateUtils.java,org.apache.commons.lang3.time.DateUtils,org.pitest.mutationtest.engine.gregor.mutators.RemoveConditionalMutator_EQUAL_IF,isSameInstant,233,KILLED,org.apache.commons.lang3.time.DateUtils_ESTest.test055
DateUtils.java,org.apache.commons.lang3.time.DateUtils,org.pitest.mutationtest.engine.gregor.mutators.ReturnValsMutator,isSameInstant,233,KILLED,org.apache.commons.lang3.time.DateUtils_ESTest.test056
DateUtils.java,org.apache.commons.lang3.time.DateUtils,org.pitest.mutationtest.engine.gregor.mutators.BooleanTrueReturnValsMutator,isSameInstant,215,KILLED,org.apache.commons.lang3.time.DateUtils_ESTest.test059
DateUtils.java,org.apache.commons.lang3.time.DateUtils,org.pitest.mutationtest.engine.gregor.mutators.InlineConstantMutator,isSameInstant,215,KILLED,org.apache.commons.lang3.time.DateUtils_ESTest.test061
DateUtils.java,org.apache.commons.lang3.time.DateUtils,org.pitest.mutationtest.engine.gregor.mutators.InlineConstantMutator,isSameInstant,215,KILLED,org.apache.commons.lang3.time.DateUtils_ESTest.test059
DateUtils.java,org.apache.commons.lang3.time.DateUtils,org.pitest.mutationtest.engine.gregor.mutators.NegateConditionalsMutator,isSameInstant,212,KILLED,org.apache.commons.lang3.time.DateUtils_ESTest.test059
DateUtils.java,org.apache.commons.lang3.time.DateUtils,org.pitest.mutationtest.engine.gregor.mutators.NegateConditionalsMutator,isSameInstant,212,KILLED,org.apache.commons.lang3.time.DateUtils_ESTest.test060
DateUtils.java,org.apache.commons.lang3.time.DateUtils,org.pitest.mutationtest.engine.gregor.mutators.NegateConditionalsMutator,isSameInstant,215,KILLED,org.apache.commons.lang3.time.DateUtils_ESTest.test059
DateUtils.java,org.apache.commons.lang3.time.DateUtils,org.pitest.mutationtest.engine.gregor.mutators.NonVoidMethodCallMutator,isSameInstant,213,KILLED,org.apache.commons.lang3.time.DateUtils_ESTest.test060
DateUtils.java,org.apache.commons.lang3.time.DateUtils,org.pitest.mutationtest.engine.gregor.mutators.NonVoidMethodCallMutator,isSameInstant,215,KILLED,org.apache.commons.lang3.time.DateUtils_ESTest.test061
DateUtils.java,org.apache.commons.lang3.time.DateUtils,org.pitest.mutationtest.engine.gregor.mutators.NonVoidMethodCallMutator,isSameInstant,215,KILLED,org.apache.commons.lang3.time.DateUtils_ESTest.test061
DateUtils.java,org.apache.commons.lang3.time.DateUtils,org.pitest.mutationtest.engine.gregor.mutators.RemoveConditionalMutator_EQUAL_ELSE,isSameInstant,212,KILLED,org.apache.commons.lang3.time.DateUtils_ESTest.test059
DateUtils.java,org.apache.commons.lang3.time.DateUtils,org.pitest.mutationtest.engine.gregor.mutators.RemoveConditionalMutator_EQUAL_ELSE,isSameInstant,212,KILLED,org.apache.commons.lang3.time.DateUtils_ESTest.test060
DateUtils.java,org.apache.commons.lang3.time.DateUtils,org.pitest.mutationtest.engine.gregor.mutators.RemoveConditionalMutator_EQUAL_ELSE,isSameInstant,215,KILLED,org.apache.commons.lang3.time.DateUtils_ESTest.test061
DateUtils.java,org.apache.commons.lang3.time.DateUtils,org.pitest.mutationtest.engine.gregor.mutators.RemoveConditionalMutator_EQUAL_IF,isSameInstant,212,SURVIVED,none
DateUtils.java,org.apache.commons.lang3.time.DateUtils,org.pitest.mutationtest.engine.gregor.mutators.RemoveConditionalMutator_EQUAL_IF,isSameInstant,212,KILLED,org.apache.commons.lang3.time.DateUtils_ESTest.test059
DateUtils.java,org.apache.commons.lang3.time.DateUtils,org.pitest.mutationtest.engine.gregor.mutators.RemoveConditionalMutator_EQUAL_IF,isSameInstant,215,KILLED,org.apache.commons.lang3.time.DateUtils_ESTest.test059
DateUtils.java,org.apache.commons.lang3.time.DateUtils,org.pitest.mutationtest.engine.gregor.mutators.ReturnValsMutator,isSameInstant,215,KILLED,org.apache.commons.lang3.time.DateUtils_ESTest.test059
DateUtils.java,org.apache.commons.lang3.time.DateUtils,org.pitest.mutationtest.engine.gregor.mutators.ArgumentPropagationMutator,isSameLocalTime,253,KILLED,org.apache.commons.lang3.time.DateUtils_ESTest.test053
DateUtils.java,org.apache.commons.lang3.time.DateUtils,org.pitest.mutationtest.engine.gregor.mutators.ArgumentPropagationMutator,isSameLocalTime,253,KILLED,org.apache.commons.lang3.time.DateUtils_ESTest.test053
DateUtils.java,org.apache.commons.lang3.time.DateUtils,org.pitest.mutationtest.engine.gregor.mutators.ArgumentPropagationMutator,isSameLocalTime,254,KILLED,org.apache.commons.lang3.time.DateUtils_ESTest.test053
DateUtils.java,org.apache.commons.lang3.time.DateUtils,org.pitest.mutationtest.engine.gregor.mutators.ArgumentPropagationMutator,isSameLocalTime,254,KILLED,org.apache.commons.lang3.time.DateUtils_ESTest.test053
DateUtils.java,org.apache.commons.lang3.time.DateUtils,org.pitest.mutationtest.engine.gregor.mutators.ArgumentPropagationMutator,isSameLocalTime,255,KILLED,org.apache.commons.lang3.time.DateUtils_ESTest.test053
DateUtils.java,org.apache.commons.lang3.time.DateUtils,org.pitest.mutationtest.engine.gregor.mutators.ArgumentPropagationMutator,isSameLocalTime,255,KILLED,org.apache.commons.lang3.time.DateUtils_ESTest.test053
DateUtils.java,org.apache.commons.lang3.time.DateUtils,org.pitest.mutationtest.engine.gregor.mutators.ArgumentPropagationMutator,isSameLocalTime,256,KILLED,org.apache.commons.lang3.time.DateUtils_ESTest.test053
DateUtils.java,org.apache.commons.lang3.time.DateUtils,org.pitest.mutationtest.engine.gregor.mutators.ArgumentPropagationMutator,isSameLocalTime,256,KILLED,org.apache.commons.lang3.time.DateUtils_ESTest.test053
DateUtils.java,org.apache.commons.lang3.time.DateUtils,org.pitest.mutationtest.engine.gregor.mutators.ArgumentPropagationMutator,isSameLocalTime,257,KILLED,org.apache.commons.lang3.time.DateUtils_ESTest.test053
DateUtils.java,org.apache.commons.lang3.time.DateUtils,org.pitest.mutationtest.engine.gregor.mutators.ArgumentPropagationMutator,isSameLocalTime,257,KILLED,org.apache.commons.lang3.time.DateUtils_ESTest.test053
DateUtils.java,org.apache.commons.lang3.time.DateUtils,org.pitest.mutationtest.engine.gregor.mutators.ArgumentPropagationMutator,isSameLocalTime,258,KILLED,org.apache.commons.lang3.time.DateUtils_ESTest.test053
DateUtils.java,org.apache.commons.lang3.time.DateUtils,org.pitest.mutationtest.engine.gregor.mutators.ArgumentPropagationMutator,isSameLocalTime,258,KILLED,org.apache.commons.lang3.time.DateUtils_ESTest.test053
DateUtils.java,org.apache.commons.lang3.time.DateUtils,org.pitest.mutationtest.engine.gregor.mutators.ArgumentPropagationMutator,isSameLocalTime,259,KILLED,org.apache.commons.lang3.time.DateUtils_ESTest.test053
DateUtils.java,org.apache.commons.lang3.time.DateUtils,org.pitest.mutationtest.engine.gregor.mutators.ArgumentPropagationMutator,isSameLocalTime,259,KILLED,org.apache.commons.lang3.time.DateUtils_ESTest.test053
DateUtils.java,org.apache.commons.lang3.time.DateUtils,org.pitest.mutationtest.engine.gregor.mutators.BooleanTrueReturnValsMutator,isSameLocalTime,253,KILLED,org.apache.commons.lang3.time.DateUtils_ESTest.test047
DateUtils.java,org.apache.commons.lang3.time.DateUtils,org.pitest.mutationtest.engine.gregor.mutators.InlineConstantMutator,isSameLocalTime,253,KILLED,org.apache.commons.lang3.time.DateUtils_ESTest.test053
DateUtils.java,org.apache.commons.lang3.time.DateUtils,org.pitest.mutationtest.engine.gregor.mutators.InlineConstantMutator,isSameLocalTime,253,KILLED,org.apache.commons.lang3.time.DateUtils_ESTest.test053
DateUtils.java,org.apache.commons.lang3.time.DateUtils,org.pitest.mutationtest.engine.gregor.mutators.InlineConstantMutator,isSameLocalTime,253,KILLED,org.apache.commons.lang3.time.DateUtils_ESTest.test053
DateUtils.java,org.apache.commons.lang3.time.DateUtils,org.pitest.mutationtest.engine.gregor.mutators.InlineConstantMutator,isSameLocalTime,254,KILLED,org.apache.commons.lang3.time.DateUtils_ESTest.test053
DateUtils.java,org.apache.commons.lang3.time.DateUtils,org.pitest.mutationtest.engine.gregor.mutators.InlineConstantMutator,isSameLocalTime,254,SURVIVED,none
DateUtils.java,org.apache.commons.lang3.time.DateUtils,org.pitest.mutationtest.engine.gregor.mutators.InlineConstantMutator,isSameLocalTime,255,SURVIVED,none
DateUtils.java,org.apache.commons.lang3.time.DateUtils,org.pitest.mutationtest.engine.gregor.mutators.InlineConstantMutator,isSameLocalTime,255,KILLED,org.apache.commons.lang3.time.DateUtils_ESTest.test053
DateUtils.java,org.apache.commons.lang3.time.DateUtils,org.pitest.mutationtest.engine.gregor.mutators.InlineConstantMutator,isSameLocalTime,256,KILLED,org.apache.commons.lang3.time.DateUtils_ESTest.test053
DateUtils.java,org.apache.commons.lang3.time.DateUtils,org.pitest.mutationtest.engine.gregor.mutators.InlineConstantMutator,isSameLocalTime,256,KILLED,org.apache.commons.lang3.time.DateUtils_ESTest.test053
DateUtils.java,org.apache.commons.lang3.time.DateUtils,org.pitest.mutationtest.engine.gregor.mutators.InlineConstantMutator,isSameLocalTime,257,KILLED,org.apache.commons.lang3.time.DateUtils_ESTest.test053
DateUtils.java,org.apache.commons.lang3.time.DateUtils,org.pitest.mutationtest.engine.gregor.mutators.InlineConstantMutator,isSameLocalTime,257,KILLED,org.apache.commons.lang3.time.DateUtils_ESTest.test053
DateUtils.java,org.apache.commons.lang3.time.DateUtils,org.pitest.mutationtest.engine.gregor.mutators.InlineConstantMutator,isSameLocalTime,258,KILLED,org.apache.commons.lang3.time.DateUtils_ESTest.test053
DateUtils.java,org.apache.commons.lang3.time.DateUtils,org.pitest.mutationtest.engine.gregor.mutators.InlineConstantMutator,isSameLocalTime,258,KILLED,org.apache.commons.lang3.time.DateUtils_ESTest.test053
DateUtils.java,org.apache.commons.lang3.time.DateUtils,org.pitest.mutationtest.engine.gregor.mutators.InlineConstantMutator,isSameLocalTime,259,KILLED,org.apache.commons.lang3.time.DateUtils_ESTest.test053
DateUtils.java,org.apache.commons.lang3.time.DateUtils,org.pitest.mutationtest.engine.gregor.mutators.InlineConstantMutator,isSameLocalTime,260,KILLED,org.apache.commons.lang3.time.DateUtils_ESTest.test053
DateUtils.java,org.apache.commons.lang3.time.DateUtils,org.pitest.mutationtest.engine.gregor.mutators.InlineConstantMutator,isSameLocalTime,260,KILLED,org.apache.commons.lang3.time.DateUtils_ESTest.test047
DateUtils.java,org.apache.commons.lang3.time.DateUtils,org.pitest.mutationtest.engine.gregor.mutators.NegateConditionalsMutator,isSameLocalTime,250,KILLED,org.apache.commons.lang3.time.DateUtils_ESTest.test047
DateUtils.java,org.apache.commons.lang3.time.DateUtils,org.pitest.mutationtest.engine.gregor.mutators.NegateConditionalsMutator,isSameLocalTime,250,KILLED,org.apache.commons.lang3.time.DateUtils_ESTest.test047
DateUtils.java,org.apache.commons.lang3.time.DateUtils,org.pitest.mutationtest.engine.gregor.mutators.NegateConditionalsMutator,isSameLocalTime,253,KILLED,org.apache.commons.lang3.time.DateUtils_ESTest.test053
DateUtils.java,org.apache.commons.lang3.time.DateUtils,org.pitest.mutationtest.engine.gregor.mutators.NegateConditionalsMutator,isSameLocalTime,254,KILLED,org.apache.commons.lang3.time.DateUtils_ESTest.test053
DateUtils.java,org.apache.commons.lang3.time.DateUtils,org.pitest.mutationtest.engine.gregor.mutators.NegateConditionalsMutator,isSameLocalTime,255,KILLED,org.apache.commons.lang3.time.DateUtils_ESTest.test053
DateUtils.java,org.apache.commons.lang3.time.DateUtils,org.pitest.mutationtest.engine.gregor.mutators.NegateConditionalsMutator,isSameLocalTime,256,KILLED,org.apache.commons.lang3.time.DateUtils_ESTest.test053
DateUtils.java,org.apache.commons.lang3.time.DateUtils,org.pitest.mutationtest.engine.gregor.mutators.NegateConditionalsMutator,isSameLocalTime,257,KILLED,org.apache.commons.lang3.time.DateUtils_ESTest.test053
DateUtils.java,org.apache.commons.lang3.time.DateUtils,org.pitest.mutationtest.engine.gregor.mutators.NegateConditionalsMutator,isSameLocalTime,258,KILLED,org.apache.commons.lang3.time.DateUtils_ESTest.test047
DateUtils.java,org.apache.commons.lang3.time.DateUtils,org.pitest.mutationtest.engine.gregor.mutators.NegateConditionalsMutator,isSameLocalTime,259,KILLED,org.apache.commons.lang3.time.DateUtils_ESTest.test053
DateUtils.java,org.apache.commons.lang3.time.DateUtils,org.pitest.mutationtest.engine.gregor.mutators.NegateConditionalsMutator,isSameLocalTime,260,KILLED,org.apache.commons.lang3.time.DateUtils_ESTest.test053
DateUtils.java,org.apache.commons.lang3.time.DateUtils,org.pitest.mutationtest.engine.gregor.mutators.NonVoidMethodCallMutator,isSameLocalTime,251,KILLED,org.apache.commons.lang3.time.DateUtils_ESTest.test054
DateUtils.java,org.apache.commons.lang3.time.DateUtils,org.pitest.mutationtest.engine.gregor.mutators.NonVoidMethodCallMutator,isSameLocalTime,253,KILLED,org.apache.commons.lang3.time.DateUtils_ESTest.test053
DateUtils.java,org.apache.commons.lang3.time.DateUtils,org.pitest.mutationtest.engine.gregor.mutators.NonVoidMethodCallMutator,isSameLocalTime,253,KILLED,org.apache.commons.lang3.time.DateUtils_ESTest.test053
DateUtils.java,org.apache.commons.lang3.time.DateUtils,org.pitest.mutationtest.engine.gregor.mutators.NonVoidMethodCallMutator,isSameLocalTime,254,KILLED,org.apache.commons.lang3.time.DateUtils_ESTest.test053
DateUtils.java,org.apache.commons.lang3.time.DateUtils,org.pitest.mutationtest.engine.gregor.mutators.NonVoidMethodCallMutator,isSameLocalTime,254,KILLED,org.apache.commons.lang3.time.DateUtils_ESTest.test053
DateUtils.java,org.apache.commons.lang3.time.DateUtils,org.pitest.mutationtest.engine.gregor.mutators.NonVoidMethodCallMutator,isSameLocalTime,255,KILLED,org.apache.commons.lang3.time.DateUtils_ESTest.test053
DateUtils.java,org.apache.commons.lang3.time.DateUtils,org.pitest.mutationtest.engine.gregor.mutators.NonVoidMethodCallMutator,isSameLocalTime,255,KILLED,org.apache.commons.lang3.time.DateUtils_ESTest.test053
DateUtils.java,org.apache.commons.lang3.time.DateUtils,org.pitest.mutationtest.engine.gregor.mutators.NonVoidMethodCallMutator,isSameLocalTime,256,KILLED,org.apache.commons.lang3.time.DateUtils_ESTest.test053
DateUtils.java,org.apache.commons.lang3.time.DateUtils,org.pitest.mutationtest.engine.gregor.mutators.NonVoidMethodCallMutator,isSameLocalTime,256,KILLED,org.apache.commons.lang3.time.DateUtils_ESTest.test053
DateUtils.java,org.apache.commons.lang3.time.DateUtils,org.pitest.mutationtest.engine.gregor.mutators.NonVoidMethodCallMutator,isSameLocalTime,257,KILLED,org.apache.commons.lang3.time.DateUtils_ESTest.test053
DateUtils.java,org.apache.commons.lang3.time.DateUtils,org.pitest.mutationtest.engine.gregor.mutators.NonVoidMethodCallMutator,isSameLocalTime,257,KILLED,org.apache.commons.lang3.time.DateUtils_ESTest.test053
DateUtils.java,org.apache.commons.lang3.time.DateUtils,org.pitest.mutationtest.engine.gregor.mutators.NonVoidMethodCallMutator,isSameLocalTime,258,KILLED,org.apache.commons.lang3.time.DateUtils_ESTest.test053
DateUtils.java,org.apache.commons.lang3.time.DateUtils,org.pitest.mutationtest.engine.gregor.mutators.NonVoidMethodCallMutator,isSameLocalTime,258,KILLED,org.apache.commons.lang3.time.DateUtils_ESTest.test053
DateUtils.java,org.apache.commons.lang3.time.DateUtils,org.pitest.mutationtest.engine.gregor.mutators.NonVoidMethodCallMutator,isSameLocalTime,259,KILLED,org.apache.commons.lang3.time.DateUtils_ESTest.test053
DateUtils.java,org.apache.commons.lang3.time.DateUtils,org.pitest.mutationtest.engine.gregor.mutators.NonVoidMethodCallMutator,isSameLocalTime,259,KILLED,org.apache.commons.lang3.time.DateUtils_ESTest.test053
DateUtils.java,org.apache.commons.lang3.time.DateUtils,org.pitest.mutationtest.engine.gregor.mutators.NonVoidMethodCallMutator,isSameLocalTime,260,KILLED,org.apache.commons.lang3.time.DateUtils_ESTest.test053
DateUtils.java,org.apache.commons.lang3.time.DateUtils,org.pitest.mutationtest.engine.gregor.mutators.NonVoidMethodCallMutator,isSameLocalTime,260,KILLED,org.apache.commons.lang3.time.DateUtils_ESTest.test053
DateUtils.java,org.apache.commons.lang3.time.DateUtils,org.pitest.mutationtest.engine.gregor.mutators.RemoveConditionalMutator_EQUAL_ELSE,isSameLocalTime,250,KILLED,org.apache.commons.lang3.time.DateUtils_ESTest.test047
DateUtils.java,org.apache.commons.lang3.time.DateUtils,org.pitest.mutationtest.engine.gregor.mutators.RemoveConditionalMutator_EQUAL_ELSE,isSameLocalTime,250,KILLED,org.apache.commons.lang3.time.DateUtils_ESTest.test052
DateUtils.java,org.apache.commons.lang3.time.DateUtils,org.pitest.mutationtest.engine.gregor.mutators.RemoveConditionalMutator_EQUAL_ELSE,isSameLocalTime,253,KILLED,org.apache.commons.lang3.time.DateUtils_ESTest.test053
DateUtils.java,org.apache.commons.lang3.time.DateUtils,org.pitest.mutationtest.engine.gregor.mutators.RemoveConditionalMutator_EQUAL_ELSE,isSameLocalTime,254,KILLED,org.apache.commons.lang3.time.DateUtils_ESTest.test053
DateUtils.java,org.apache.commons.lang3.time.DateUtils,org.pitest.mutationtest.engine.gregor.mutators.RemoveConditionalMutator_EQUAL_ELSE,isSameLocalTime,255,KILLED,org.apache.commons.lang3.time.DateUtils_ESTest.test053
DateUtils.java,org.apache.commons.lang3.time.DateUtils,org.pitest.mutationtest.engine.gregor.mutators.RemoveConditionalMutator_EQUAL_ELSE,isSameLocalTime,256,KILLED,org.apache.commons.lang3.time.DateUtils_ESTest.test053
DateUtils.java,org.apache.commons.lang3.time.DateUtils,org.pitest.mutationtest.engine.gregor.mutators.RemoveConditionalMutator_EQUAL_ELSE,isSameLocalTime,257,KILLED,org.apache.commons.lang3.time.DateUtils_ESTest.test053
DateUtils.java,org.apache.commons.lang3.time.DateUtils,org.pitest.mutationtest.engine.gregor.mutators.RemoveConditionalMutator_EQUAL_ELSE,isSameLocalTime,258,KILLED,org.apache.commons.lang3.time.DateUtils_ESTest.test053
DateUtils.java,org.apache.commons.lang3.time.DateUtils,org.pitest.mutationtest.engine.gregor.mutators.RemoveConditionalMutator_EQUAL_ELSE,isSameLocalTime,259,KILLED,org.apache.commons.lang3.time.DateUtils_ESTest.test053
DateUtils.java,org.apache.commons.lang3.time.DateUtils,org.pitest.mutationtest.engine.gregor.mutators.RemoveConditionalMutator_EQUAL_ELSE,isSameLocalTime,260,KILLED,org.apache.commons.lang3.time.DateUtils_ESTest.test053
DateUtils.java,org.apache.commons.lang3.time.DateUtils,org.pitest.mutationtest.engine.gregor.mutators.RemoveConditionalMutator_EQUAL_IF,isSameLocalTime,250,SURVIVED,none
DateUtils.java,org.apache.commons.lang3.time.DateUtils,org.pitest.mutationtest.engine.gregor.mutators.RemoveConditionalMutator_EQUAL_IF,isSameLocalTime,250,KILLED,org.apache.commons.lang3.time.DateUtils_ESTest.test047
DateUtils.java,org.apache.commons.lang3.time.DateUtils,org.pitest.mutationtest.engine.gregor.mutators.RemoveConditionalMutator_EQUAL_IF,isSameLocalTime,253,SURVIVED,none
DateUtils.java,org.apache.commons.lang3.time.DateUtils,org.pitest.mutationtest.engine.gregor.mutators.RemoveConditionalMutator_EQUAL_IF,isSameLocalTime,254,SURVIVED,none
DateUtils.java,org.apache.commons.lang3.time.DateUtils,org.pitest.mutationtest.engine.gregor.mutators.RemoveConditionalMutator_EQUAL_IF,isSameLocalTime,255,SURVIVED,none
DateUtils.java,org.apache.commons.lang3.time.DateUtils,org.pitest.mutationtest.engine.gregor.mutators.RemoveConditionalMutator_EQUAL_IF,isSameLocalTime,256,SURVIVED,none
DateUtils.java,org.apache.commons.lang3.time.DateUtils,org.pitest.mutationtest.engine.gregor.mutators.RemoveConditionalMutator_EQUAL_IF,isSameLocalTime,257,SURVIVED,none
DateUtils.java,org.apache.commons.lang3.time.DateUtils,org.pitest.mutationtest.engine.gregor.mutators.RemoveConditionalMutator_EQUAL_IF,isSameLocalTime,258,KILLED,org.apache.commons.lang3.time.DateUtils_ESTest.test047
DateUtils.java,org.apache.commons.lang3.time.DateUtils,org.pitest.mutationtest.engine.gregor.mutators.RemoveConditionalMutator_EQUAL_IF,isSameLocalTime,259,SURVIVED,none
DateUtils.java,org.apache.commons.lang3.time.DateUtils,org.pitest.mutationtest.engine.gregor.mutators.RemoveConditionalMutator_EQUAL_IF,isSameLocalTime,260,SURVIVED,none
DateUtils.java,org.apache.commons.lang3.time.DateUtils,org.pitest.mutationtest.engine.gregor.mutators.ReturnValsMutator,isSameLocalTime,253,KILLED,org.apache.commons.lang3.time.DateUtils_ESTest.test047
DateUtils.java,org.apache.commons.lang3.time.DateUtils,org.pitest.mutationtest.engine.gregor.mutators.ConstructorCallMutator,iterator,1257,KILLED,org.apache.commons.lang3.time.DateUtils_ESTest.test014
DateUtils.java,org.apache.commons.lang3.time.DateUtils,org.pitest.mutationtest.engine.gregor.mutators.ConstructorCallMutator,iterator,1257,KILLED,org.apache.commons.lang3.time.DateUtils_ESTest.test014
DateUtils.java,org.apache.commons.lang3.time.DateUtils,org.pitest.mutationtest.engine.gregor.mutators.NegateConditionalsMutator,iterator,1249,KILLED,org.apache.commons.lang3.time.DateUtils_ESTest.test014
DateUtils.java,org.apache.commons.lang3.time.DateUtils,org.pitest.mutationtest.engine.gregor.mutators.NegateConditionalsMutator,iterator,1252,KILLED,org.apache.commons.lang3.time.DateUtils_ESTest.test018
DateUtils.java,org.apache.commons.lang3.time.DateUtils,org.pitest.mutationtest.engine.gregor.mutators.NegateConditionalsMutator,iterator,1254,KILLED,org.apache.commons.lang3.time.DateUtils_ESTest.test018
DateUtils.java,org.apache.commons.lang3.time.DateUtils,org.pitest.mutationtest.engine.gregor.mutators.NonVoidMethodCallMutator,iterator,1250,KILLED,org.apache.commons.lang3.time.DateUtils_ESTest.test016
DateUtils.java,org.apache.commons.lang3.time.DateUtils,org.pitest.mutationtest.engine.gregor.mutators.NonVoidMethodCallMutator,iterator,1253,KILLED,org.apache.commons.lang3.time.DateUtils_ESTest.test015
DateUtils.java,org.apache.commons.lang3.time.DateUtils,org.pitest.mutationtest.engine.gregor.mutators.NonVoidMethodCallMutator,iterator,1255,SURVIVED,none
DateUtils.java,org.apache.commons.lang3.time.DateUtils,org.pitest.mutationtest.engine.gregor.mutators.NonVoidMethodCallMutator,iterator,1257,KILLED,org.apache.commons.lang3.time.DateUtils_ESTest.test014
DateUtils.java,org.apache.commons.lang3.time.DateUtils,org.pitest.mutationtest.engine.gregor.mutators.NonVoidMethodCallMutator,iterator,1257,KILLED,org.apache.commons.lang3.time.DateUtils_ESTest.test014
DateUtils.java,org.apache.commons.lang3.time.DateUtils,org.pitest.mutationtest.engine.gregor.mutators.NonVoidMethodCallMutator,iterator,1257,SURVIVED,none
DateUtils.java,org.apache.commons.lang3.time.DateUtils,org.pitest.mutationtest.engine.gregor.mutators.NullReturnValsMutator,iterator,1253,SURVIVED,none
DateUtils.java,org.apache.commons.lang3.time.DateUtils,org.pitest.mutationtest.engine.gregor.mutators.NullReturnValsMutator,iterator,1255,SURVIVED,none
DateUtils.java,org.apache.commons.lang3.time.DateUtils,org.pitest.mutationtest.engine.gregor.mutators.RemoveConditionalMutator_EQUAL_ELSE,iterator,1249,KILLED,org.apache.commons.lang3.time.DateUtils_ESTest.test016
DateUtils.java,org.apache.commons.lang3.time.DateUtils,org.pitest.mutationtest.engine.gregor.mutators.RemoveConditionalMutator_EQUAL_ELSE,iterator,1252,KILLED,org.apache.commons.lang3.time.DateUtils_ESTest.test015
DateUtils.java,org.apache.commons.lang3.time.DateUtils,org.pitest.mutationtest.engine.gregor.mutators.RemoveConditionalMutator_EQUAL_ELSE,iterator,1254,KILLED,org.apache.commons.lang3.time.DateUtils_ESTest.test018
DateUtils.java,org.apache.commons.lang3.time.DateUtils,org.pitest.mutationtest.engine.gregor.mutators.RemoveConditionalMutator_EQUAL_IF,iterator,1249,KILLED,org.apache.commons.lang3.time.DateUtils_ESTest.test014
DateUtils.java,org.apache.commons.lang3.time.DateUtils,org.pitest.mutationtest.engine.gregor.mutators.RemoveConditionalMutator_EQUAL_IF,iterator,1252,KILLED,org.apache.commons.lang3.time.DateUtils_ESTest.test018
DateUtils.java,org.apache.commons.lang3.time.DateUtils,org.pitest.mutationtest.engine.gregor.mutators.RemoveConditionalMutator_EQUAL_IF,iterator,1254,SURVIVED,none
DateUtils.java,org.apache.commons.lang3.time.DateUtils,org.pitest.mutationtest.engine.gregor.mutators.ReturnValsMutator,iterator,1253,SURVIVED,none
DateUtils.java,org.apache.commons.lang3.time.DateUtils,org.pitest.mutationtest.engine.gregor.mutators.ReturnValsMutator,iterator,1255,SURVIVED,none
DateUtils.java,org.apache.commons.lang3.time.DateUtils,org.pitest.mutationtest.engine.gregor.mutators.experimental.NakedReceiverMutator,iterator,1257,SURVIVED,none
DateUtils.java,org.apache.commons.lang3.time.DateUtils,org.pitest.mutationtest.engine.gregor.mutators.experimental.NakedReceiverMutator,iterator,1257,SURVIVED,none
DateUtils.java,org.apache.commons.lang3.time.DateUtils,org.pitest.mutationtest.engine.gregor.mutators.ArgumentPropagationMutator,iterator,1170,SURVIVED,none
DateUtils.java,org.apache.commons.lang3.time.DateUtils,org.pitest.mutationtest.engine.gregor.mutators.ArgumentPropagationMutator,iterator,1186,SURVIVED,none
DateUtils.java,org.apache.commons.lang3.time.DateUtils,org.pitest.mutationtest.engine.gregor.mutators.ArgumentPropagationMutator,iterator,1187,SURVIVED,none
DateUtils.java,org.apache.commons.lang3.time.DateUtils,org.pitest.mutationtest.engine.gregor.mutators.ArgumentPropagationMutator,iterator,1197,SURVIVED,none
DateUtils.java,org.apache.commons.lang3.time.DateUtils,org.pitest.mutationtest.engine.gregor.mutators.ArgumentPropagationMutator,iterator,1201,SURVIVED,none
DateUtils.java,org.apache.commons.lang3.time.DateUtils,org.pitest.mutationtest.engine.gregor.mutators.ArgumentPropagationMutator,iterator,1202,SURVIVED,none
DateUtils.java,org.apache.commons.lang3.time.DateUtils,org.pitest.mutationtest.engine.gregor.mutators.ArgumentPropagationMutator,iterator,1223,TIMED_OUT,none
DateUtils.java,org.apache.commons.lang3.time.DateUtils,org.pitest.mutationtest.engine.gregor.mutators.ArgumentPropagationMutator,iterator,1226,TIMED_OUT,none
DateUtils.java,org.apache.commons.lang3.time.DateUtils,org.pitest.mutationtest.engine.gregor.mutators.ConditionalsBoundaryMutator,iterator,1211,SURVIVED,none
DateUtils.java,org.apache.commons.lang3.time.DateUtils,org.pitest.mutationtest.engine.gregor.mutators.ConditionalsBoundaryMutator,iterator,1214,SURVIVED,none
DateUtils.java,org.apache.commons.lang3.time.DateUtils,org.pitest.mutationtest.engine.gregor.mutators.ConditionalsBoundaryMutator,iterator,1217,SURVIVED,none
DateUtils.java,org.apache.commons.lang3.time.DateUtils,org.pitest.mutationtest.engine.gregor.mutators.ConditionalsBoundaryMutator,iterator,1220,TIMED_OUT,none
DateUtils.java,org.apache.commons.lang3.time.DateUtils,org.pitest.mutationtest.engine.gregor.mutators.ConstructorCallMutator,iterator,1209,KILLED,org.apache.commons.lang3.time.DateUtils_ESTest.test015
DateUtils.java,org.apache.commons.lang3.time.DateUtils,org.pitest.mutationtest.engine.gregor.mutators.ConstructorCallMutator,iterator,1209,KILLED,org.apache.commons.lang3.time.DateUtils_ESTest.test015
DateUtils.java,org.apache.commons.lang3.time.DateUtils,org.pitest.mutationtest.engine.gregor.mutators.ConstructorCallMutator,iterator,1229,KILLED,org.apache.commons.lang3.time.DateUtils_ESTest.test101
DateUtils.java,org.apache.commons.lang3.time.DateUtils,org.pitest.mutationtest.engine.gregor.mutators.IncrementsMutator,iterator,1212,TIMED_OUT,none
DateUtils.java,org.apache.commons.lang3.time.DateUtils,org.pitest.mutationtest.engine.gregor.mutators.IncrementsMutator,iterator,1215,NO_COVERAGE,none
DateUtils.java,org.apache.commons.lang3.time.DateUtils,org.pitest.mutationtest.engine.gregor.mutators.IncrementsMutator,iterator,1218,TIMED_OUT,none
DateUtils.java,org.apache.commons.lang3.time.DateUtils,org.pitest.mutationtest.engine.gregor.mutators.IncrementsMutator,iterator,1221,TIMED_OUT,none
DateUtils.java,org.apache.commons.lang3.time.DateUtils,org.pitest.mutationtest.engine.gregor.mutators.InlineConstantMutator,iterator,1164,SURVIVED,none
DateUtils.java,org.apache.commons.lang3.time.DateUtils,org.pitest.mutationtest.engine.gregor.mutators.InlineConstantMutator,iterator,1165,SURVIVED,none
DateUtils.java,org.apache.commons.lang3.time.DateUtils,org.pitest.mutationtest.engine.gregor.mutators.InlineConstantMutator,iterator,1170,KILLED,org.apache.commons.lang3.time.DateUtils_ESTest.test018
DateUtils.java,org.apache.commons.lang3.time.DateUtils,org.pitest.mutationtest.engine.gregor.mutators.InlineConstantMutator,iterator,1173,SURVIVED,none
DateUtils.java,org.apache.commons.lang3.time.DateUtils,org.pitest.mutationtest.engine.gregor.mutators.InlineConstantMutator,iterator,1173,SURVIVED,none
DateUtils.java,org.apache.commons.lang3.time.DateUtils,org.pitest.mutationtest.engine.gregor.mutators.InlineConstantMutator,iterator,1174,SURVIVED,none
DateUtils.java,org.apache.commons.lang3.time.DateUtils,org.pitest.mutationtest.engine.gregor.mutators.InlineConstantMutator,iterator,1174,SURVIVED,none
DateUtils.java,org.apache.commons.lang3.time.DateUtils,org.pitest.mutationtest.engine.gregor.mutators.InlineConstantMutator,iterator,1176,SURVIVED,none
DateUtils.java,org.apache.commons.lang3.time.DateUtils,org.pitest.mutationtest.engine.gregor.mutators.InlineConstantMutator,iterator,1177,SURVIVED,none
DateUtils.java,org.apache.commons.lang3.time.DateUtils,org.pitest.mutationtest.engine.gregor.mutators.InlineConstantMutator,iterator,1178,SURVIVED,none
DateUtils.java,org.apache.commons.lang3.time.DateUtils,org.pitest.mutationtest.engine.gregor.mutators.InlineConstantMutator,iterator,1186,KILLED,org.apache.commons.lang3.time.DateUtils_ESTest.test101
DateUtils.java,org.apache.commons.lang3.time.DateUtils,org.pitest.mutationtest.engine.gregor.mutators.InlineConstantMutator,iterator,1187,KILLED,org.apache.commons.lang3.time.DateUtils_ESTest.test101
DateUtils.java,org.apache.commons.lang3.time.DateUtils,org.pitest.mutationtest.engine.gregor.mutators.InlineConstantMutator,iterator,1193,SURVIVED,none
DateUtils.java,org.apache.commons.lang3.time.DateUtils,org.pitest.mutationtest.engine.gregor.mutators.InlineConstantMutator,iterator,1194,SURVIVED,none
DateUtils.java,org.apache.commons.lang3.time.DateUtils,org.pitest.mutationtest.engine.gregor.mutators.InlineConstantMutator,iterator,1197,SURVIVED,none
DateUtils.java,org.apache.commons.lang3.time.DateUtils,org.pitest.mutationtest.engine.gregor.mutators.InlineConstantMutator,iterator,1198,SURVIVED,none
DateUtils.java,org.apache.commons.lang3.time.DateUtils,org.pitest.mutationtest.engine.gregor.mutators.InlineConstantMutator,iterator,1201,SURVIVED,none
DateUtils.java,org.apache.commons.lang3.time.DateUtils,org.pitest.mutationtest.engine.gregor.mutators.InlineConstantMutator,iterator,1201,SURVIVED,none
DateUtils.java,org.apache.commons.lang3.time.DateUtils,org.pitest.mutationtest.engine.gregor.mutators.InlineConstantMutator,iterator,1202,SURVIVED,none
DateUtils.java,org.apache.commons.lang3.time.DateUtils,org.pitest.mutationtest.engine.gregor.mutators.InlineConstantMutator,iterator,1202,SURVIVED,none
DateUtils.java,org.apache.commons.lang3.time.DateUtils,org.pitest.mutationtest.engine.gregor.mutators.InlineConstantMutator,iterator,1211,SURVIVED,none
DateUtils.java,org.apache.commons.lang3.time.DateUtils,org.pitest.mutationtest.engine.gregor.mutators.InlineConstantMutator,iterator,1214,SURVIVED,none
DateUtils.java,org.apache.commons.lang3.time.DateUtils,org.pitest.mutationtest.engine.gregor.mutators.InlineConstantMutator,iterator,1217,TIMED_OUT,none
DateUtils.java,org.apache.commons.lang3.time.DateUtils,org.pitest.mutationtest.engine.gregor.mutators.InlineConstantMutator,iterator,1220,SURVIVED,none
DateUtils.java,org.apache.commons.lang3.time.DateUtils,org.pitest.mutationtest.engine.gregor.mutators.InlineConstantMutator,iterator,1223,TIMED_OUT,none
DateUtils.java,org.apache.commons.lang3.time.DateUtils,org.pitest.mutationtest.engine.gregor.mutators.InlineConstantMutator,iterator,1224,SURVIVED,none
DateUtils.java,org.apache.commons.lang3.time.DateUtils,org.pitest.mutationtest.engine.gregor.mutators.InlineConstantMutator,iterator,1224,TIMED_OUT,none
DateUtils.java,org.apache.commons.lang3.time.DateUtils,org.pitest.mutationtest.engine.gregor.mutators.InlineConstantMutator,iterator,1226,TIMED_OUT,none
DateUtils.java,org.apache.commons.lang3.time.DateUtils,org.pitest.mutationtest.engine.gregor.mutators.InlineConstantMutator,iterator,1227,SURVIVED,none
DateUtils.java,org.apache.commons.lang3.time.DateUtils,org.pitest.mutationtest.engine.gregor.mutators.InlineConstantMutator,iterator,1227,TIMED_OUT,none
DateUtils.java,org.apache.commons.lang3.time.DateUtils,org.pitest.mutationtest.engine.gregor.mutators.MathMutator,iterator,1198,SURVIVED,none
DateUtils.java,org.apache.commons.lang3.time.DateUtils,org.pitest.mutationtest.engine.gregor.mutators.MathMutator,iterator,1201,SURVIVED,none
DateUtils.java,org.apache.commons.lang3.time.DateUtils,org.pitest.mutationtest.engine.gregor.mutators.MathMutator,iterator,1202,SURVIVED,none
DateUtils.java,org.apache.commons.lang3.time.DateUtils,org.pitest.mutationtest.engine.gregor.mutators.NegateConditionalsMutator,iterator,1159,KILLED,org.apache.commons.lang3.time.DateUtils_ESTest.test101
DateUtils.java,org.apache.commons.lang3.time.DateUtils,org.pitest.mutationtest.engine.gregor.mutators.NegateConditionalsMutator,iterator,1176,SURVIVED,none
DateUtils.java,org.apache.commons.lang3.time.DateUtils,org.pitest.mutationtest.engine.gregor.mutators.NegateConditionalsMutator,iterator,1211,TIMED_OUT,none
DateUtils.java,org.apache.commons.lang3.time.DateUtils,org.pitest.mutationtest.engine.gregor.mutators.NegateConditionalsMutator,iterator,1214,TIMED_OUT,none
DateUtils.java,org.apache.commons.lang3.time.DateUtils,org.pitest.mutationtest.engine.gregor.mutators.NegateConditionalsMutator,iterator,1217,TIMED_OUT,none
DateUtils.java,org.apache.commons.lang3.time.DateUtils,org.pitest.mutationtest.engine.gregor.mutators.NegateConditionalsMutator,iterator,1220,TIMED_OUT,none
DateUtils.java,org.apache.commons.lang3.time.DateUtils,org.pitest.mutationtest.engine.gregor.mutators.NegateConditionalsMutator,iterator,1223,SURVIVED,none
DateUtils.java,org.apache.commons.lang3.time.DateUtils,org.pitest.mutationtest.engine.gregor.mutators.NegateConditionalsMutator,iterator,1226,SURVIVED,none
DateUtils.java,org.apache.commons.lang3.time.DateUtils,org.pitest.mutationtest.engine.gregor.mutators.NonVoidMethodCallMutator,iterator,1160,KILLED,org.apache.commons.lang3.time.DateUtils_ESTest.test022
DateUtils.java,org.apache.commons.lang3.time.DateUtils,org.pitest.mutationtest.engine.gregor.mutators.NonVoidMethodCallMutator,iterator,1170,KILLED,org.apache.commons.lang3.time.DateUtils_ESTest.test018
DateUtils.java,org.apache.commons.lang3.time.DateUtils,org.pitest.mutationtest.engine.gregor.mutators.NonVoidMethodCallMutator,iterator,1172,KILLED,org.apache.commons.lang3.time.DateUtils_ESTest.test018
DateUtils.java,org.apache.commons.lang3.time.DateUtils,org.pitest.mutationtest.engine.gregor.mutators.NonVoidMethodCallMutator,iterator,1186,KILLED,org.apache.commons.lang3.time.DateUtils_ESTest.test101
DateUtils.java,org.apache.commons.lang3.time.DateUtils,org.pitest.mutationtest.engine.gregor.mutators.NonVoidMethodCallMutator,iterator,1187,KILLED,org.apache.commons.lang3.time.DateUtils_ESTest.test101
DateUtils.java,org.apache.commons.lang3.time.DateUtils,org.pitest.mutationtest.engine.gregor.mutators.NonVoidMethodCallMutator,iterator,1197,SURVIVED,none
DateUtils.java,org.apache.commons.lang3.time.DateUtils,org.pitest.mutationtest.engine.gregor.mutators.NonVoidMethodCallMutator,iterator,1201,SURVIVED,none
DateUtils.java,org.apache.commons.lang3.time.DateUtils,org.pitest.mutationtest.engine.gregor.mutators.NonVoidMethodCallMutator,iterator,1202,SURVIVED,none
DateUtils.java,org.apache.commons.lang3.time.DateUtils,org.pitest.mutationtest.engine.gregor.mutators.NonVoidMethodCallMutator,iterator,1209,KILLED,org.apache.commons.lang3.time.DateUtils_ESTest.test015
DateUtils.java,org.apache.commons.lang3.time.DateUtils,org.pitest.mutationtest.engine.gregor.mutators.NonVoidMethodCallMutator,iterator,1209,KILLED,org.apache.commons.lang3.time.DateUtils_ESTest.test015
DateUtils.java,org.apache.commons.lang3.time.DateUtils,org.pitest.mutationtest.engine.gregor.mutators.NonVoidMethodCallMutator,iterator,1209,KILLED,org.apache.commons.lang3.time.DateUtils_ESTest.test015
DateUtils.java,org.apache.commons.lang3.time.DateUtils,org.pitest.mutationtest.engine.gregor.mutators.NonVoidMethodCallMutator,iterator,1209,SURVIVED,none
DateUtils.java,org.apache.commons.lang3.time.DateUtils,org.pitest.mutationtest.engine.gregor.mutators.NonVoidMethodCallMutator,iterator,1223,TIMED_OUT,none
DateUtils.java,org.apache.commons.lang3.time.DateUtils,org.pitest.mutationtest.engine.gregor.mutators.NonVoidMethodCallMutator,iterator,1226,TIMED_OUT,none
DateUtils.java,org.apache.commons.lang3.time.DateUtils,org.pitest.mutationtest.engine.gregor.mutators.NullReturnValsMutator,iterator,1229,KILLED,org.apache.commons.lang3.time.DateUtils_ESTest.test101
DateUtils.java,org.apache.commons.lang3.time.DateUtils,org.pitest.mutationtest.engine.gregor.mutators.RemoveConditionalMutator_EQUAL_ELSE,iterator,1159,SURVIVED,none
DateUtils.java,org.apache.commons.lang3.time.DateUtils,org.pitest.mutationtest.engine.gregor.mutators.RemoveConditionalMutator_EQUAL_ELSE,iterator,1176,SURVIVED,none
DateUtils.java,org.apache.commons.lang3.time.DateUtils,org.pitest.mutationtest.engine.gregor.mutators.RemoveConditionalMutator_EQUAL_ELSE,iterator,1223,SURVIVED,none
DateUtils.java,org.apache.commons.lang3.time.DateUtils,org.pitest.mutationtest.engine.gregor.mutators.RemoveConditionalMutator_EQUAL_ELSE,iterator,1226,SURVIVED,none
DateUtils.java,org.apache.commons.lang3.time.DateUtils,org.pitest.mutationtest.engine.gregor.mutators.RemoveConditionalMutator_EQUAL_IF,iterator,1159,KILLED,org.apache.commons.lang3.time.DateUtils_ESTest.test101
DateUtils.java,org.apache.commons.lang3.time.DateUtils,org.pitest.mutationtest.engine.gregor.mutators.RemoveConditionalMutator_EQUAL_IF,iterator,1176,SURVIVED,none
DateUtils.java,org.apache.commons.lang3.time.DateUtils,org.pitest.mutationtest.engine.gregor.mutators.RemoveConditionalMutator_EQUAL_IF,iterator,1223,TIMED_OUT,none
DateUtils.java,org.apache.commons.lang3.time.DateUtils,org.pitest.mutationtest.engine.gregor.mutators.RemoveConditionalMutator_EQUAL_IF,iterator,1226,TIMED_OUT,none
DateUtils.java,org.apache.commons.lang3.time.DateUtils,org.pitest.mutationtest.engine.gregor.mutators.RemoveConditionalMutator_ORDER_ELSE,iterator,1211,KILLED,org.apache.commons.lang3.time.DateUtils_ESTest.test019
DateUtils.java,org.apache.commons.lang3.time.DateUtils,org.pitest.mutationtest.engine.gregor.mutators.RemoveConditionalMutator_ORDER_ELSE,iterator,1214,SURVIVED,none
DateUtils.java,org.apache.commons.lang3.time.DateUtils,org.pitest.mutationtest.engine.gregor.mutators.RemoveConditionalMutator_ORDER_ELSE,iterator,1217,TIMED_OUT,none
DateUtils.java,org.apache.commons.lang3.time.DateUtils,org.pitest.mutationtest.engine.gregor.mutators.RemoveConditionalMutator_ORDER_ELSE,iterator,1220,TIMED_OUT,none
DateUtils.java,org.apache.commons.lang3.time.DateUtils,org.pitest.mutationtest.engine.gregor.mutators.RemoveConditionalMutator_ORDER_IF,iterator,1211,SURVIVED,none
DateUtils.java,org.apache.commons.lang3.time.DateUtils,org.pitest.mutationtest.engine.gregor.mutators.RemoveConditionalMutator_ORDER_IF,iterator,1214,TIMED_OUT,none
DateUtils.java,org.apache.commons.lang3.time.DateUtils,org.pitest.mutationtest.engine.gregor.mutators.RemoveConditionalMutator_ORDER_IF,iterator,1217,TIMED_OUT,none
DateUtils.java,org.apache.commons.lang3.time.DateUtils,org.pitest.mutationtest.engine.gregor.mutators.RemoveConditionalMutator_ORDER_IF,iterator,1220,TIMED_OUT,none
DateUtils.java,org.apache.commons.lang3.time.DateUtils,org.pitest.mutationtest.engine.gregor.mutators.ReturnValsMutator,iterator,1229,KILLED,org.apache.commons.lang3.time.DateUtils_ESTest.test101
DateUtils.java,org.apache.commons.lang3.time.DateUtils,org.pitest.mutationtest.engine.gregor.mutators.VoidMethodCallMutator,iterator,1173,SURVIVED,none
DateUtils.java,org.apache.commons.lang3.time.DateUtils,org.pitest.mutationtest.engine.gregor.mutators.VoidMethodCallMutator,iterator,1174,SURVIVED,none
DateUtils.java,org.apache.commons.lang3.time.DateUtils,org.pitest.mutationtest.engine.gregor.mutators.VoidMethodCallMutator,iterator,1224,TIMED_OUT,none
DateUtils.java,org.apache.commons.lang3.time.DateUtils,org.pitest.mutationtest.engine.gregor.mutators.VoidMethodCallMutator,iterator,1227,TIMED_OUT,none
DateUtils.java,org.apache.commons.lang3.time.DateUtils,org.pitest.mutationtest.engine.gregor.mutators.experimental.NakedReceiverMutator,iterator,1209,SURVIVED,none
DateUtils.java,org.apache.commons.lang3.time.DateUtils,org.pitest.mutationtest.engine.gregor.mutators.experimental.NakedReceiverMutator,iterator,1209,SURVIVED,none
DateUtils.java,org.apache.commons.lang3.time.DateUtils,org.pitest.mutationtest.engine.gregor.mutators.experimental.NakedReceiverMutator,iterator,1209,SURVIVED,none
DateUtils.java,org.apache.commons.lang3.time.DateUtils,org.pitest.mutationtest.engine.gregor.mutators.experimental.RemoveIncrementsMutator,iterator,1212,TIMED_OUT,none
DateUtils.java,org.apache.commons.lang3.time.DateUtils,org.pitest.mutationtest.engine.gregor.mutators.experimental.RemoveIncrementsMutator,iterator,1215,NO_COVERAGE,none
DateUtils.java,org.apache.commons.lang3.time.DateUtils,org.pitest.mutationtest.engine.gregor.mutators.experimental.RemoveIncrementsMutator,iterator,1218,TIMED_OUT,none
DateUtils.java,org.apache.commons.lang3.time.DateUtils,org.pitest.mutationtest.engine.gregor.mutators.experimental.RemoveIncrementsMutator,iterator,1221,TIMED_OUT,none
DateUtils.java,org.apache.commons.lang3.time.DateUtils,org.pitest.mutationtest.engine.gregor.mutators.experimental.RemoveSwitchMutator_0,iterator,1166,KILLED,org.apache.commons.lang3.time.DateUtils_ESTest.test101
DateUtils.java,org.apache.commons.lang3.time.DateUtils,org.pitest.mutationtest.engine.gregor.mutators.experimental.RemoveSwitchMutator_0,iterator,1188,SURVIVED,none
DateUtils.java,org.apache.commons.lang3.time.DateUtils,org.pitest.mutationtest.engine.gregor.mutators.experimental.RemoveSwitchMutator_1,iterator,1166,KILLED,org.apache.commons.lang3.time.DateUtils_ESTest.test021
DateUtils.java,org.apache.commons.lang3.time.DateUtils,org.pitest.mutationtest.engine.gregor.mutators.experimental.RemoveSwitchMutator_1,iterator,1188,SURVIVED,none
DateUtils.java,org.apache.commons.lang3.time.DateUtils,org.pitest.mutationtest.engine.gregor.mutators.experimental.RemoveSwitchMutator_2,iterator,1166,KILLED,org.apache.commons.lang3.time.DateUtils_ESTest.test020
DateUtils.java,org.apache.commons.lang3.time.DateUtils,org.pitest.mutationtest.engine.gregor.mutators.experimental.RemoveSwitchMutator_2,iterator,1188,SURVIVED,none
DateUtils.java,org.apache.commons.lang3.time.DateUtils,org.pitest.mutationtest.engine.gregor.mutators.experimental.RemoveSwitchMutator_3,iterator,1166,KILLED,org.apache.commons.lang3.time.DateUtils_ESTest.test017
DateUtils.java,org.apache.commons.lang3.time.DateUtils,org.pitest.mutationtest.engine.gregor.mutators.experimental.RemoveSwitchMutator_3,iterator,1188,SURVIVED,none
DateUtils.java,org.apache.commons.lang3.time.DateUtils,org.pitest.mutationtest.engine.gregor.mutators.experimental.RemoveSwitchMutator_4,iterator,1166,KILLED,org.apache.commons.lang3.time.DateUtils_ESTest.test018
DateUtils.java,org.apache.commons.lang3.time.DateUtils,org.pitest.mutationtest.engine.gregor.mutators.experimental.RemoveSwitchMutator_5,iterator,1166,KILLED,org.apache.commons.lang3.time.DateUtils_ESTest.test043
DateUtils.java,org.apache.commons.lang3.time.DateUtils,org.pitest.mutationtest.engine.gregor.mutators.experimental.SwitchMutator,iterator,1166,KILLED,org.apache.commons.lang3.time.DateUtils_ESTest.test101
DateUtils.java,org.apache.commons.lang3.time.DateUtils,org.pitest.mutationtest.engine.gregor.mutators.experimental.SwitchMutator,iterator,1188,SURVIVED,none
DateUtils.java,org.apache.commons.lang3.time.DateUtils,org.pitest.mutationtest.engine.gregor.mutators.NonVoidMethodCallMutator,iterator,1129,KILLED,org.apache.commons.lang3.time.DateUtils_ESTest.test101
DateUtils.java,org.apache.commons.lang3.time.DateUtils,org.pitest.mutationtest.engine.gregor.mutators.NonVoidMethodCallMutator,iterator,1131,KILLED,org.apache.commons.lang3.time.DateUtils_ESTest.test101
DateUtils.java,org.apache.commons.lang3.time.DateUtils,org.pitest.mutationtest.engine.gregor.mutators.NullReturnValsMutator,iterator,1131,KILLED,org.apache.commons.lang3.time.DateUtils_ESTest.test101
DateUtils.java,org.apache.commons.lang3.time.DateUtils,org.pitest.mutationtest.engine.gregor.mutators.ReturnValsMutator,iterator,1131,KILLED,org.apache.commons.lang3.time.DateUtils_ESTest.test101
DateUtils.java,org.apache.commons.lang3.time.DateUtils,org.pitest.mutationtest.engine.gregor.mutators.VoidMethodCallMutator,iterator,1128,SURVIVED,none
DateUtils.java,org.apache.commons.lang3.time.DateUtils,org.pitest.mutationtest.engine.gregor.mutators.VoidMethodCallMutator,iterator,1130,SURVIVED,none
DateUtils.java,org.apache.commons.lang3.time.DateUtils,org.pitest.mutationtest.engine.gregor.mutators.ArgumentPropagationMutator,modify,963,KILLED,org.apache.commons.lang3.time.DateUtils_ESTest.test030
DateUtils.java,org.apache.commons.lang3.time.DateUtils,org.pitest.mutationtest.engine.gregor.mutators.ArgumentPropagationMutator,modify,982,SURVIVED,none
DateUtils.java,org.apache.commons.lang3.time.DateUtils,org.pitest.mutationtest.engine.gregor.mutators.ArgumentPropagationMutator,modify,991,SURVIVED,none
DateUtils.java,org.apache.commons.lang3.time.DateUtils,org.pitest.mutationtest.engine.gregor.mutators.ArgumentPropagationMutator,modify,1000,SURVIVED,none
DateUtils.java,org.apache.commons.lang3.time.DateUtils,org.pitest.mutationtest.engine.gregor.mutators.ArgumentPropagationMutator,modify,1022,KILLED,org.apache.commons.lang3.time.DateUtils_ESTest.test063
DateUtils.java,org.apache.commons.lang3.time.DateUtils,org.pitest.mutationtest.engine.gregor.mutators.ArgumentPropagationMutator,modify,1033,SURVIVED,none
DateUtils.java,org.apache.commons.lang3.time.DateUtils,org.pitest.mutationtest.engine.gregor.mutators.ArgumentPropagationMutator,modify,1059,KILLED,org.apache.commons.lang3.time.DateUtils_ESTest.test063
DateUtils.java,org.apache.commons.lang3.time.DateUtils,org.pitest.mutationtest.engine.gregor.mutators.ArgumentPropagationMutator,modify,1074,SURVIVED,none
DateUtils.java,org.apache.commons.lang3.time.DateUtils,org.pitest.mutationtest.engine.gregor.mutators.ArgumentPropagationMutator,modify,1086,KILLED,org.apache.commons.lang3.time.DateUtils_ESTest.test039
DateUtils.java,org.apache.commons.lang3.time.DateUtils,org.pitest.mutationtest.engine.gregor.mutators.ArgumentPropagationMutator,modify,1087,KILLED,org.apache.commons.lang3.time.DateUtils_ESTest.test055
DateUtils.java,org.apache.commons.lang3.time.DateUtils,org.pitest.mutationtest.engine.gregor.mutators.ArgumentPropagationMutator,modify,1089,KILLED,org.apache.commons.lang3.time.DateUtils_ESTest.test039
DateUtils.java,org.apache.commons.lang3.time.DateUtils,org.pitest.mutationtest.engine.gregor.mutators.ArgumentPropagationMutator,modify,1095,KILLED,org.apache.commons.lang3.time.DateUtils_ESTest.test049
DateUtils.java,org.apache.commons.lang3.time.DateUtils,org.pitest.mutationtest.engine.gregor.mutators.ConditionalsBoundaryMutator,modify,963,SURVIVED,none
DateUtils.java,org.apache.commons.lang3.time.DateUtils,org.pitest.mutationtest.engine.gregor.mutators.ConditionalsBoundaryMutator,modify,983,SURVIVED,none
DateUtils.java,org.apache.commons.lang3.time.DateUtils,org.pitest.mutationtest.engine.gregor.mutators.ConditionalsBoundaryMutator,modify,992,SURVIVED,none
DateUtils.java,org.apache.commons.lang3.time.DateUtils,org.pitest.mutationtest.engine.gregor.mutators.ConditionalsBoundaryMutator,modify,1001,SURVIVED,none
DateUtils.java,org.apache.commons.lang3.time.DateUtils,org.pitest.mutationtest.engine.gregor.mutators.ConditionalsBoundaryMutator,modify,1062,SURVIVED,none
DateUtils.java,org.apache.commons.lang3.time.DateUtils,org.pitest.mutationtest.engine.gregor.mutators.ConditionalsBoundaryMutator,modify,1066,SURVIVED,none
DateUtils.java,org.apache.commons.lang3.time.DateUtils,org.pitest.mutationtest.engine.gregor.mutators.ConditionalsBoundaryMutator,modify,1075,SURVIVED,none
DateUtils.java,org.apache.commons.lang3.time.DateUtils,org.pitest.mutationtest.engine.gregor.mutators.ConditionalsBoundaryMutator,modify,1078,SURVIVED,none
DateUtils.java,org.apache.commons.lang3.time.DateUtils,org.pitest.mutationtest.engine.gregor.mutators.ConditionalsBoundaryMutator,modify,1091,KILLED,org.apache.commons.lang3.time.DateUtils_ESTest.test055
DateUtils.java,org.apache.commons.lang3.time.DateUtils,org.pitest.mutationtest.engine.gregor.mutators.ConstructorCallMutator,modify,964,KILLED,org.apache.commons.lang3.time.DateUtils_ESTest.test031
DateUtils.java,org.apache.commons.lang3.time.DateUtils,org.pitest.mutationtest.engine.gregor.mutators.ConstructorCallMutator,modify,1098,KILLED,org.apache.commons.lang3.time.DateUtils_ESTest.test073
DateUtils.java,org.apache.commons.lang3.time.DateUtils,org.pitest.mutationtest.engine.gregor.mutators.ConstructorCallMutator,modify,1098,KILLED,org.apache.commons.lang3.time.DateUtils_ESTest.test073
DateUtils.java,org.apache.commons.lang3.time.DateUtils,org.pitest.mutationtest.engine.gregor.mutators.IncrementsMutator,modify,1063,KILLED,org.apache.commons.lang3.time.DateUtils_ESTest.test026
DateUtils.java,org.apache.commons.lang3.time.DateUtils,org.pitest.mutationtest.engine.gregor.mutators.IncrementsMutator,modify,1076,SURVIVED,none
DateUtils.java,org.apache.commons.lang3.time.DateUtils,org.pitest.mutationtest.engine.gregor.mutators.IncrementsMutator,modify,1013,KILLED,org.apache.commons.lang3.time.DateUtils_ESTest.test078
DateUtils.java,org.apache.commons.lang3.time.DateUtils,org.pitest.mutationtest.engine.gregor.mutators.InlineConstantMutator,modify,963,KILLED,org.apache.commons.lang3.time.DateUtils_ESTest.test031
DateUtils.java,org.apache.commons.lang3.time.DateUtils,org.pitest.mutationtest.engine.gregor.mutators.InlineConstantMutator,modify,963,SURVIVED,none
DateUtils.java,org.apache.commons.lang3.time.DateUtils,org.pitest.mutationtest.engine.gregor.mutators.InlineConstantMutator,modify,967,KILLED,org.apache.commons.lang3.time.DateUtils_ESTest.test030
DateUtils.java,org.apache.commons.lang3.time.DateUtils,org.pitest.mutationtest.engine.gregor.mutators.InlineConstantMutator,modify,979,SURVIVED,none
DateUtils.java,org.apache.commons.lang3.time.DateUtils,org.pitest.mutationtest.engine.gregor.mutators.InlineConstantMutator,modify,982,SURVIVED,none
DateUtils.java,org.apache.commons.lang3.time.DateUtils,org.pitest.mutationtest.engine.gregor.mutators.InlineConstantMutator,modify,983,SURVIVED,none
DateUtils.java,org.apache.commons.lang3.time.DateUtils,org.pitest.mutationtest.engine.gregor.mutators.InlineConstantMutator,modify,986,KILLED,org.apache.commons.lang3.time.DateUtils_ESTest.test078
DateUtils.java,org.apache.commons.lang3.time.DateUtils,org.pitest.mutationtest.engine.gregor.mutators.InlineConstantMutator,modify,987,KILLED,org.apache.commons.lang3.time.DateUtils_ESTest.test078
DateUtils.java,org.apache.commons.lang3.time.DateUtils,org.pitest.mutationtest.engine.gregor.mutators.InlineConstantMutator,modify,991,KILLED,org.apache.commons.lang3.time.DateUtils_ESTest.test051
DateUtils.java,org.apache.commons.lang3.time.DateUtils,org.pitest.mutationtest.engine.gregor.mutators.InlineConstantMutator,modify,992,SURVIVED,none
DateUtils.java,org.apache.commons.lang3.time.DateUtils,org.pitest.mutationtest.engine.gregor.mutators.InlineConstantMutator,modify,993,KILLED,org.apache.commons.lang3.time.DateUtils_ESTest.test051
DateUtils.java,org.apache.commons.lang3.time.DateUtils,org.pitest.mutationtest.engine.gregor.mutators.InlineConstantMutator,modify,995,KILLED,org.apache.commons.lang3.time.DateUtils_ESTest.test039
DateUtils.java,org.apache.commons.lang3.time.DateUtils,org.pitest.mutationtest.engine.gregor.mutators.InlineConstantMutator,modify,996,KILLED,org.apache.commons.lang3.time.DateUtils_ESTest.test039
DateUtils.java,org.apache.commons.lang3.time.DateUtils,org.pitest.mutationtest.engine.gregor.mutators.InlineConstantMutator,modify,1000,SURVIVED,none
DateUtils.java,org.apache.commons.lang3.time.DateUtils,org.pitest.mutationtest.engine.gregor.mutators.InlineConstantMutator,modify,1001,SURVIVED,none
DateUtils.java,org.apache.commons.lang3.time.DateUtils,org.pitest.mutationtest.engine.gregor.mutators.InlineConstantMutator,modify,1002,KILLED,org.apache.commons.lang3.time.DateUtils_ESTest.test051
DateUtils.java,org.apache.commons.lang3.time.DateUtils,org.pitest.mutationtest.engine.gregor.mutators.InlineConstantMutator,modify,1012,SURVIVED,none
DateUtils.java,org.apache.commons.lang3.time.DateUtils,org.pitest.mutationtest.engine.gregor.mutators.InlineConstantMutator,modify,1018,KILLED,org.apache.commons.lang3.time.DateUtils_ESTest.test063
DateUtils.java,org.apache.commons.lang3.time.DateUtils,org.pitest.mutationtest.engine.gregor.mutators.InlineConstantMutator,modify,1022,KILLED,org.apache.commons.lang3.time.DateUtils_ESTest.test063
DateUtils.java,org.apache.commons.lang3.time.DateUtils,org.pitest.mutationtest.engine.gregor.mutators.InlineConstantMutator,modify,1022,KILLED,org.apache.commons.lang3.time.DateUtils_ESTest.test063
DateUtils.java,org.apache.commons.lang3.time.DateUtils,org.pitest.mutationtest.engine.gregor.mutators.InlineConstantMutator,modify,1023,SURVIVED,none
DateUtils.java,org.apache.commons.lang3.time.DateUtils,org.pitest.mutationtest.engine.gregor.mutators.InlineConstantMutator,modify,1023,KILLED,org.apache.commons.lang3.time.DateUtils_ESTest.test063
DateUtils.java,org.apache.commons.lang3.time.DateUtils,org.pitest.mutationtest.engine.gregor.mutators.InlineConstantMutator,modify,1025,SURVIVED,none
DateUtils.java,org.apache.commons.lang3.time.DateUtils,org.pitest.mutationtest.engine.gregor.mutators.InlineConstantMutator,modify,1025,KILLED,org.apache.commons.lang3.time.DateUtils_ESTest.test026
DateUtils.java,org.apache.commons.lang3.time.DateUtils,org.pitest.mutationtest.engine.gregor.mutators.InlineConstantMutator,modify,1026,KILLED,org.apache.commons.lang3.time.DateUtils_ESTest.test026
DateUtils.java,org.apache.commons.lang3.time.DateUtils,org.pitest.mutationtest.engine.gregor.mutators.InlineConstantMutator,modify,1026,KILLED,org.apache.commons.lang3.time.DateUtils_ESTest.test026
DateUtils.java,org.apache.commons.lang3.time.DateUtils,org.pitest.mutationtest.engine.gregor.mutators.InlineConstantMutator,modify,1029,SURVIVED,none
DateUtils.java,org.apache.commons.lang3.time.DateUtils,org.pitest.mutationtest.engine.gregor.mutators.InlineConstantMutator,modify,1033,SURVIVED,none
DateUtils.java,org.apache.commons.lang3.time.DateUtils,org.pitest.mutationtest.engine.gregor.mutators.InlineConstantMutator,modify,1034,SURVIVED,none
DateUtils.java,org.apache.commons.lang3.time.DateUtils,org.pitest.mutationtest.engine.gregor.mutators.InlineConstantMutator,modify,1034,SURVIVED,none
DateUtils.java,org.apache.commons.lang3.time.DateUtils,org.pitest.mutationtest.engine.gregor.mutators.InlineConstantMutator,modify,1036,SURVIVED,none
DateUtils.java,org.apache.commons.lang3.time.DateUtils,org.pitest.mutationtest.engine.gregor.mutators.InlineConstantMutator,modify,1036,SURVIVED,none
DateUtils.java,org.apache.commons.lang3.time.DateUtils,org.pitest.mutationtest.engine.gregor.mutators.InlineConstantMutator,modify,1037,SURVIVED,none
DateUtils.java,org.apache.commons.lang3.time.DateUtils,org.pitest.mutationtest.engine.gregor.mutators.InlineConstantMutator,modify,1037,SURVIVED,none
DateUtils.java,org.apache.commons.lang3.time.DateUtils,org.pitest.mutationtest.engine.gregor.mutators.InlineConstantMutator,modify,1043,KILLED,org.apache.commons.lang3.time.DateUtils_ESTest.test061
DateUtils.java,org.apache.commons.lang3.time.DateUtils,org.pitest.mutationtest.engine.gregor.mutators.InlineConstantMutator,modify,1043,KILLED,org.apache.commons.lang3.time.DateUtils_ESTest.test061
DateUtils.java,org.apache.commons.lang3.time.DateUtils,org.pitest.mutationtest.engine.gregor.mutators.InlineConstantMutator,modify,1050,SURVIVED,none
DateUtils.java,org.apache.commons.lang3.time.DateUtils,org.pitest.mutationtest.engine.gregor.mutators.InlineConstantMutator,modify,1051,KILLED,org.apache.commons.lang3.time.DateUtils_ESTest.test049
DateUtils.java,org.apache.commons.lang3.time.DateUtils,org.pitest.mutationtest.engine.gregor.mutators.InlineConstantMutator,modify,1055,KILLED,org.apache.commons.lang3.time.DateUtils_ESTest.test020
DateUtils.java,org.apache.commons.lang3.time.DateUtils,org.pitest.mutationtest.engine.gregor.mutators.InlineConstantMutator,modify,1055,KILLED,org.apache.commons.lang3.time.DateUtils_ESTest.test063
DateUtils.java,org.apache.commons.lang3.time.DateUtils,org.pitest.mutationtest.engine.gregor.mutators.InlineConstantMutator,modify,1059,KILLED,org.apache.commons.lang3.time.DateUtils_ESTest.test063
DateUtils.java,org.apache.commons.lang3.time.DateUtils,org.pitest.mutationtest.engine.gregor.mutators.InlineConstantMutator,modify,1059,KILLED,org.apache.commons.lang3.time.DateUtils_ESTest.test026
DateUtils.java,org.apache.commons.lang3.time.DateUtils,org.pitest.mutationtest.engine.gregor.mutators.InlineConstantMutator,modify,1062,SURVIVED,none
DateUtils.java,org.apache.commons.lang3.time.DateUtils,org.pitest.mutationtest.engine.gregor.mutators.InlineConstantMutator,modify,1066,SURVIVED,none
DateUtils.java,org.apache.commons.lang3.time.DateUtils,org.pitest.mutationtest.engine.gregor.mutators.InlineConstantMutator,modify,1066,KILLED,org.apache.commons.lang3.time.DateUtils_ESTest.test063
DateUtils.java,org.apache.commons.lang3.time.DateUtils,org.pitest.mutationtest.engine.gregor.mutators.InlineConstantMutator,modify,1066,SURVIVED,none
DateUtils.java,org.apache.commons.lang3.time.DateUtils,org.pitest.mutationtest.engine.gregor.mutators.InlineConstantMutator,modify,1067,KILLED,org.apache.commons.lang3.time.DateUtils_ESTest.test063
DateUtils.java,org.apache.commons.lang3.time.DateUtils,org.pitest.mutationtest.engine.gregor.mutators.InlineConstantMutator,modify,1071,KILLED,org.apache.commons.lang3.time.DateUtils_ESTest.test024
DateUtils.java,org.apache.commons.lang3.time.DateUtils,org.pitest.mutationtest.engine.gregor.mutators.InlineConstantMutator,modify,1071,SURVIVED,none
DateUtils.java,org.apache.commons.lang3.time.DateUtils,org.pitest.mutationtest.engine.gregor.mutators.InlineConstantMutator,modify,1074,SURVIVED,none
DateUtils.java,org.apache.commons.lang3.time.DateUtils,org.pitest.mutationtest.engine.gregor.mutators.InlineConstantMutator,modify,1075,SURVIVED,none
DateUtils.java,org.apache.commons.lang3.time.DateUtils,org.pitest.mutationtest.engine.gregor.mutators.InlineConstantMutator,modify,1078,SURVIVED,none
DateUtils.java,org.apache.commons.lang3.time.DateUtils,org.pitest.mutationtest.engine.gregor.mutators.InlineConstantMutator,modify,1078,SURVIVED,none
DateUtils.java,org.apache.commons.lang3.time.DateUtils,org.pitest.mutationtest.engine.gregor.mutators.InlineConstantMutator,modify,1078,SURVIVED,none
DateUtils.java,org.apache.commons.lang3.time.DateUtils,org.pitest.mutationtest.engine.gregor.mutators.InlineConstantMutator,modify,1079,SURVIVED,none
DateUtils.java,org.apache.commons.lang3.time.DateUtils,org.pitest.mutationtest.engine.gregor.mutators.InlineConstantMutator,modify,1086,KILLED,org.apache.commons.lang3.time.DateUtils_ESTest.test078
DateUtils.java,org.apache.commons.lang3.time.DateUtils,org.pitest.mutationtest.engine.gregor.mutators.InlineConstantMutator,modify,1087,KILLED,org.apache.commons.lang3.time.DateUtils_ESTest.test078
DateUtils.java,org.apache.commons.lang3.time.DateUtils,org.pitest.mutationtest.engine.gregor.mutators.InlineConstantMutator,modify,1089,KILLED,org.apache.commons.lang3.time.DateUtils_ESTest.test078
DateUtils.java,org.apache.commons.lang3.time.DateUtils,org.pitest.mutationtest.engine.gregor.mutators.InlineConstantMutator,modify,1091,KILLED,org.apache.commons.lang3.time.DateUtils_ESTest.test055
DateUtils.java,org.apache.commons.lang3.time.DateUtils,org.pitest.mutationtest.engine.gregor.mutators.InlineConstantMutator,modify,1091,SURVIVED,none
DateUtils.java,org.apache.commons.lang3.time.DateUtils,org.pitest.mutationtest.engine.gregor.mutators.InlineConstantMutator,modify,1091,KILLED,org.apache.commons.lang3.time.DateUtils_ESTest.test039
DateUtils.java,org.apache.commons.lang3.time.DateUtils,org.pitest.mutationtest.engine.gregor.mutators.InlineConstantMutator,modify,1095,KILLED,org.apache.commons.lang3.time.DateUtils_ESTest.test049
DateUtils.java,org.apache.commons.lang3.time.DateUtils,org.pitest.mutationtest.engine.gregor.mutators.InlineConstantMutator,modify,1095,KILLED,org.apache.commons.lang3.time.DateUtils_ESTest.test049
DateUtils.java,org.apache.commons.lang3.time.DateUtils,org.pitest.mutationtest.engine.gregor.mutators.MathMutator,modify,984,SURVIVED,none
DateUtils.java,org.apache.commons.lang3.time.DateUtils,org.pitest.mutationtest.engine.gregor.mutators.MathMutator,modify,993,SURVIVED,none
DateUtils.java,org.apache.commons.lang3.time.DateUtils,org.pitest.mutationtest.engine.gregor.mutators.MathMutator,modify,993,KILLED,org.apache.commons.lang3.time.DateUtils_ESTest.test039
DateUtils.java,org.apache.commons.lang3.time.DateUtils,org.pitest.mutationtest.engine.gregor.mutators.MathMutator,modify,1002,SURVIVED,none
DateUtils.java,org.apache.commons.lang3.time.DateUtils,org.pitest.mutationtest.engine.gregor.mutators.MathMutator,modify,1002,SURVIVED,none
DateUtils.java,org.apache.commons.lang3.time.DateUtils,org.pitest.mutationtest.engine.gregor.mutators.MathMutator,modify,1059,KILLED,org.apache.commons.lang3.time.DateUtils_ESTest.test063
DateUtils.java,org.apache.commons.lang3.time.DateUtils,org.pitest.mutationtest.engine.gregor.mutators.MathMutator,modify,1089,KILLED,org.apache.commons.lang3.time.DateUtils_ESTest.test049
DateUtils.java,org.apache.commons.lang3.time.DateUtils,org.pitest.mutationtest.engine.gregor.mutators.MathMutator,modify,1091,SURVIVED,none
DateUtils.java,org.apache.commons.lang3.time.DateUtils,org.pitest.mutationtest.engine.gregor.mutators.MathMutator,modify,1091,SURVIVED,none
DateUtils.java,org.apache.commons.lang3.time.DateUtils,org.pitest.mutationtest.engine.gregor.mutators.MathMutator,modify,1095,KILLED,org.apache.commons.lang3.time.DateUtils_ESTest.test049
DateUtils.java,org.apache.commons.lang3.time.DateUtils,org.pitest.mutationtest.engine.gregor.mutators.NegateConditionalsMutator,modify,963,KILLED,org.apache.commons.lang3.time.DateUtils_ESTest.test030
DateUtils.java,org.apache.commons.lang3.time.DateUtils,org.pitest.mutationtest.engine.gregor.mutators.NegateConditionalsMutator,modify,967,KILLED,org.apache.commons.lang3.time.DateUtils_ESTest.test030
DateUtils.java,org.apache.commons.lang3.time.DateUtils,org.pitest.mutationtest.engine.gregor.mutators.NegateConditionalsMutator,modify,983,SURVIVED,none
DateUtils.java,org.apache.commons.lang3.time.DateUtils,org.pitest.mutationtest.engine.gregor.mutators.NegateConditionalsMutator,modify,983,SURVIVED,none
DateUtils.java,org.apache.commons.lang3.time.DateUtils,org.pitest.mutationtest.engine.gregor.mutators.NegateConditionalsMutator,modify,986,KILLED,org.apache.commons.lang3.time.DateUtils_ESTest.test078
DateUtils.java,org.apache.commons.lang3.time.DateUtils,org.pitest.mutationtest.engine.gregor.mutators.NegateConditionalsMutator,modify,992,KILLED,org.apache.commons.lang3.time.DateUtils_ESTest.test078
DateUtils.java,org.apache.commons.lang3.time.DateUtils,org.pitest.mutationtest.engine.gregor.mutators.NegateConditionalsMutator,modify,992,SURVIVED,none
DateUtils.java,org.apache.commons.lang3.time.DateUtils,org.pitest.mutationtest.engine.gregor.mutators.NegateConditionalsMutator,modify,992,SURVIVED,none
DateUtils.java,org.apache.commons.lang3.time.DateUtils,org.pitest.mutationtest.engine.gregor.mutators.NegateConditionalsMutator,modify,995,KILLED,org.apache.commons.lang3.time.DateUtils_ESTest.test039
DateUtils.java,org.apache.commons.lang3.time.DateUtils,org.pitest.mutationtest.engine.gregor.mutators.NegateConditionalsMutator,modify,1001,KILLED,org.apache.commons.lang3.time.DateUtils_ESTest.test039
DateUtils.java,org.apache.commons.lang3.time.DateUtils,org.pitest.mutationtest.engine.gregor.mutators.NegateConditionalsMutator,modify,1001,SURVIVED,none
DateUtils.java,org.apache.commons.lang3.time.DateUtils,org.pitest.mutationtest.engine.gregor.mutators.NegateConditionalsMutator,modify,1001,SURVIVED,none
DateUtils.java,org.apache.commons.lang3.time.DateUtils,org.pitest.mutationtest.engine.gregor.mutators.NegateConditionalsMutator,modify,1006,SURVIVED,none
DateUtils.java,org.apache.commons.lang3.time.DateUtils,org.pitest.mutationtest.engine.gregor.mutators.NegateConditionalsMutator,modify,1015,KILLED,org.apache.commons.lang3.time.DateUtils_ESTest.test049
DateUtils.java,org.apache.commons.lang3.time.DateUtils,org.pitest.mutationtest.engine.gregor.mutators.NegateConditionalsMutator,modify,1017,KILLED,org.apache.commons.lang3.time.DateUtils_ESTest.test039
DateUtils.java,org.apache.commons.lang3.time.DateUtils,org.pitest.mutationtest.engine.gregor.mutators.NegateConditionalsMutator,modify,1017,KILLED,org.apache.commons.lang3.time.DateUtils_ESTest.test049
DateUtils.java,org.apache.commons.lang3.time.DateUtils,org.pitest.mutationtest.engine.gregor.mutators.NegateConditionalsMutator,modify,1017,KILLED,org.apache.commons.lang3.time.DateUtils_ESTest.test039
DateUtils.java,org.apache.commons.lang3.time.DateUtils,org.pitest.mutationtest.engine.gregor.mutators.NegateConditionalsMutator,modify,1018,KILLED,org.apache.commons.lang3.time.DateUtils_ESTest.test061
DateUtils.java,org.apache.commons.lang3.time.DateUtils,org.pitest.mutationtest.engine.gregor.mutators.NegateConditionalsMutator,modify,1022,KILLED,org.apache.commons.lang3.time.DateUtils_ESTest.test063
DateUtils.java,org.apache.commons.lang3.time.DateUtils,org.pitest.mutationtest.engine.gregor.mutators.NegateConditionalsMutator,modify,1029,KILLED,org.apache.commons.lang3.time.DateUtils_ESTest.test061
DateUtils.java,org.apache.commons.lang3.time.DateUtils,org.pitest.mutationtest.engine.gregor.mutators.NegateConditionalsMutator,modify,1033,SURVIVED,none
DateUtils.java,org.apache.commons.lang3.time.DateUtils,org.pitest.mutationtest.engine.gregor.mutators.NegateConditionalsMutator,modify,1055,KILLED,org.apache.commons.lang3.time.DateUtils_ESTest.test063
DateUtils.java,org.apache.commons.lang3.time.DateUtils,org.pitest.mutationtest.engine.gregor.mutators.NegateConditionalsMutator,modify,1062,KILLED,org.apache.commons.lang3.time.DateUtils_ESTest.test026
DateUtils.java,org.apache.commons.lang3.time.DateUtils,org.pitest.mutationtest.engine.gregor.mutators.NegateConditionalsMutator,modify,1066,KILLED,org.apache.commons.lang3.time.DateUtils_ESTest.test063
DateUtils.java,org.apache.commons.lang3.time.DateUtils,org.pitest.mutationtest.engine.gregor.mutators.NegateConditionalsMutator,modify,1071,SURVIVED,none
DateUtils.java,org.apache.commons.lang3.time.DateUtils,org.pitest.mutationtest.engine.gregor.mutators.NegateConditionalsMutator,modify,1075,SURVIVED,none
DateUtils.java,org.apache.commons.lang3.time.DateUtils,org.pitest.mutationtest.engine.gregor.mutators.NegateConditionalsMutator,modify,1078,SURVIVED,none
DateUtils.java,org.apache.commons.lang3.time.DateUtils,org.pitest.mutationtest.engine.gregor.mutators.NegateConditionalsMutator,modify,1085,KILLED,org.apache.commons.lang3.time.DateUtils_ESTest.test049
DateUtils.java,org.apache.commons.lang3.time.DateUtils,org.pitest.mutationtest.engine.gregor.mutators.NegateConditionalsMutator,modify,1091,KILLED,org.apache.commons.lang3.time.DateUtils_ESTest.test039
DateUtils.java,org.apache.commons.lang3.time.DateUtils,org.pitest.mutationtest.engine.gregor.mutators.NegateConditionalsMutator,modify,1094,KILLED,org.apache.commons.lang3.time.DateUtils_ESTest.test049
DateUtils.java,org.apache.commons.lang3.time.DateUtils,org.pitest.mutationtest.engine.gregor.mutators.NonVoidMethodCallMutator,modify,963,KILLED,org.apache.commons.lang3.time.DateUtils_ESTest.test030
DateUtils.java,org.apache.commons.lang3.time.DateUtils,org.pitest.mutationtest.engine.gregor.mutators.NonVoidMethodCallMutator,modify,977,KILLED,org.apache.commons.lang3.time.DateUtils_ESTest.test078
DateUtils.java,org.apache.commons.lang3.time.DateUtils,org.pitest.mutationtest.engine.gregor.mutators.NonVoidMethodCallMutator,modify,978,KILLED,org.apache.commons.lang3.time.DateUtils_ESTest.test078
DateUtils.java,org.apache.commons.lang3.time.DateUtils,org.pitest.mutationtest.engine.gregor.mutators.NonVoidMethodCallMutator,modify,982,SURVIVED,none
DateUtils.java,org.apache.commons.lang3.time.DateUtils,org.pitest.mutationtest.engine.gregor.mutators.NonVoidMethodCallMutator,modify,991,SURVIVED,none
DateUtils.java,org.apache.commons.lang3.time.DateUtils,org.pitest.mutationtest.engine.gregor.mutators.NonVoidMethodCallMutator,modify,1000,SURVIVED,none
DateUtils.java,org.apache.commons.lang3.time.DateUtils,org.pitest.mutationtest.engine.gregor.mutators.NonVoidMethodCallMutator,modify,1006,SURVIVED,none
DateUtils.java,org.apache.commons.lang3.time.DateUtils,org.pitest.mutationtest.engine.gregor.mutators.NonVoidMethodCallMutator,modify,1022,KILLED,org.apache.commons.lang3.time.DateUtils_ESTest.test063
DateUtils.java,org.apache.commons.lang3.time.DateUtils,org.pitest.mutationtest.engine.gregor.mutators.NonVoidMethodCallMutator,modify,1033,SURVIVED,none
DateUtils.java,org.apache.commons.lang3.time.DateUtils,org.pitest.mutationtest.engine.gregor.mutators.NonVoidMethodCallMutator,modify,1059,KILLED,org.apache.commons.lang3.time.DateUtils_ESTest.test063
DateUtils.java,org.apache.commons.lang3.time.DateUtils,org.pitest.mutationtest.engine.gregor.mutators.NonVoidMethodCallMutator,modify,1074,SURVIVED,none
DateUtils.java,org.apache.commons.lang3.time.DateUtils,org.pitest.mutationtest.engine.gregor.mutators.NonVoidMethodCallMutator,modify,1086,KILLED,org.apache.commons.lang3.time.DateUtils_ESTest.test049
DateUtils.java,org.apache.commons.lang3.time.DateUtils,org.pitest.mutationtest.engine.gregor.mutators.NonVoidMethodCallMutator,modify,1087,KILLED,org.apache.commons.lang3.time.DateUtils_ESTest.test055
DateUtils.java,org.apache.commons.lang3.time.DateUtils,org.pitest.mutationtest.engine.gregor.mutators.NonVoidMethodCallMutator,modify,1089,KILLED,org.apache.commons.lang3.time.DateUtils_ESTest.test049
DateUtils.java,org.apache.commons.lang3.time.DateUtils,org.pitest.mutationtest.engine.gregor.mutators.NonVoidMethodCallMutator,modify,1095,KILLED,org.apache.commons.lang3.time.DateUtils_ESTest.test049
DateUtils.java,org.apache.commons.lang3.time.DateUtils,org.pitest.mutationtest.engine.gregor.mutators.NonVoidMethodCallMutator,modify,1098,KILLED,org.apache.commons.lang3.time.DateUtils_ESTest.test073
DateUtils.java,org.apache.commons.lang3.time.DateUtils,org.pitest.mutationtest.engine.gregor.mutators.NonVoidMethodCallMutator,modify,1098,KILLED,org.apache.commons.lang3.time.DateUtils_ESTest.test073
DateUtils.java,org.apache.commons.lang3.time.DateUtils,org.pitest.mutationtest.engine.gregor.mutators.NonVoidMethodCallMutator,modify,1098,KILLED,org.apache.commons.lang3.time.DateUtils_ESTest.test073
DateUtils.java,org.apache.commons.lang3.time.DateUtils,org.pitest.mutationtest.engine.gregor.mutators.NonVoidMethodCallMutator,modify,1098,SURVIVED,none
DateUtils.java,org.apache.commons.lang3.time.DateUtils,org.pitest.mutationtest.engine.gregor.mutators.RemoveConditionalMutator_EQUAL_ELSE,modify,967,KILLED,org.apache.commons.lang3.time.DateUtils_ESTest.test030
DateUtils.java,org.apache.commons.lang3.time.DateUtils,org.pitest.mutationtest.engine.gregor.mutators.RemoveConditionalMutator_EQUAL_ELSE,modify,983,SURVIVED,none
DateUtils.java,org.apache.commons.lang3.time.DateUtils,org.pitest.mutationtest.engine.gregor.mutators.RemoveConditionalMutator_EQUAL_ELSE,modify,986,KILLED,org.apache.commons.lang3.time.DateUtils_ESTest.test078
DateUtils.java,org.apache.commons.lang3.time.DateUtils,org.pitest.mutationtest.engine.gregor.mutators.RemoveConditionalMutator_EQUAL_ELSE,modify,992,SURVIVED,none
DateUtils.java,org.apache.commons.lang3.time.DateUtils,org.pitest.mutationtest.engine.gregor.mutators.RemoveConditionalMutator_EQUAL_ELSE,modify,992,SURVIVED,none
DateUtils.java,org.apache.commons.lang3.time.DateUtils,org.pitest.mutationtest.engine.gregor.mutators.RemoveConditionalMutator_EQUAL_ELSE,modify,995,KILLED,org.apache.commons.lang3.time.DateUtils_ESTest.test039
DateUtils.java,org.apache.commons.lang3.time.DateUtils,org.pitest.mutationtest.engine.gregor.mutators.RemoveConditionalMutator_EQUAL_ELSE,modify,1001,SURVIVED,none
DateUtils.java,org.apache.commons.lang3.time.DateUtils,org.pitest.mutationtest.engine.gregor.mutators.RemoveConditionalMutator_EQUAL_ELSE,modify,1001,SURVIVED,none
DateUtils.java,org.apache.commons.lang3.time.DateUtils,org.pitest.mutationtest.engine.gregor.mutators.RemoveConditionalMutator_EQUAL_ELSE,modify,1006,SURVIVED,none
DateUtils.java,org.apache.commons.lang3.time.DateUtils,org.pitest.mutationtest.engine.gregor.mutators.RemoveConditionalMutator_EQUAL_ELSE,modify,1015,KILLED,org.apache.commons.lang3.time.DateUtils_ESTest.test078
DateUtils.java,org.apache.commons.lang3.time.DateUtils,org.pitest.mutationtest.engine.gregor.mutators.RemoveConditionalMutator_EQUAL_ELSE,modify,1017,KILLED,org.apache.commons.lang3.time.DateUtils_ESTest.test039
DateUtils.java,org.apache.commons.lang3.time.DateUtils,org.pitest.mutationtest.engine.gregor.mutators.RemoveConditionalMutator_EQUAL_ELSE,modify,1017,KILLED,org.apache.commons.lang3.time.DateUtils_ESTest.test063
DateUtils.java,org.apache.commons.lang3.time.DateUtils,org.pitest.mutationtest.engine.gregor.mutators.RemoveConditionalMutator_EQUAL_ELSE,modify,1017,KILLED,org.apache.commons.lang3.time.DateUtils_ESTest.test063
DateUtils.java,org.apache.commons.lang3.time.DateUtils,org.pitest.mutationtest.engine.gregor.mutators.RemoveConditionalMutator_EQUAL_ELSE,modify,1018,KILLED,org.apache.commons.lang3.time.DateUtils_ESTest.test063
DateUtils.java,org.apache.commons.lang3.time.DateUtils,org.pitest.mutationtest.engine.gregor.mutators.RemoveConditionalMutator_EQUAL_ELSE,modify,1022,KILLED,org.apache.commons.lang3.time.DateUtils_ESTest.test063
DateUtils.java,org.apache.commons.lang3.time.DateUtils,org.pitest.mutationtest.engine.gregor.mutators.RemoveConditionalMutator_EQUAL_ELSE,modify,1029,SURVIVED,none
DateUtils.java,org.apache.commons.lang3.time.DateUtils,org.pitest.mutationtest.engine.gregor.mutators.RemoveConditionalMutator_EQUAL_ELSE,modify,1033,SURVIVED,none
DateUtils.java,org.apache.commons.lang3.time.DateUtils,org.pitest.mutationtest.engine.gregor.mutators.RemoveConditionalMutator_EQUAL_ELSE,modify,1055,KILLED,org.apache.commons.lang3.time.DateUtils_ESTest.test063
DateUtils.java,org.apache.commons.lang3.time.DateUtils,org.pitest.mutationtest.engine.gregor.mutators.RemoveConditionalMutator_EQUAL_ELSE,modify,1071,SURVIVED,none
DateUtils.java,org.apache.commons.lang3.time.DateUtils,org.pitest.mutationtest.engine.gregor.mutators.RemoveConditionalMutator_EQUAL_ELSE,modify,1085,KILLED,org.apache.commons.lang3.time.DateUtils_ESTest.test049
DateUtils.java,org.apache.commons.lang3.time.DateUtils,org.pitest.mutationtest.engine.gregor.mutators.RemoveConditionalMutator_EQUAL_ELSE,modify,1094,KILLED,org.apache.commons.lang3.time.DateUtils_ESTest.test049
DateUtils.java,org.apache.commons.lang3.time.DateUtils,org.pitest.mutationtest.engine.gregor.mutators.RemoveConditionalMutator_EQUAL_IF,modify,967,KILLED,org.apache.commons.lang3.time.DateUtils_ESTest.test039
DateUtils.java,org.apache.commons.lang3.time.DateUtils,org.pitest.mutationtest.engine.gregor.mutators.RemoveConditionalMutator_EQUAL_IF,modify,983,SURVIVED,none
DateUtils.java,org.apache.commons.lang3.time.DateUtils,org.pitest.mutationtest.engine.gregor.mutators.RemoveConditionalMutator_EQUAL_IF,modify,986,SURVIVED,none
DateUtils.java,org.apache.commons.lang3.time.DateUtils,org.pitest.mutationtest.engine.gregor.mutators.RemoveConditionalMutator_EQUAL_IF,modify,992,KILLED,org.apache.commons.lang3.time.DateUtils_ESTest.test078
DateUtils.java,org.apache.commons.lang3.time.DateUtils,org.pitest.mutationtest.engine.gregor.mutators.RemoveConditionalMutator_EQUAL_IF,modify,992,SURVIVED,none
DateUtils.java,org.apache.commons.lang3.time.DateUtils,org.pitest.mutationtest.engine.gregor.mutators.RemoveConditionalMutator_EQUAL_IF,modify,995,SURVIVED,none
DateUtils.java,org.apache.commons.lang3.time.DateUtils,org.pitest.mutationtest.engine.gregor.mutators.RemoveConditionalMutator_EQUAL_IF,modify,1001,KILLED,org.apache.commons.lang3.time.DateUtils_ESTest.test039
DateUtils.java,org.apache.commons.lang3.time.DateUtils,org.pitest.mutationtest.engine.gregor.mutators.RemoveConditionalMutator_EQUAL_IF,modify,1001,SURVIVED,none
DateUtils.java,org.apache.commons.lang3.time.DateUtils,org.pitest.mutationtest.engine.gregor.mutators.RemoveConditionalMutator_EQUAL_IF,modify,1006,SURVIVED,none
DateUtils.java,org.apache.commons.lang3.time.DateUtils,org.pitest.mutationtest.engine.gregor.mutators.RemoveConditionalMutator_EQUAL_IF,modify,1015,KILLED,org.apache.commons.lang3.time.DateUtils_ESTest.test049
DateUtils.java,org.apache.commons.lang3.time.DateUtils,org.pitest.mutationtest.engine.gregor.mutators.RemoveConditionalMutator_EQUAL_IF,modify,1017,KILLED,org.apache.commons.lang3.time.DateUtils_ESTest.test061
DateUtils.java,org.apache.commons.lang3.time.DateUtils,org.pitest.mutationtest.engine.gregor.mutators.RemoveConditionalMutator_EQUAL_IF,modify,1017,KILLED,org.apache.commons.lang3.time.DateUtils_ESTest.test049
DateUtils.java,org.apache.commons.lang3.time.DateUtils,org.pitest.mutationtest.engine.gregor.mutators.RemoveConditionalMutator_EQUAL_IF,modify,1017,KILLED,org.apache.commons.lang3.time.DateUtils_ESTest.test039
DateUtils.java,org.apache.commons.lang3.time.DateUtils,org.pitest.mutationtest.engine.gregor.mutators.RemoveConditionalMutator_EQUAL_IF,modify,1018,KILLED,org.apache.commons.lang3.time.DateUtils_ESTest.test061
DateUtils.java,org.apache.commons.lang3.time.DateUtils,org.pitest.mutationtest.engine.gregor.mutators.RemoveConditionalMutator_EQUAL_IF,modify,1022,KILLED,org.apache.commons.lang3.time.DateUtils_ESTest.test026
DateUtils.java,org.apache.commons.lang3.time.DateUtils,org.pitest.mutationtest.engine.gregor.mutators.RemoveConditionalMutator_EQUAL_IF,modify,1029,KILLED,org.apache.commons.lang3.time.DateUtils_ESTest.test061
DateUtils.java,org.apache.commons.lang3.time.DateUtils,org.pitest.mutationtest.engine.gregor.mutators.RemoveConditionalMutator_EQUAL_IF,modify,1033,SURVIVED,none
DateUtils.java,org.apache.commons.lang3.time.DateUtils,org.pitest.mutationtest.engine.gregor.mutators.RemoveConditionalMutator_EQUAL_IF,modify,1055,KILLED,org.apache.commons.lang3.time.DateUtils_ESTest.test063
DateUtils.java,org.apache.commons.lang3.time.DateUtils,org.pitest.mutationtest.engine.gregor.mutators.RemoveConditionalMutator_EQUAL_IF,modify,1071,SURVIVED,none
DateUtils.java,org.apache.commons.lang3.time.DateUtils,org.pitest.mutationtest.engine.gregor.mutators.RemoveConditionalMutator_EQUAL_IF,modify,1085,KILLED,org.apache.commons.lang3.time.DateUtils_ESTest.test063
DateUtils.java,org.apache.commons.lang3.time.DateUtils,org.pitest.mutationtest.engine.gregor.mutators.RemoveConditionalMutator_EQUAL_IF,modify,1094,SURVIVED,none
DateUtils.java,org.apache.commons.lang3.time.DateUtils,org.pitest.mutationtest.engine.gregor.mutators.RemoveConditionalMutator_ORDER_ELSE,modify,963,KILLED,org.apache.commons.lang3.time.DateUtils_ESTest.test031
DateUtils.java,org.apache.commons.lang3.time.DateUtils,org.pitest.mutationtest.engine.gregor.mutators.RemoveConditionalMutator_ORDER_ELSE,modify,983,SURVIVED,none
DateUtils.java,org.apache.commons.lang3.time.DateUtils,org.pitest.mutationtest.engine.gregor.mutators.RemoveConditionalMutator_ORDER_ELSE,modify,992,SURVIVED,none
DateUtils.java,org.apache.commons.lang3.time.DateUtils,org.pitest.mutationtest.engine.gregor.mutators.RemoveConditionalMutator_ORDER_ELSE,modify,1001,SURVIVED,none
DateUtils.java,org.apache.commons.lang3.time.DateUtils,org.pitest.mutationtest.engine.gregor.mutators.RemoveConditionalMutator_ORDER_ELSE,modify,1062,KILLED,org.apache.commons.lang3.time.DateUtils_ESTest.test026
DateUtils.java,org.apache.commons.lang3.time.DateUtils,org.pitest.mutationtest.engine.gregor.mutators.RemoveConditionalMutator_ORDER_ELSE,modify,1066,KILLED,org.apache.commons.lang3.time.DateUtils_ESTest.test063
DateUtils.java,org.apache.commons.lang3.time.DateUtils,org.pitest.mutationtest.engine.gregor.mutators.RemoveConditionalMutator_ORDER_ELSE,modify,1075,SURVIVED,none
DateUtils.java,org.apache.commons.lang3.time.DateUtils,org.pitest.mutationtest.engine.gregor.mutators.RemoveConditionalMutator_ORDER_ELSE,modify,1078,SURVIVED,none
DateUtils.java,org.apache.commons.lang3.time.DateUtils,org.pitest.mutationtest.engine.gregor.mutators.RemoveConditionalMutator_ORDER_ELSE,modify,1091,SURVIVED,none
DateUtils.java,org.apache.commons.lang3.time.DateUtils,org.pitest.mutationtest.engine.gregor.mutators.RemoveConditionalMutator_ORDER_IF,modify,963,KILLED,org.apache.commons.lang3.time.DateUtils_ESTest.test030
DateUtils.java,org.apache.commons.lang3.time.DateUtils,org.pitest.mutationtest.engine.gregor.mutators.RemoveConditionalMutator_ORDER_IF,modify,983,SURVIVED,none
DateUtils.java,org.apache.commons.lang3.time.DateUtils,org.pitest.mutationtest.engine.gregor.mutators.RemoveConditionalMutator_ORDER_IF,modify,992,SURVIVED,none
DateUtils.java,org.apache.commons.lang3.time.DateUtils,org.pitest.mutationtest.engine.gregor.mutators.RemoveConditionalMutator_ORDER_IF,modify,1001,SURVIVED,none
DateUtils.java,org.apache.commons.lang3.time.DateUtils,org.pitest.mutationtest.engine.gregor.mutators.RemoveConditionalMutator_ORDER_IF,modify,1062,SURVIVED,none
DateUtils.java,org.apache.commons.lang3.time.DateUtils,org.pitest.mutationtest.engine.gregor.mutators.RemoveConditionalMutator_ORDER_IF,modify,1066,SURVIVED,none
DateUtils.java,org.apache.commons.lang3.time.DateUtils,org.pitest.mutationtest.engine.gregor.mutators.RemoveConditionalMutator_ORDER_IF,modify,1075,SURVIVED,none
DateUtils.java,org.apache.commons.lang3.time.DateUtils,org.pitest.mutationtest.engine.gregor.mutators.RemoveConditionalMutator_ORDER_IF,modify,1078,SURVIVED,none
DateUtils.java,org.apache.commons.lang3.time.DateUtils,org.pitest.mutationtest.engine.gregor.mutators.RemoveConditionalMutator_ORDER_IF,modify,1091,KILLED,org.apache.commons.lang3.time.DateUtils_ESTest.test039
DateUtils.java,org.apache.commons.lang3.time.DateUtils,org.pitest.mutationtest.engine.gregor.mutators.VoidMethodCallMutator,modify,1007,SURVIVED,none
DateUtils.java,org.apache.commons.lang3.time.DateUtils,org.pitest.mutationtest.engine.gregor.mutators.VoidMethodCallMutator,modify,1008,SURVIVED,none
DateUtils.java,org.apache.commons.lang3.time.DateUtils,org.pitest.mutationtest.engine.gregor.mutators.VoidMethodCallMutator,modify,1023,KILLED,org.apache.commons.lang3.time.DateUtils_ESTest.test063
DateUtils.java,org.apache.commons.lang3.time.DateUtils,org.pitest.mutationtest.engine.gregor.mutators.VoidMethodCallMutator,modify,1025,KILLED,org.apache.commons.lang3.time.DateUtils_ESTest.test026
DateUtils.java,org.apache.commons.lang3.time.DateUtils,org.pitest.mutationtest.engine.gregor.mutators.VoidMethodCallMutator,modify,1026,KILLED,org.apache.commons.lang3.time.DateUtils_ESTest.test026
DateUtils.java,org.apache.commons.lang3.time.DateUtils,org.pitest.mutationtest.engine.gregor.mutators.VoidMethodCallMutator,modify,1034,SURVIVED,none
DateUtils.java,org.apache.commons.lang3.time.DateUtils,org.pitest.mutationtest.engine.gregor.mutators.VoidMethodCallMutator,modify,1036,SURVIVED,none
DateUtils.java,org.apache.commons.lang3.time.DateUtils,org.pitest.mutationtest.engine.gregor.mutators.VoidMethodCallMutator,modify,1037,SURVIVED,none
DateUtils.java,org.apache.commons.lang3.time.DateUtils,org.pitest.mutationtest.engine.gregor.mutators.VoidMethodCallMutator,modify,1043,KILLED,org.apache.commons.lang3.time.DateUtils_ESTest.test061
DateUtils.java,org.apache.commons.lang3.time.DateUtils,org.pitest.mutationtest.engine.gregor.mutators.VoidMethodCallMutator,modify,1095,KILLED,org.apache.commons.lang3.time.DateUtils_ESTest.test049
DateUtils.java,org.apache.commons.lang3.time.DateUtils,org.pitest.mutationtest.engine.gregor.mutators.experimental.NakedReceiverMutator,modify,1098,SURVIVED,none
DateUtils.java,org.apache.commons.lang3.time.DateUtils,org.pitest.mutationtest.engine.gregor.mutators.experimental.NakedReceiverMutator,modify,1098,SURVIVED,none
DateUtils.java,org.apache.commons.lang3.time.DateUtils,org.pitest.mutationtest.engine.gregor.mutators.experimental.NakedReceiverMutator,modify,1098,SURVIVED,none
DateUtils.java,org.apache.commons.lang3.time.DateUtils,org.pitest.mutationtest.engine.gregor.mutators.experimental.RemoveIncrementsMutator,modify,1063,KILLED,org.apache.commons.lang3.time.DateUtils_ESTest.test026
DateUtils.java,org.apache.commons.lang3.time.DateUtils,org.pitest.mutationtest.engine.gregor.mutators.experimental.RemoveIncrementsMutator,modify,1076,SURVIVED,none
DateUtils.java,org.apache.commons.lang3.time.DateUtils,org.pitest.mutationtest.engine.gregor.mutators.experimental.RemoveIncrementsMutator,modify,1013,TIMED_OUT,none
DateUtils.java,org.apache.commons.lang3.time.DateUtils,org.pitest.mutationtest.engine.gregor.mutators.experimental.RemoveSwitchMutator_0,modify,1053,SURVIVED,none
DateUtils.java,org.apache.commons.lang3.time.DateUtils,org.pitest.mutationtest.engine.gregor.mutators.experimental.RemoveSwitchMutator_1,modify,1053,KILLED,org.apache.commons.lang3.time.DateUtils_ESTest.test063
DateUtils.java,org.apache.commons.lang3.time.DateUtils,org.pitest.mutationtest.engine.gregor.mutators.experimental.SwitchMutator,modify,1053,KILLED,org.apache.commons.lang3.time.DateUtils_ESTest.test055
DateUtils.java,org.apache.commons.lang3.time.DateUtils,org.pitest.mutationtest.engine.gregor.mutators.ConstructorCallMutator,nullDateIllegalArgumentException,752,KILLED,org.apache.commons.lang3.time.DateUtils_ESTest.test066
DateUtils.java,org.apache.commons.lang3.time.DateUtils,org.pitest.mutationtest.engine.gregor.mutators.NullReturnValsMutator,nullDateIllegalArgumentException,752,KILLED,org.apache.commons.lang3.time.DateUtils_ESTest.test066
DateUtils.java,org.apache.commons.lang3.time.DateUtils,org.pitest.mutationtest.engine.gregor.mutators.ReturnValsMutator,nullDateIllegalArgumentException,752,KILLED,org.apache.commons.lang3.time.DateUtils_ESTest.test066
DateUtils.java,org.apache.commons.lang3.time.DateUtils,org.pitest.mutationtest.engine.gregor.mutators.InlineConstantMutator,parseDate,302,SURVIVED,none
DateUtils.java,org.apache.commons.lang3.time.DateUtils,org.pitest.mutationtest.engine.gregor.mutators.NonVoidMethodCallMutator,parseDate,302,KILLED,org.apache.commons.lang3.time.DateUtils_ESTest.test046
DateUtils.java,org.apache.commons.lang3.time.DateUtils,org.pitest.mutationtest.engine.gregor.mutators.NullReturnValsMutator,parseDate,302,KILLED,org.apache.commons.lang3.time.DateUtils_ESTest.test043
DateUtils.java,org.apache.commons.lang3.time.DateUtils,org.pitest.mutationtest.engine.gregor.mutators.ReturnValsMutator,parseDate,302,KILLED,org.apache.commons.lang3.time.DateUtils_ESTest.test043
DateUtils.java,org.apache.commons.lang3.time.DateUtils,org.pitest.mutationtest.engine.gregor.mutators.NonVoidMethodCallMutator,parseDate,279,KILLED,org.apache.commons.lang3.time.DateUtils_ESTest.test046
DateUtils.java,org.apache.commons.lang3.time.DateUtils,org.pitest.mutationtest.engine.gregor.mutators.NullReturnValsMutator,parseDate,279,KILLED,org.apache.commons.lang3.time.DateUtils_ESTest.test043
DateUtils.java,org.apache.commons.lang3.time.DateUtils,org.pitest.mutationtest.engine.gregor.mutators.ReturnValsMutator,parseDate,279,KILLED,org.apache.commons.lang3.time.DateUtils_ESTest.test043
DateUtils.java,org.apache.commons.lang3.time.DateUtils,org.pitest.mutationtest.engine.gregor.mutators.InlineConstantMutator,parseDateStrictly,344,SURVIVED,none
DateUtils.java,org.apache.commons.lang3.time.DateUtils,org.pitest.mutationtest.engine.gregor.mutators.NonVoidMethodCallMutator,parseDateStrictly,344,KILLED,org.apache.commons.lang3.time.DateUtils_ESTest.test092
DateUtils.java,org.apache.commons.lang3.time.DateUtils,org.pitest.mutationtest.engine.gregor.mutators.NullReturnValsMutator,parseDateStrictly,344,SURVIVED,none
DateUtils.java,org.apache.commons.lang3.time.DateUtils,org.pitest.mutationtest.engine.gregor.mutators.ReturnValsMutator,parseDateStrictly,344,SURVIVED,none
DateUtils.java,org.apache.commons.lang3.time.DateUtils,org.pitest.mutationtest.engine.gregor.mutators.NonVoidMethodCallMutator,parseDateStrictly,322,KILLED,org.apache.commons.lang3.time.DateUtils_ESTest.test092
DateUtils.java,org.apache.commons.lang3.time.DateUtils,org.pitest.mutationtest.engine.gregor.mutators.NullReturnValsMutator,parseDateStrictly,322,SURVIVED,none
DateUtils.java,org.apache.commons.lang3.time.DateUtils,org.pitest.mutationtest.engine.gregor.mutators.ReturnValsMutator,parseDateStrictly,322,SURVIVED,none
DateUtils.java,org.apache.commons.lang3.time.DateUtils,org.pitest.mutationtest.engine.gregor.mutators.ConstructorCallMutator,parseDateWithLeniency,367,KILLED,org.apache.commons.lang3.time.DateUtils_ESTest.test046
DateUtils.java,org.apache.commons.lang3.time.DateUtils,org.pitest.mutationtest.engine.gregor.mutators.ConstructorCallMutator,parseDateWithLeniency,372,KILLED,org.apache.commons.lang3.time.DateUtils_ESTest.test044
DateUtils.java,org.apache.commons.lang3.time.DateUtils,org.pitest.mutationtest.engine.gregor.mutators.ConstructorCallMutator,parseDateWithLeniency,377,KILLED,org.apache.commons.lang3.time.DateUtils_ESTest.test044
DateUtils.java,org.apache.commons.lang3.time.DateUtils,org.pitest.mutationtest.engine.gregor.mutators.ConstructorCallMutator,parseDateWithLeniency,388,KILLED,org.apache.commons.lang3.time.DateUtils_ESTest.test045
DateUtils.java,org.apache.commons.lang3.time.DateUtils,org.pitest.mutationtest.engine.gregor.mutators.ConstructorCallMutator,parseDateWithLeniency,388,KILLED,org.apache.commons.lang3.time.DateUtils_ESTest.test045
DateUtils.java,org.apache.commons.lang3.time.DateUtils,org.pitest.mutationtest.engine.gregor.mutators.InlineConstantMutator,parseDateWithLeniency,372,KILLED,org.apache.commons.lang3.time.DateUtils_ESTest.test045
DateUtils.java,org.apache.commons.lang3.time.DateUtils,org.pitest.mutationtest.engine.gregor.mutators.InlineConstantMutator,parseDateWithLeniency,386,KILLED,org.apache.commons.lang3.time.DateUtils_ESTest.test045
DateUtils.java,org.apache.commons.lang3.time.DateUtils,org.pitest.mutationtest.engine.gregor.mutators.InlineConstantMutator,parseDateWithLeniency,388,SURVIVED,none
DateUtils.java,org.apache.commons.lang3.time.DateUtils,org.pitest.mutationtest.engine.gregor.mutators.NegateConditionalsMutator,parseDateWithLeniency,366,KILLED,org.apache.commons.lang3.time.DateUtils_ESTest.test044
DateUtils.java,org.apache.commons.lang3.time.DateUtils,org.pitest.mutationtest.engine.gregor.mutators.NegateConditionalsMutator,parseDateWithLeniency,366,KILLED,org.apache.commons.lang3.time.DateUtils_ESTest.test044
DateUtils.java,org.apache.commons.lang3.time.DateUtils,org.pitest.mutationtest.engine.gregor.mutators.NegateConditionalsMutator,parseDateWithLeniency,371,KILLED,org.apache.commons.lang3.time.DateUtils_ESTest.test045
DateUtils.java,org.apache.commons.lang3.time.DateUtils,org.pitest.mutationtest.engine.gregor.mutators.NegateConditionalsMutator,parseDateWithLeniency,380,KILLED,org.apache.commons.lang3.time.DateUtils_ESTest.test043
DateUtils.java,org.apache.commons.lang3.time.DateUtils,org.pitest.mutationtest.engine.gregor.mutators.NegateConditionalsMutator,parseDateWithLeniency,380,KILLED,org.apache.commons.lang3.time.DateUtils_ESTest.test045
DateUtils.java,org.apache.commons.lang3.time.DateUtils,org.pitest.mutationtest.engine.gregor.mutators.NonVoidMethodCallMutator,parseDateWithLeniency,370,KILLED,org.apache.commons.lang3.time.DateUtils_ESTest.test044
DateUtils.java,org.apache.commons.lang3.time.DateUtils,org.pitest.mutationtest.engine.gregor.mutators.NonVoidMethodCallMutator,parseDateWithLeniency,371,KILLED,org.apache.commons.lang3.time.DateUtils_ESTest.test045
DateUtils.java,org.apache.commons.lang3.time.DateUtils,org.pitest.mutationtest.engine.gregor.mutators.NonVoidMethodCallMutator,parseDateWithLeniency,373,KILLED,org.apache.commons.lang3.time.DateUtils_ESTest.test044
DateUtils.java,org.apache.commons.lang3.time.DateUtils,org.pitest.mutationtest.engine.gregor.mutators.NonVoidMethodCallMutator,parseDateWithLeniency,380,KILLED,org.apache.commons.lang3.time.DateUtils_ESTest.test043
DateUtils.java,org.apache.commons.lang3.time.DateUtils,org.pitest.mutationtest.engine.gregor.mutators.NonVoidMethodCallMutator,parseDateWithLeniency,380,SURVIVED,none
DateUtils.java,org.apache.commons.lang3.time.DateUtils,org.pitest.mutationtest.engine.gregor.mutators.NonVoidMethodCallMutator,parseDateWithLeniency,380,KILLED,org.apache.commons.lang3.time.DateUtils_ESTest.test045
DateUtils.java,org.apache.commons.lang3.time.DateUtils,org.pitest.mutationtest.engine.gregor.mutators.NonVoidMethodCallMutator,parseDateWithLeniency,381,KILLED,org.apache.commons.lang3.time.DateUtils_ESTest.test043
DateUtils.java,org.apache.commons.lang3.time.DateUtils,org.pitest.mutationtest.engine.gregor.mutators.NonVoidMethodCallMutator,parseDateWithLeniency,388,KILLED,org.apache.commons.lang3.time.DateUtils_ESTest.test045
DateUtils.java,org.apache.commons.lang3.time.DateUtils,org.pitest.mutationtest.engine.gregor.mutators.NonVoidMethodCallMutator,parseDateWithLeniency,388,KILLED,org.apache.commons.lang3.time.DateUtils_ESTest.test045
DateUtils.java,org.apache.commons.lang3.time.DateUtils,org.pitest.mutationtest.engine.gregor.mutators.NonVoidMethodCallMutator,parseDateWithLeniency,388,SURVIVED,none
DateUtils.java,org.apache.commons.lang3.time.DateUtils,org.pitest.mutationtest.engine.gregor.mutators.NullReturnValsMutator,parseDateWithLeniency,381,KILLED,org.apache.commons.lang3.time.DateUtils_ESTest.test043
DateUtils.java,org.apache.commons.lang3.time.DateUtils,org.pitest.mutationtest.engine.gregor.mutators.RemoveConditionalMutator_EQUAL_ELSE,parseDateWithLeniency,366,KILLED,org.apache.commons.lang3.time.DateUtils_ESTest.test044
DateUtils.java,org.apache.commons.lang3.time.DateUtils,org.pitest.mutationtest.engine.gregor.mutators.RemoveConditionalMutator_EQUAL_ELSE,parseDateWithLeniency,366,KILLED,org.apache.commons.lang3.time.DateUtils_ESTest.test092
DateUtils.java,org.apache.commons.lang3.time.DateUtils,org.pitest.mutationtest.engine.gregor.mutators.RemoveConditionalMutator_EQUAL_ELSE,parseDateWithLeniency,371,KILLED,org.apache.commons.lang3.time.DateUtils_ESTest.test045
DateUtils.java,org.apache.commons.lang3.time.DateUtils,org.pitest.mutationtest.engine.gregor.mutators.RemoveConditionalMutator_EQUAL_ELSE,parseDateWithLeniency,380,KILLED,org.apache.commons.lang3.time.DateUtils_ESTest.test043
DateUtils.java,org.apache.commons.lang3.time.DateUtils,org.pitest.mutationtest.engine.gregor.mutators.RemoveConditionalMutator_EQUAL_ELSE,parseDateWithLeniency,380,KILLED,org.apache.commons.lang3.time.DateUtils_ESTest.test043
DateUtils.java,org.apache.commons.lang3.time.DateUtils,org.pitest.mutationtest.engine.gregor.mutators.RemoveConditionalMutator_EQUAL_IF,parseDateWithLeniency,366,SURVIVED,none
DateUtils.java,org.apache.commons.lang3.time.DateUtils,org.pitest.mutationtest.engine.gregor.mutators.RemoveConditionalMutator_EQUAL_IF,parseDateWithLeniency,366,KILLED,org.apache.commons.lang3.time.DateUtils_ESTest.test044
DateUtils.java,org.apache.commons.lang3.time.DateUtils,org.pitest.mutationtest.engine.gregor.mutators.RemoveConditionalMutator_EQUAL_IF,parseDateWithLeniency,371,SURVIVED,none
DateUtils.java,org.apache.commons.lang3.time.DateUtils,org.pitest.mutationtest.engine.gregor.mutators.RemoveConditionalMutator_EQUAL_IF,parseDateWithLeniency,380,SURVIVED,none
DateUtils.java,org.apache.commons.lang3.time.DateUtils,org.pitest.mutationtest.engine.gregor.mutators.RemoveConditionalMutator_EQUAL_IF,parseDateWithLeniency,380,KILLED,org.apache.commons.lang3.time.DateUtils_ESTest.test045
DateUtils.java,org.apache.commons.lang3.time.DateUtils,org.pitest.mutationtest.engine.gregor.mutators.ReturnValsMutator,parseDateWithLeniency,381,KILLED,org.apache.commons.lang3.time.DateUtils_ESTest.test043
DateUtils.java,org.apache.commons.lang3.time.DateUtils,org.pitest.mutationtest.engine.gregor.mutators.VoidMethodCallMutator,parseDateWithLeniency,374,SURVIVED,none
DateUtils.java,org.apache.commons.lang3.time.DateUtils,org.pitest.mutationtest.engine.gregor.mutators.VoidMethodCallMutator,parseDateWithLeniency,378,SURVIVED,none
DateUtils.java,org.apache.commons.lang3.time.DateUtils,org.pitest.mutationtest.engine.gregor.mutators.VoidMethodCallMutator,parseDateWithLeniency,386,SURVIVED,none
DateUtils.java,org.apache.commons.lang3.time.DateUtils,org.pitest.mutationtest.engine.gregor.mutators.experimental.NakedReceiverMutator,parseDateWithLeniency,388,SURVIVED,none
DateUtils.java,org.apache.commons.lang3.time.DateUtils,org.pitest.mutationtest.engine.gregor.mutators.experimental.NakedReceiverMutator,parseDateWithLeniency,388,SURVIVED,none
DateUtils.java,org.apache.commons.lang3.time.DateUtils,org.pitest.mutationtest.engine.gregor.mutators.ArgumentPropagationMutator,round,788,KILLED,org.apache.commons.lang3.time.DateUtils_ESTest.test039
DateUtils.java,org.apache.commons.lang3.time.DateUtils,org.pitest.mutationtest.engine.gregor.mutators.ArgumentPropagationMutator,round,790,KILLED,org.apache.commons.lang3.time.DateUtils_ESTest.test041
DateUtils.java,org.apache.commons.lang3.time.DateUtils,org.pitest.mutationtest.engine.gregor.mutators.ConstructorCallMutator,round,792,KILLED,org.apache.commons.lang3.time.DateUtils_ESTest.test077
DateUtils.java,org.apache.commons.lang3.time.DateUtils,org.pitest.mutationtest.engine.gregor.mutators.ConstructorCallMutator,round,792,KILLED,org.apache.commons.lang3.time.DateUtils_ESTest.test077
DateUtils.java,org.apache.commons.lang3.time.DateUtils,org.pitest.mutationtest.engine.gregor.mutators.NegateConditionalsMutator,round,784,KILLED,org.apache.commons.lang3.time.DateUtils_ESTest.test040
DateUtils.java,org.apache.commons.lang3.time.DateUtils,org.pitest.mutationtest.engine.gregor.mutators.NegateConditionalsMutator,round,787,KILLED,org.apache.commons.lang3.time.DateUtils_ESTest.test039
DateUtils.java,org.apache.commons.lang3.time.DateUtils,org.pitest.mutationtest.engine.gregor.mutators.NegateConditionalsMutator,round,789,KILLED,org.apache.commons.lang3.time.DateUtils_ESTest.test041
DateUtils.java,org.apache.commons.lang3.time.DateUtils,org.pitest.mutationtest.engine.gregor.mutators.NonVoidMethodCallMutator,round,785,KILLED,org.apache.commons.lang3.time.DateUtils_ESTest.test040
DateUtils.java,org.apache.commons.lang3.time.DateUtils,org.pitest.mutationtest.engine.gregor.mutators.NonVoidMethodCallMutator,round,788,KILLED,org.apache.commons.lang3.time.DateUtils_ESTest.test039
DateUtils.java,org.apache.commons.lang3.time.DateUtils,org.pitest.mutationtest.engine.gregor.mutators.NonVoidMethodCallMutator,round,790,KILLED,org.apache.commons.lang3.time.DateUtils_ESTest.test041
DateUtils.java,org.apache.commons.lang3.time.DateUtils,org.pitest.mutationtest.engine.gregor.mutators.NonVoidMethodCallMutator,round,790,KILLED,org.apache.commons.lang3.time.DateUtils_ESTest.test041
DateUtils.java,org.apache.commons.lang3.time.DateUtils,org.pitest.mutationtest.engine.gregor.mutators.NonVoidMethodCallMutator,round,792,KILLED,org.apache.commons.lang3.time.DateUtils_ESTest.test077
DateUtils.java,org.apache.commons.lang3.time.DateUtils,org.pitest.mutationtest.engine.gregor.mutators.NonVoidMethodCallMutator,round,792,KILLED,org.apache.commons.lang3.time.DateUtils_ESTest.test077
DateUtils.java,org.apache.commons.lang3.time.DateUtils,org.pitest.mutationtest.engine.gregor.mutators.NonVoidMethodCallMutator,round,792,SURVIVED,none
DateUtils.java,org.apache.commons.lang3.time.DateUtils,org.pitest.mutationtest.engine.gregor.mutators.NullReturnValsMutator,round,788,KILLED,org.apache.commons.lang3.time.DateUtils_ESTest.test039
DateUtils.java,org.apache.commons.lang3.time.DateUtils,org.pitest.mutationtest.engine.gregor.mutators.NullReturnValsMutator,round,790,KILLED,org.apache.commons.lang3.time.DateUtils_ESTest.test041
DateUtils.java,org.apache.commons.lang3.time.DateUtils,org.pitest.mutationtest.engine.gregor.mutators.RemoveConditionalMutator_EQUAL_ELSE,round,784,KILLED,org.apache.commons.lang3.time.DateUtils_ESTest.test040
DateUtils.java,org.apache.commons.lang3.time.DateUtils,org.pitest.mutationtest.engine.gregor.mutators.RemoveConditionalMutator_EQUAL_ELSE,round,787,KILLED,org.apache.commons.lang3.time.DateUtils_ESTest.test039
DateUtils.java,org.apache.commons.lang3.time.DateUtils,org.pitest.mutationtest.engine.gregor.mutators.RemoveConditionalMutator_EQUAL_ELSE,round,789,KILLED,org.apache.commons.lang3.time.DateUtils_ESTest.test041
DateUtils.java,org.apache.commons.lang3.time.DateUtils,org.pitest.mutationtest.engine.gregor.mutators.RemoveConditionalMutator_EQUAL_IF,round,784,KILLED,org.apache.commons.lang3.time.DateUtils_ESTest.test077
DateUtils.java,org.apache.commons.lang3.time.DateUtils,org.pitest.mutationtest.engine.gregor.mutators.RemoveConditionalMutator_EQUAL_IF,round,787,KILLED,org.apache.commons.lang3.time.DateUtils_ESTest.test041
DateUtils.java,org.apache.commons.lang3.time.DateUtils,org.pitest.mutationtest.engine.gregor.mutators.RemoveConditionalMutator_EQUAL_IF,round,789,SURVIVED,none
DateUtils.java,org.apache.commons.lang3.time.DateUtils,org.pitest.mutationtest.engine.gregor.mutators.ReturnValsMutator,round,788,KILLED,org.apache.commons.lang3.time.DateUtils_ESTest.test039
DateUtils.java,org.apache.commons.lang3.time.DateUtils,org.pitest.mutationtest.engine.gregor.mutators.ReturnValsMutator,round,790,KILLED,org.apache.commons.lang3.time.DateUtils_ESTest.test041
DateUtils.java,org.apache.commons.lang3.time.DateUtils,org.pitest.mutationtest.engine.gregor.mutators.experimental.NakedReceiverMutator,round,792,SURVIVED,none
DateUtils.java,org.apache.commons.lang3.time.DateUtils,org.pitest.mutationtest.engine.gregor.mutators.experimental.NakedReceiverMutator,round,792,SURVIVED,none
DateUtils.java,org.apache.commons.lang3.time.DateUtils,org.pitest.mutationtest.engine.gregor.mutators.NegateConditionalsMutator,round,743,KILLED,org.apache.commons.lang3.time.DateUtils_ESTest.test042
DateUtils.java,org.apache.commons.lang3.time.DateUtils,org.pitest.mutationtest.engine.gregor.mutators.NonVoidMethodCallMutator,round,744,KILLED,org.apache.commons.lang3.time.DateUtils_ESTest.test042
DateUtils.java,org.apache.commons.lang3.time.DateUtils,org.pitest.mutationtest.engine.gregor.mutators.NonVoidMethodCallMutator,round,746,KILLED,org.apache.commons.lang3.time.DateUtils_ESTest.test055
DateUtils.java,org.apache.commons.lang3.time.DateUtils,org.pitest.mutationtest.engine.gregor.mutators.NullReturnValsMutator,round,748,KILLED,org.apache.commons.lang3.time.DateUtils_ESTest.test055
DateUtils.java,org.apache.commons.lang3.time.DateUtils,org.pitest.mutationtest.engine.gregor.mutators.RemoveConditionalMutator_EQUAL_ELSE,round,743,KILLED,org.apache.commons.lang3.time.DateUtils_ESTest.test042
DateUtils.java,org.apache.commons.lang3.time.DateUtils,org.pitest.mutationtest.engine.gregor.mutators.RemoveConditionalMutator_EQUAL_IF,round,743,KILLED,org.apache.commons.lang3.time.DateUtils_ESTest.test055
DateUtils.java,org.apache.commons.lang3.time.DateUtils,org.pitest.mutationtest.engine.gregor.mutators.ReturnValsMutator,round,748,KILLED,org.apache.commons.lang3.time.DateUtils_ESTest.test055
DateUtils.java,org.apache.commons.lang3.time.DateUtils,org.pitest.mutationtest.engine.gregor.mutators.VoidMethodCallMutator,round,747,KILLED,org.apache.commons.lang3.time.DateUtils_ESTest.test055
DateUtils.java,org.apache.commons.lang3.time.DateUtils,org.pitest.mutationtest.engine.gregor.mutators.NonVoidMethodCallMutator,round,709,KILLED,org.apache.commons.lang3.time.DateUtils_ESTest.test039
DateUtils.java,org.apache.commons.lang3.time.DateUtils,org.pitest.mutationtest.engine.gregor.mutators.NonVoidMethodCallMutator,round,712,KILLED,org.apache.commons.lang3.time.DateUtils_ESTest.test039
DateUtils.java,org.apache.commons.lang3.time.DateUtils,org.pitest.mutationtest.engine.gregor.mutators.NullReturnValsMutator,round,712,KILLED,org.apache.commons.lang3.time.DateUtils_ESTest.test039
DateUtils.java,org.apache.commons.lang3.time.DateUtils,org.pitest.mutationtest.engine.gregor.mutators.ReturnValsMutator,round,712,KILLED,org.apache.commons.lang3.time.DateUtils_ESTest.test039
DateUtils.java,org.apache.commons.lang3.time.DateUtils,org.pitest.mutationtest.engine.gregor.mutators.VoidMethodCallMutator,round,708,SURVIVED,none
DateUtils.java,org.apache.commons.lang3.time.DateUtils,org.pitest.mutationtest.engine.gregor.mutators.VoidMethodCallMutator,round,710,KILLED,org.apache.commons.lang3.time.DateUtils_ESTest.test039
DateUtils.java,org.apache.commons.lang3.time.DateUtils,org.pitest.mutationtest.engine.gregor.mutators.VoidMethodCallMutator,round,711,KILLED,org.apache.commons.lang3.time.DateUtils_ESTest.test039
DateUtils.java,org.apache.commons.lang3.time.DateUtils,org.pitest.mutationtest.engine.gregor.mutators.InlineConstantMutator,set,645,KILLED,org.apache.commons.lang3.time.DateUtils_ESTest.test076
DateUtils.java,org.apache.commons.lang3.time.DateUtils,org.pitest.mutationtest.engine.gregor.mutators.NonVoidMethodCallMutator,set,644,KILLED,org.apache.commons.lang3.time.DateUtils_ESTest.test076
DateUtils.java,org.apache.commons.lang3.time.DateUtils,org.pitest.mutationtest.engine.gregor.mutators.NonVoidMethodCallMutator,set,648,KILLED,org.apache.commons.lang3.time.DateUtils_ESTest.test076
DateUtils.java,org.apache.commons.lang3.time.DateUtils,org.pitest.mutationtest.engine.gregor.mutators.NullReturnValsMutator,set,648,KILLED,org.apache.commons.lang3.time.DateUtils_ESTest.test076
DateUtils.java,org.apache.commons.lang3.time.DateUtils,org.pitest.mutationtest.engine.gregor.mutators.ReturnValsMutator,set,648,KILLED,org.apache.commons.lang3.time.DateUtils_ESTest.test076
DateUtils.java,org.apache.commons.lang3.time.DateUtils,org.pitest.mutationtest.engine.gregor.mutators.VoidMethodCallMutator,set,642,KILLED,org.apache.commons.lang3.time.DateUtils_ESTest.test071
DateUtils.java,org.apache.commons.lang3.time.DateUtils,org.pitest.mutationtest.engine.gregor.mutators.VoidMethodCallMutator,set,645,KILLED,org.apache.commons.lang3.time.DateUtils_ESTest.test076
DateUtils.java,org.apache.commons.lang3.time.DateUtils,org.pitest.mutationtest.engine.gregor.mutators.VoidMethodCallMutator,set,646,KILLED,org.apache.commons.lang3.time.DateUtils_ESTest.test076
DateUtils.java,org.apache.commons.lang3.time.DateUtils,org.pitest.mutationtest.engine.gregor.mutators.VoidMethodCallMutator,set,647,SURVIVED,none
DateUtils.java,org.apache.commons.lang3.time.DateUtils,org.pitest.mutationtest.engine.gregor.mutators.ArgumentPropagationMutator,setDays,564,SURVIVED,none
DateUtils.java,org.apache.commons.lang3.time.DateUtils,org.pitest.mutationtest.engine.gregor.mutators.InlineConstantMutator,setDays,564,KILLED,org.apache.commons.lang3.time.DateUtils_ESTest.test079
DateUtils.java,org.apache.commons.lang3.time.DateUtils,org.pitest.mutationtest.engine.gregor.mutators.NonVoidMethodCallMutator,setDays,564,KILLED,org.apache.commons.lang3.time.DateUtils_ESTest.test079
DateUtils.java,org.apache.commons.lang3.time.DateUtils,org.pitest.mutationtest.engine.gregor.mutators.NullReturnValsMutator,setDays,564,KILLED,org.apache.commons.lang3.time.DateUtils_ESTest.test079
DateUtils.java,org.apache.commons.lang3.time.DateUtils,org.pitest.mutationtest.engine.gregor.mutators.ReturnValsMutator,setDays,564,KILLED,org.apache.commons.lang3.time.DateUtils_ESTest.test079
DateUtils.java,org.apache.commons.lang3.time.DateUtils,org.pitest.mutationtest.engine.gregor.mutators.ArgumentPropagationMutator,setHours,580,SURVIVED,none
DateUtils.java,org.apache.commons.lang3.time.DateUtils,org.pitest.mutationtest.engine.gregor.mutators.InlineConstantMutator,setHours,580,KILLED,org.apache.commons.lang3.time.DateUtils_ESTest.test096
DateUtils.java,org.apache.commons.lang3.time.DateUtils,org.pitest.mutationtest.engine.gregor.mutators.NonVoidMethodCallMutator,setHours,580,KILLED,org.apache.commons.lang3.time.DateUtils_ESTest.test096
DateUtils.java,org.apache.commons.lang3.time.DateUtils,org.pitest.mutationtest.engine.gregor.mutators.NullReturnValsMutator,setHours,580,KILLED,org.apache.commons.lang3.time.DateUtils_ESTest.test096
DateUtils.java,org.apache.commons.lang3.time.DateUtils,org.pitest.mutationtest.engine.gregor.mutators.ReturnValsMutator,setHours,580,KILLED,org.apache.commons.lang3.time.DateUtils_ESTest.test096
DateUtils.java,org.apache.commons.lang3.time.DateUtils,org.pitest.mutationtest.engine.gregor.mutators.ArgumentPropagationMutator,setMilliseconds,625,KILLED,org.apache.commons.lang3.time.DateUtils_ESTest.test072
DateUtils.java,org.apache.commons.lang3.time.DateUtils,org.pitest.mutationtest.engine.gregor.mutators.InlineConstantMutator,setMilliseconds,625,SURVIVED,none
DateUtils.java,org.apache.commons.lang3.time.DateUtils,org.pitest.mutationtest.engine.gregor.mutators.NonVoidMethodCallMutator,setMilliseconds,625,KILLED,org.apache.commons.lang3.time.DateUtils_ESTest.test072
DateUtils.java,org.apache.commons.lang3.time.DateUtils,org.pitest.mutationtest.engine.gregor.mutators.NullReturnValsMutator,setMilliseconds,625,SURVIVED,none
DateUtils.java,org.apache.commons.lang3.time.DateUtils,org.pitest.mutationtest.engine.gregor.mutators.ReturnValsMutator,setMilliseconds,625,SURVIVED,none
DateUtils.java,org.apache.commons.lang3.time.DateUtils,org.pitest.mutationtest.engine.gregor.mutators.ArgumentPropagationMutator,setMinutes,595,KILLED,org.apache.commons.lang3.time.DateUtils_ESTest.test086
DateUtils.java,org.apache.commons.lang3.time.DateUtils,org.pitest.mutationtest.engine.gregor.mutators.InlineConstantMutator,setMinutes,595,SURVIVED,none
DateUtils.java,org.apache.commons.lang3.time.DateUtils,org.pitest.mutationtest.engine.gregor.mutators.NonVoidMethodCallMutator,setMinutes,595,KILLED,org.apache.commons.lang3.time.DateUtils_ESTest.test086
DateUtils.java,org.apache.commons.lang3.time.DateUtils,org.pitest.mutationtest.engine.gregor.mutators.NullReturnValsMutator,setMinutes,595,SURVIVED,none
DateUtils.java,org.apache.commons.lang3.time.DateUtils,org.pitest.mutationtest.engine.gregor.mutators.ReturnValsMutator,setMinutes,595,SURVIVED,none
DateUtils.java,org.apache.commons.lang3.time.DateUtils,org.pitest.mutationtest.engine.gregor.mutators.ArgumentPropagationMutator,setMonths,549,SURVIVED,none
DateUtils.java,org.apache.commons.lang3.time.DateUtils,org.pitest.mutationtest.engine.gregor.mutators.InlineConstantMutator,setMonths,549,KILLED,org.apache.commons.lang3.time.DateUtils_ESTest.test091
DateUtils.java,org.apache.commons.lang3.time.DateUtils,org.pitest.mutationtest.engine.gregor.mutators.NonVoidMethodCallMutator,setMonths,549,KILLED,org.apache.commons.lang3.time.DateUtils_ESTest.test091
DateUtils.java,org.apache.commons.lang3.time.DateUtils,org.pitest.mutationtest.engine.gregor.mutators.NullReturnValsMutator,setMonths,549,KILLED,org.apache.commons.lang3.time.DateUtils_ESTest.test091
DateUtils.java,org.apache.commons.lang3.time.DateUtils,org.pitest.mutationtest.engine.gregor.mutators.ReturnValsMutator,setMonths,549,KILLED,org.apache.commons.lang3.time.DateUtils_ESTest.test091
DateUtils.java,org.apache.commons.lang3.time.DateUtils,org.pitest.mutationtest.engine.gregor.mutators.ArgumentPropagationMutator,setSeconds,610,SURVIVED,none
DateUtils.java,org.apache.commons.lang3.time.DateUtils,org.pitest.mutationtest.engine.gregor.mutators.InlineConstantMutator,setSeconds,610,SURVIVED,none
DateUtils.java,org.apache.commons.lang3.time.DateUtils,org.pitest.mutationtest.engine.gregor.mutators.NonVoidMethodCallMutator,setSeconds,610,KILLED,org.apache.commons.lang3.time.DateUtils_ESTest.test076
DateUtils.java,org.apache.commons.lang3.time.DateUtils,org.pitest.mutationtest.engine.gregor.mutators.NullReturnValsMutator,setSeconds,610,KILLED,org.apache.commons.lang3.time.DateUtils_ESTest.test076
DateUtils.java,org.apache.commons.lang3.time.DateUtils,org.pitest.mutationtest.engine.gregor.mutators.ReturnValsMutator,setSeconds,610,KILLED,org.apache.commons.lang3.time.DateUtils_ESTest.test076
DateUtils.java,org.apache.commons.lang3.time.DateUtils,org.pitest.mutationtest.engine.gregor.mutators.ArgumentPropagationMutator,setYears,534,KILLED,org.apache.commons.lang3.time.DateUtils_ESTest.test071
DateUtils.java,org.apache.commons.lang3.time.DateUtils,org.pitest.mutationtest.engine.gregor.mutators.InlineConstantMutator,setYears,534,SURVIVED,none
DateUtils.java,org.apache.commons.lang3.time.DateUtils,org.pitest.mutationtest.engine.gregor.mutators.NonVoidMethodCallMutator,setYears,534,KILLED,org.apache.commons.lang3.time.DateUtils_ESTest.test071
DateUtils.java,org.apache.commons.lang3.time.DateUtils,org.pitest.mutationtest.engine.gregor.mutators.NullReturnValsMutator,setYears,534,SURVIVED,none
DateUtils.java,org.apache.commons.lang3.time.DateUtils,org.pitest.mutationtest.engine.gregor.mutators.ReturnValsMutator,setYears,534,SURVIVED,none
DateUtils.java,org.apache.commons.lang3.time.DateUtils,org.pitest.mutationtest.engine.gregor.mutators.NonVoidMethodCallMutator,toCalendar,661,KILLED,org.apache.commons.lang3.time.DateUtils_ESTest.test048
DateUtils.java,org.apache.commons.lang3.time.DateUtils,org.pitest.mutationtest.engine.gregor.mutators.NullReturnValsMutator,toCalendar,663,KILLED,org.apache.commons.lang3.time.DateUtils_ESTest.test048
DateUtils.java,org.apache.commons.lang3.time.DateUtils,org.pitest.mutationtest.engine.gregor.mutators.ReturnValsMutator,toCalendar,663,KILLED,org.apache.commons.lang3.time.DateUtils_ESTest.test048
DateUtils.java,org.apache.commons.lang3.time.DateUtils,org.pitest.mutationtest.engine.gregor.mutators.VoidMethodCallMutator,toCalendar,662,SURVIVED,none
DateUtils.java,org.apache.commons.lang3.time.DateUtils,org.pitest.mutationtest.engine.gregor.mutators.NonVoidMethodCallMutator,toCalendar,675,KILLED,org.apache.commons.lang3.time.DateUtils_ESTest.test087
DateUtils.java,org.apache.commons.lang3.time.DateUtils,org.pitest.mutationtest.engine.gregor.mutators.NullReturnValsMutator,toCalendar,677,KILLED,org.apache.commons.lang3.time.DateUtils_ESTest.test087
DateUtils.java,org.apache.commons.lang3.time.DateUtils,org.pitest.mutationtest.engine.gregor.mutators.ReturnValsMutator,toCalendar,677,KILLED,org.apache.commons.lang3.time.DateUtils_ESTest.test087
DateUtils.java,org.apache.commons.lang3.time.DateUtils,org.pitest.mutationtest.engine.gregor.mutators.VoidMethodCallMutator,toCalendar,676,SURVIVED,none
DateUtils.java,org.apache.commons.lang3.time.DateUtils,org.pitest.mutationtest.engine.gregor.mutators.ArgumentPropagationMutator,truncate,865,KILLED,org.apache.commons.lang3.time.DateUtils_ESTest.test073
DateUtils.java,org.apache.commons.lang3.time.DateUtils,org.pitest.mutationtest.engine.gregor.mutators.ArgumentPropagationMutator,truncate,867,KILLED,org.apache.commons.lang3.time.DateUtils_ESTest.test035
DateUtils.java,org.apache.commons.lang3.time.DateUtils,org.pitest.mutationtest.engine.gregor.mutators.ConstructorCallMutator,truncate,869,KILLED,org.apache.commons.lang3.time.DateUtils_ESTest.test036
DateUtils.java,org.apache.commons.lang3.time.DateUtils,org.pitest.mutationtest.engine.gregor.mutators.ConstructorCallMutator,truncate,869,KILLED,org.apache.commons.lang3.time.DateUtils_ESTest.test036
DateUtils.java,org.apache.commons.lang3.time.DateUtils,org.pitest.mutationtest.engine.gregor.mutators.NegateConditionalsMutator,truncate,861,KILLED,org.apache.commons.lang3.time.DateUtils_ESTest.test036
DateUtils.java,org.apache.commons.lang3.time.DateUtils,org.pitest.mutationtest.engine.gregor.mutators.NegateConditionalsMutator,truncate,864,KILLED,org.apache.commons.lang3.time.DateUtils_ESTest.test073
DateUtils.java,org.apache.commons.lang3.time.DateUtils,org.pitest.mutationtest.engine.gregor.mutators.NegateConditionalsMutator,truncate,866,KILLED,org.apache.commons.lang3.time.DateUtils_ESTest.test035
DateUtils.java,org.apache.commons.lang3.time.DateUtils,org.pitest.mutationtest.engine.gregor.mutators.NonVoidMethodCallMutator,truncate,862,KILLED,org.apache.commons.lang3.time.DateUtils_ESTest.test037
DateUtils.java,org.apache.commons.lang3.time.DateUtils,org.pitest.mutationtest.engine.gregor.mutators.NonVoidMethodCallMutator,truncate,865,KILLED,org.apache.commons.lang3.time.DateUtils_ESTest.test073
DateUtils.java,org.apache.commons.lang3.time.DateUtils,org.pitest.mutationtest.engine.gregor.mutators.NonVoidMethodCallMutator,truncate,867,KILLED,org.apache.commons.lang3.time.DateUtils_ESTest.test035
DateUtils.java,org.apache.commons.lang3.time.DateUtils,org.pitest.mutationtest.engine.gregor.mutators.NonVoidMethodCallMutator,truncate,867,KILLED,org.apache.commons.lang3.time.DateUtils_ESTest.test035
DateUtils.java,org.apache.commons.lang3.time.DateUtils,org.pitest.mutationtest.engine.gregor.mutators.NonVoidMethodCallMutator,truncate,869,KILLED,org.apache.commons.lang3.time.DateUtils_ESTest.test036
DateUtils.java,org.apache.commons.lang3.time.DateUtils,org.pitest.mutationtest.engine.gregor.mutators.NonVoidMethodCallMutator,truncate,869,KILLED,org.apache.commons.lang3.time.DateUtils_ESTest.test036
DateUtils.java,org.apache.commons.lang3.time.DateUtils,org.pitest.mutationtest.engine.gregor.mutators.NonVoidMethodCallMutator,truncate,869,SURVIVED,none
DateUtils.java,org.apache.commons.lang3.time.DateUtils,org.pitest.mutationtest.engine.gregor.mutators.NullReturnValsMutator,truncate,865,SURVIVED,none
DateUtils.java,org.apache.commons.lang3.time.DateUtils,org.pitest.mutationtest.engine.gregor.mutators.NullReturnValsMutator,truncate,867,KILLED,org.apache.commons.lang3.time.DateUtils_ESTest.test035
DateUtils.java,org.apache.commons.lang3.time.DateUtils,org.pitest.mutationtest.engine.gregor.mutators.RemoveConditionalMutator_EQUAL_ELSE,truncate,861,KILLED,org.apache.commons.lang3.time.DateUtils_ESTest.test037
DateUtils.java,org.apache.commons.lang3.time.DateUtils,org.pitest.mutationtest.engine.gregor.mutators.RemoveConditionalMutator_EQUAL_ELSE,truncate,864,KILLED,org.apache.commons.lang3.time.DateUtils_ESTest.test073
DateUtils.java,org.apache.commons.lang3.time.DateUtils,org.pitest.mutationtest.engine.gregor.mutators.RemoveConditionalMutator_EQUAL_ELSE,truncate,866,KILLED,org.apache.commons.lang3.time.DateUtils_ESTest.test035
DateUtils.java,org.apache.commons.lang3.time.DateUtils,org.pitest.mutationtest.engine.gregor.mutators.RemoveConditionalMutator_EQUAL_IF,truncate,861,KILLED,org.apache.commons.lang3.time.DateUtils_ESTest.test036
DateUtils.java,org.apache.commons.lang3.time.DateUtils,org.pitest.mutationtest.engine.gregor.mutators.RemoveConditionalMutator_EQUAL_IF,truncate,864,KILLED,org.apache.commons.lang3.time.DateUtils_ESTest.test035
DateUtils.java,org.apache.commons.lang3.time.DateUtils,org.pitest.mutationtest.engine.gregor.mutators.RemoveConditionalMutator_EQUAL_IF,truncate,866,SURVIVED,none
DateUtils.java,org.apache.commons.lang3.time.DateUtils,org.pitest.mutationtest.engine.gregor.mutators.ReturnValsMutator,truncate,865,SURVIVED,none
DateUtils.java,org.apache.commons.lang3.time.DateUtils,org.pitest.mutationtest.engine.gregor.mutators.ReturnValsMutator,truncate,867,KILLED,org.apache.commons.lang3.time.DateUtils_ESTest.test035
DateUtils.java,org.apache.commons.lang3.time.DateUtils,org.pitest.mutationtest.engine.gregor.mutators.experimental.NakedReceiverMutator,truncate,869,SURVIVED,none
DateUtils.java,org.apache.commons.lang3.time.DateUtils,org.pitest.mutationtest.engine.gregor.mutators.experimental.NakedReceiverMutator,truncate,869,SURVIVED,none
DateUtils.java,org.apache.commons.lang3.time.DateUtils,org.pitest.mutationtest.engine.gregor.mutators.NegateConditionalsMutator,truncate,836,KILLED,org.apache.commons.lang3.time.DateUtils_ESTest.test038
DateUtils.java,org.apache.commons.lang3.time.DateUtils,org.pitest.mutationtest.engine.gregor.mutators.NonVoidMethodCallMutator,truncate,837,KILLED,org.apache.commons.lang3.time.DateUtils_ESTest.test038
DateUtils.java,org.apache.commons.lang3.time.DateUtils,org.pitest.mutationtest.engine.gregor.mutators.NonVoidMethodCallMutator,truncate,839,KILLED,org.apache.commons.lang3.time.DateUtils_ESTest.test049
DateUtils.java,org.apache.commons.lang3.time.DateUtils,org.pitest.mutationtest.engine.gregor.mutators.NullReturnValsMutator,truncate,841,KILLED,org.apache.commons.lang3.time.DateUtils_ESTest.test049
DateUtils.java,org.apache.commons.lang3.time.DateUtils,org.pitest.mutationtest.engine.gregor.mutators.RemoveConditionalMutator_EQUAL_ELSE,truncate,836,KILLED,org.apache.commons.lang3.time.DateUtils_ESTest.test038
DateUtils.java,org.apache.commons.lang3.time.DateUtils,org.pitest.mutationtest.engine.gregor.mutators.RemoveConditionalMutator_EQUAL_IF,truncate,836,KILLED,org.apache.commons.lang3.time.DateUtils_ESTest.test049
DateUtils.java,org.apache.commons.lang3.time.DateUtils,org.pitest.mutationtest.engine.gregor.mutators.ReturnValsMutator,truncate,841,KILLED,org.apache.commons.lang3.time.DateUtils_ESTest.test049
DateUtils.java,org.apache.commons.lang3.time.DateUtils,org.pitest.mutationtest.engine.gregor.mutators.VoidMethodCallMutator,truncate,840,KILLED,org.apache.commons.lang3.time.DateUtils_ESTest.test049
DateUtils.java,org.apache.commons.lang3.time.DateUtils,org.pitest.mutationtest.engine.gregor.mutators.NonVoidMethodCallMutator,truncate,814,KILLED,org.apache.commons.lang3.time.DateUtils_ESTest.test078
DateUtils.java,org.apache.commons.lang3.time.DateUtils,org.pitest.mutationtest.engine.gregor.mutators.NonVoidMethodCallMutator,truncate,817,KILLED,org.apache.commons.lang3.time.DateUtils_ESTest.test078
DateUtils.java,org.apache.commons.lang3.time.DateUtils,org.pitest.mutationtest.engine.gregor.mutators.NullReturnValsMutator,truncate,817,KILLED,org.apache.commons.lang3.time.DateUtils_ESTest.test078
DateUtils.java,org.apache.commons.lang3.time.DateUtils,org.pitest.mutationtest.engine.gregor.mutators.ReturnValsMutator,truncate,817,KILLED,org.apache.commons.lang3.time.DateUtils_ESTest.test078
DateUtils.java,org.apache.commons.lang3.time.DateUtils,org.pitest.mutationtest.engine.gregor.mutators.VoidMethodCallMutator,truncate,813,SURVIVED,none
DateUtils.java,org.apache.commons.lang3.time.DateUtils,org.pitest.mutationtest.engine.gregor.mutators.VoidMethodCallMutator,truncate,815,KILLED,org.apache.commons.lang3.time.DateUtils_ESTest.test078
DateUtils.java,org.apache.commons.lang3.time.DateUtils,org.pitest.mutationtest.engine.gregor.mutators.VoidMethodCallMutator,truncate,816,KILLED,org.apache.commons.lang3.time.DateUtils_ESTest.test073
DateUtils.java,org.apache.commons.lang3.time.DateUtils,org.pitest.mutationtest.engine.gregor.mutators.ArgumentPropagationMutator,truncatedCompareTo,1763,SURVIVED,none
DateUtils.java,org.apache.commons.lang3.time.DateUtils,org.pitest.mutationtest.engine.gregor.mutators.ArgumentPropagationMutator,truncatedCompareTo,1764,SURVIVED,none
DateUtils.java,org.apache.commons.lang3.time.DateUtils,org.pitest.mutationtest.engine.gregor.mutators.NonVoidMethodCallMutator,truncatedCompareTo,1763,KILLED,org.apache.commons.lang3.time.DateUtils_ESTest.test003
DateUtils.java,org.apache.commons.lang3.time.DateUtils,org.pitest.mutationtest.engine.gregor.mutators.NonVoidMethodCallMutator,truncatedCompareTo,1764,KILLED,org.apache.commons.lang3.time.DateUtils_ESTest.test003
DateUtils.java,org.apache.commons.lang3.time.DateUtils,org.pitest.mutationtest.engine.gregor.mutators.NonVoidMethodCallMutator,truncatedCompareTo,1765,SURVIVED,none
DateUtils.java,org.apache.commons.lang3.time.DateUtils,org.pitest.mutationtest.engine.gregor.mutators.PrimitiveReturnsMutator,truncatedCompareTo,1765,SURVIVED,none
DateUtils.java,org.apache.commons.lang3.time.DateUtils,org.pitest.mutationtest.engine.gregor.mutators.ReturnValsMutator,truncatedCompareTo,1765,SURVIVED,none
DateUtils.java,org.apache.commons.lang3.time.DateUtils,org.pitest.mutationtest.engine.gregor.mutators.ArgumentPropagationMutator,truncatedCompareTo,1783,SURVIVED,none
DateUtils.java,org.apache.commons.lang3.time.DateUtils,org.pitest.mutationtest.engine.gregor.mutators.ArgumentPropagationMutator,truncatedCompareTo,1784,SURVIVED,none
DateUtils.java,org.apache.commons.lang3.time.DateUtils,org.pitest.mutationtest.engine.gregor.mutators.NonVoidMethodCallMutator,truncatedCompareTo,1783,KILLED,org.apache.commons.lang3.time.DateUtils_ESTest.test078
DateUtils.java,org.apache.commons.lang3.time.DateUtils,org.pitest.mutationtest.engine.gregor.mutators.NonVoidMethodCallMutator,truncatedCompareTo,1784,KILLED,org.apache.commons.lang3.time.DateUtils_ESTest.test078
DateUtils.java,org.apache.commons.lang3.time.DateUtils,org.pitest.mutationtest.engine.gregor.mutators.NonVoidMethodCallMutator,truncatedCompareTo,1785,KILLED,org.apache.commons.lang3.time.DateUtils_ESTest.test078
DateUtils.java,org.apache.commons.lang3.time.DateUtils,org.pitest.mutationtest.engine.gregor.mutators.PrimitiveReturnsMutator,truncatedCompareTo,1785,KILLED,org.apache.commons.lang3.time.DateUtils_ESTest.test078
DateUtils.java,org.apache.commons.lang3.time.DateUtils,org.pitest.mutationtest.engine.gregor.mutators.ReturnValsMutator,truncatedCompareTo,1785,KILLED,org.apache.commons.lang3.time.DateUtils_ESTest.test078
DateUtils.java,org.apache.commons.lang3.time.DateUtils,org.pitest.mutationtest.engine.gregor.mutators.ArgumentPropagationMutator,truncatedEquals,1728,SURVIVED,none
DateUtils.java,org.apache.commons.lang3.time.DateUtils,org.pitest.mutationtest.engine.gregor.mutators.BooleanTrueReturnValsMutator,truncatedEquals,1728,SURVIVED,none
DateUtils.java,org.apache.commons.lang3.time.DateUtils,org.pitest.mutationtest.engine.gregor.mutators.InlineConstantMutator,truncatedEquals,1728,SURVIVED,none
DateUtils.java,org.apache.commons.lang3.time.DateUtils,org.pitest.mutationtest.engine.gregor.mutators.InlineConstantMutator,truncatedEquals,1728,SURVIVED,none
DateUtils.java,org.apache.commons.lang3.time.DateUtils,org.pitest.mutationtest.engine.gregor.mutators.NegateConditionalsMutator,truncatedEquals,1728,SURVIVED,none
DateUtils.java,org.apache.commons.lang3.time.DateUtils,org.pitest.mutationtest.engine.gregor.mutators.NonVoidMethodCallMutator,truncatedEquals,1728,SURVIVED,none
DateUtils.java,org.apache.commons.lang3.time.DateUtils,org.pitest.mutationtest.engine.gregor.mutators.RemoveConditionalMutator_EQUAL_ELSE,truncatedEquals,1728,SURVIVED,none
DateUtils.java,org.apache.commons.lang3.time.DateUtils,org.pitest.mutationtest.engine.gregor.mutators.RemoveConditionalMutator_EQUAL_IF,truncatedEquals,1728,SURVIVED,none
DateUtils.java,org.apache.commons.lang3.time.DateUtils,org.pitest.mutationtest.engine.gregor.mutators.ReturnValsMutator,truncatedEquals,1728,SURVIVED,none
DateUtils.java,org.apache.commons.lang3.time.DateUtils,org.pitest.mutationtest.engine.gregor.mutators.ArgumentPropagationMutator,truncatedEquals,1745,KILLED,org.apache.commons.lang3.time.DateUtils_ESTest.test028
DateUtils.java,org.apache.commons.lang3.time.DateUtils,org.pitest.mutationtest.engine.gregor.mutators.BooleanTrueReturnValsMutator,truncatedEquals,1745,KILLED,org.apache.commons.lang3.time.DateUtils_ESTest.test078
DateUtils.java,org.apache.commons.lang3.time.DateUtils,org.pitest.mutationtest.engine.gregor.mutators.InlineConstantMutator,truncatedEquals,1745,KILLED,org.apache.commons.lang3.time.DateUtils_ESTest.test028
DateUtils.java,org.apache.commons.lang3.time.DateUtils,org.pitest.mutationtest.engine.gregor.mutators.InlineConstantMutator,truncatedEquals,1745,KILLED,org.apache.commons.lang3.time.DateUtils_ESTest.test078
DateUtils.java,org.apache.commons.lang3.time.DateUtils,org.pitest.mutationtest.engine.gregor.mutators.NegateConditionalsMutator,truncatedEquals,1745,KILLED,org.apache.commons.lang3.time.DateUtils_ESTest.test078
DateUtils.java,org.apache.commons.lang3.time.DateUtils,org.pitest.mutationtest.engine.gregor.mutators.NonVoidMethodCallMutator,truncatedEquals,1745,KILLED,org.apache.commons.lang3.time.DateUtils_ESTest.test078
DateUtils.java,org.apache.commons.lang3.time.DateUtils,org.pitest.mutationtest.engine.gregor.mutators.RemoveConditionalMutator_EQUAL_ELSE,truncatedEquals,1745,KILLED,org.apache.commons.lang3.time.DateUtils_ESTest.test028
DateUtils.java,org.apache.commons.lang3.time.DateUtils,org.pitest.mutationtest.engine.gregor.mutators.RemoveConditionalMutator_EQUAL_IF,truncatedEquals,1745,KILLED,org.apache.commons.lang3.time.DateUtils_ESTest.test078
DateUtils.java,org.apache.commons.lang3.time.DateUtils,org.pitest.mutationtest.engine.gregor.mutators.ReturnValsMutator,truncatedEquals,1745,KILLED,org.apache.commons.lang3.time.DateUtils_ESTest.test078
DateUtils.java,org.apache.commons.lang3.time.DateUtils,org.pitest.mutationtest.engine.gregor.mutators.ArgumentPropagationMutator,validateDateNotNull,1789,KILLED,org.apache.commons.lang3.time.DateUtils_ESTest.test071
DateUtils.java,org.apache.commons.lang3.time.DateUtils,org.pitest.mutationtest.engine.gregor.mutators.InlineConstantMutator,validateDateNotNull,1789,KILLED,org.apache.commons.lang3.time.DateUtils_ESTest.test076
DateUtils.java,org.apache.commons.lang3.time.DateUtils,org.pitest.mutationtest.engine.gregor.mutators.NonVoidMethodCallMutator,validateDateNotNull,1789,KILLED,org.apache.commons.lang3.time.DateUtils_ESTest.test071
