italianStemmer.java,org.tartarus.snowball.ext.italianStemmer,org.pitest.mutationtest.engine.gregor.mutators.VoidMethodCallMutator,copy_from,253,NO_COVERAGE,none
italianStemmer.java,org.tartarus.snowball.ext.italianStemmer,org.pitest.mutationtest.engine.gregor.mutators.experimental.MemberVariableMutator,copy_from,250,NO_COVERAGE,none
italianStemmer.java,org.tartarus.snowball.ext.italianStemmer,org.pitest.mutationtest.engine.gregor.mutators.experimental.MemberVariableMutator,copy_from,251,NO_COVERAGE,none
italianStemmer.java,org.tartarus.snowball.ext.italianStemmer,org.pitest.mutationtest.engine.gregor.mutators.experimental.MemberVariableMutator,copy_from,252,NO_COVERAGE,none
italianStemmer.java,org.tartarus.snowball.ext.italianStemmer,org.pitest.mutationtest.engine.gregor.mutators.BooleanFalseReturnValsMutator,equals,1186,SURVIVED,none
italianStemmer.java,org.tartarus.snowball.ext.italianStemmer,org.pitest.mutationtest.engine.gregor.mutators.BooleanTrueReturnValsMutator,equals,1186,KILLED,org.tartarus.snowball.ext.italianStemmer_ESTest.test22
italianStemmer.java,org.tartarus.snowball.ext.italianStemmer,org.pitest.mutationtest.engine.gregor.mutators.ReturnValsMutator,equals,1186,KILLED,org.tartarus.snowball.ext.italianStemmer_ESTest.test22
italianStemmer.java,org.tartarus.snowball.ext.italianStemmer,org.pitest.mutationtest.engine.gregor.mutators.NonVoidMethodCallMutator,hashCode,1190,KILLED,org.tartarus.snowball.ext.italianStemmer_ESTest.test21
italianStemmer.java,org.tartarus.snowball.ext.italianStemmer,org.pitest.mutationtest.engine.gregor.mutators.NonVoidMethodCallMutator,hashCode,1190,SURVIVED,none
italianStemmer.java,org.tartarus.snowball.ext.italianStemmer,org.pitest.mutationtest.engine.gregor.mutators.PrimitiveReturnsMutator,hashCode,1190,SURVIVED,none
italianStemmer.java,org.tartarus.snowball.ext.italianStemmer,org.pitest.mutationtest.engine.gregor.mutators.ReturnValsMutator,hashCode,1190,SURVIVED,none
italianStemmer.java,org.tartarus.snowball.ext.italianStemmer,org.pitest.mutationtest.engine.gregor.mutators.BooleanFalseReturnValsMutator,r_R1,668,NO_COVERAGE,none
italianStemmer.java,org.tartarus.snowball.ext.italianStemmer,org.pitest.mutationtest.engine.gregor.mutators.BooleanTrueReturnValsMutator,r_R1,666,SURVIVED,none
italianStemmer.java,org.tartarus.snowball.ext.italianStemmer,org.pitest.mutationtest.engine.gregor.mutators.ConditionalsBoundaryMutator,r_R1,664,SURVIVED,none
italianStemmer.java,org.tartarus.snowball.ext.italianStemmer,org.pitest.mutationtest.engine.gregor.mutators.InlineConstantMutator,r_R1,666,SURVIVED,none
italianStemmer.java,org.tartarus.snowball.ext.italianStemmer,org.pitest.mutationtest.engine.gregor.mutators.InlineConstantMutator,r_R1,668,NO_COVERAGE,none
italianStemmer.java,org.tartarus.snowball.ext.italianStemmer,org.pitest.mutationtest.engine.gregor.mutators.NegateConditionalsMutator,r_R1,664,SURVIVED,none
italianStemmer.java,org.tartarus.snowball.ext.italianStemmer,org.pitest.mutationtest.engine.gregor.mutators.RemoveConditionalMutator_ORDER_ELSE,r_R1,664,SURVIVED,none
italianStemmer.java,org.tartarus.snowball.ext.italianStemmer,org.pitest.mutationtest.engine.gregor.mutators.RemoveConditionalMutator_ORDER_IF,r_R1,664,SURVIVED,none
italianStemmer.java,org.tartarus.snowball.ext.italianStemmer,org.pitest.mutationtest.engine.gregor.mutators.ReturnValsMutator,r_R1,666,SURVIVED,none
italianStemmer.java,org.tartarus.snowball.ext.italianStemmer,org.pitest.mutationtest.engine.gregor.mutators.ReturnValsMutator,r_R1,668,NO_COVERAGE,none
italianStemmer.java,org.tartarus.snowball.ext.italianStemmer,org.pitest.mutationtest.engine.gregor.mutators.BooleanFalseReturnValsMutator,r_R2,676,NO_COVERAGE,none
italianStemmer.java,org.tartarus.snowball.ext.italianStemmer,org.pitest.mutationtest.engine.gregor.mutators.BooleanTrueReturnValsMutator,r_R2,674,SURVIVED,none
italianStemmer.java,org.tartarus.snowball.ext.italianStemmer,org.pitest.mutationtest.engine.gregor.mutators.ConditionalsBoundaryMutator,r_R2,672,SURVIVED,none
italianStemmer.java,org.tartarus.snowball.ext.italianStemmer,org.pitest.mutationtest.engine.gregor.mutators.InlineConstantMutator,r_R2,674,SURVIVED,none
italianStemmer.java,org.tartarus.snowball.ext.italianStemmer,org.pitest.mutationtest.engine.gregor.mutators.InlineConstantMutator,r_R2,676,NO_COVERAGE,none
italianStemmer.java,org.tartarus.snowball.ext.italianStemmer,org.pitest.mutationtest.engine.gregor.mutators.NegateConditionalsMutator,r_R2,672,SURVIVED,none
italianStemmer.java,org.tartarus.snowball.ext.italianStemmer,org.pitest.mutationtest.engine.gregor.mutators.RemoveConditionalMutator_ORDER_ELSE,r_R2,672,SURVIVED,none
italianStemmer.java,org.tartarus.snowball.ext.italianStemmer,org.pitest.mutationtest.engine.gregor.mutators.RemoveConditionalMutator_ORDER_IF,r_R2,672,SURVIVED,none
italianStemmer.java,org.tartarus.snowball.ext.italianStemmer,org.pitest.mutationtest.engine.gregor.mutators.ReturnValsMutator,r_R2,674,SURVIVED,none
italianStemmer.java,org.tartarus.snowball.ext.italianStemmer,org.pitest.mutationtest.engine.gregor.mutators.ReturnValsMutator,r_R2,676,NO_COVERAGE,none
italianStemmer.java,org.tartarus.snowball.ext.italianStemmer,org.pitest.mutationtest.engine.gregor.mutators.BooleanFalseReturnValsMutator,r_RV,660,SURVIVED,none
italianStemmer.java,org.tartarus.snowball.ext.italianStemmer,org.pitest.mutationtest.engine.gregor.mutators.BooleanTrueReturnValsMutator,r_RV,658,SURVIVED,none
italianStemmer.java,org.tartarus.snowball.ext.italianStemmer,org.pitest.mutationtest.engine.gregor.mutators.ConditionalsBoundaryMutator,r_RV,656,SURVIVED,none
italianStemmer.java,org.tartarus.snowball.ext.italianStemmer,org.pitest.mutationtest.engine.gregor.mutators.InlineConstantMutator,r_RV,658,SURVIVED,none
italianStemmer.java,org.tartarus.snowball.ext.italianStemmer,org.pitest.mutationtest.engine.gregor.mutators.InlineConstantMutator,r_RV,660,SURVIVED,none
italianStemmer.java,org.tartarus.snowball.ext.italianStemmer,org.pitest.mutationtest.engine.gregor.mutators.NegateConditionalsMutator,r_RV,656,SURVIVED,none
italianStemmer.java,org.tartarus.snowball.ext.italianStemmer,org.pitest.mutationtest.engine.gregor.mutators.RemoveConditionalMutator_ORDER_ELSE,r_RV,656,SURVIVED,none
italianStemmer.java,org.tartarus.snowball.ext.italianStemmer,org.pitest.mutationtest.engine.gregor.mutators.RemoveConditionalMutator_ORDER_IF,r_RV,656,SURVIVED,none
italianStemmer.java,org.tartarus.snowball.ext.italianStemmer,org.pitest.mutationtest.engine.gregor.mutators.ReturnValsMutator,r_RV,658,SURVIVED,none
italianStemmer.java,org.tartarus.snowball.ext.italianStemmer,org.pitest.mutationtest.engine.gregor.mutators.ReturnValsMutator,r_RV,660,SURVIVED,none
italianStemmer.java,org.tartarus.snowball.ext.italianStemmer,org.pitest.mutationtest.engine.gregor.mutators.ArgumentPropagationMutator,r_attached_pronoun,685,SURVIVED,none
italianStemmer.java,org.tartarus.snowball.ext.italianStemmer,org.pitest.mutationtest.engine.gregor.mutators.ArgumentPropagationMutator,r_attached_pronoun,692,SURVIVED,none
italianStemmer.java,org.tartarus.snowball.ext.italianStemmer,org.pitest.mutationtest.engine.gregor.mutators.BooleanFalseReturnValsMutator,r_attached_pronoun,717,NO_COVERAGE,none
italianStemmer.java,org.tartarus.snowball.ext.italianStemmer,org.pitest.mutationtest.engine.gregor.mutators.BooleanTrueReturnValsMutator,r_attached_pronoun,687,SURVIVED,none
italianStemmer.java,org.tartarus.snowball.ext.italianStemmer,org.pitest.mutationtest.engine.gregor.mutators.BooleanTrueReturnValsMutator,r_attached_pronoun,695,SURVIVED,none
italianStemmer.java,org.tartarus.snowball.ext.italianStemmer,org.pitest.mutationtest.engine.gregor.mutators.BooleanTrueReturnValsMutator,r_attached_pronoun,701,NO_COVERAGE,none
italianStemmer.java,org.tartarus.snowball.ext.italianStemmer,org.pitest.mutationtest.engine.gregor.mutators.BooleanTrueReturnValsMutator,r_attached_pronoun,705,NO_COVERAGE,none
italianStemmer.java,org.tartarus.snowball.ext.italianStemmer,org.pitest.mutationtest.engine.gregor.mutators.InlineConstantMutator,r_attached_pronoun,685,KILLED,org.tartarus.snowball.ext.italianStemmer_ESTest.test18
italianStemmer.java,org.tartarus.snowball.ext.italianStemmer,org.pitest.mutationtest.engine.gregor.mutators.InlineConstantMutator,r_attached_pronoun,687,SURVIVED,none
italianStemmer.java,org.tartarus.snowball.ext.italianStemmer,org.pitest.mutationtest.engine.gregor.mutators.InlineConstantMutator,r_attached_pronoun,692,SURVIVED,none
italianStemmer.java,org.tartarus.snowball.ext.italianStemmer,org.pitest.mutationtest.engine.gregor.mutators.InlineConstantMutator,r_attached_pronoun,695,SURVIVED,none
italianStemmer.java,org.tartarus.snowball.ext.italianStemmer,org.pitest.mutationtest.engine.gregor.mutators.InlineConstantMutator,r_attached_pronoun,701,NO_COVERAGE,none
italianStemmer.java,org.tartarus.snowball.ext.italianStemmer,org.pitest.mutationtest.engine.gregor.mutators.InlineConstantMutator,r_attached_pronoun,705,NO_COVERAGE,none
italianStemmer.java,org.tartarus.snowball.ext.italianStemmer,org.pitest.mutationtest.engine.gregor.mutators.InlineConstantMutator,r_attached_pronoun,717,NO_COVERAGE,none
italianStemmer.java,org.tartarus.snowball.ext.italianStemmer,org.pitest.mutationtest.engine.gregor.mutators.NegateConditionalsMutator,r_attached_pronoun,685,SURVIVED,none
italianStemmer.java,org.tartarus.snowball.ext.italianStemmer,org.pitest.mutationtest.engine.gregor.mutators.NegateConditionalsMutator,r_attached_pronoun,693,SURVIVED,none
italianStemmer.java,org.tartarus.snowball.ext.italianStemmer,org.pitest.mutationtest.engine.gregor.mutators.NegateConditionalsMutator,r_attached_pronoun,699,NO_COVERAGE,none
italianStemmer.java,org.tartarus.snowball.ext.italianStemmer,org.pitest.mutationtest.engine.gregor.mutators.NonVoidMethodCallMutator,r_attached_pronoun,685,SURVIVED,none
italianStemmer.java,org.tartarus.snowball.ext.italianStemmer,org.pitest.mutationtest.engine.gregor.mutators.NonVoidMethodCallMutator,r_attached_pronoun,692,SURVIVED,none
italianStemmer.java,org.tartarus.snowball.ext.italianStemmer,org.pitest.mutationtest.engine.gregor.mutators.NonVoidMethodCallMutator,r_attached_pronoun,699,NO_COVERAGE,none
italianStemmer.java,org.tartarus.snowball.ext.italianStemmer,org.pitest.mutationtest.engine.gregor.mutators.RemoveConditionalMutator_EQUAL_ELSE,r_attached_pronoun,685,SURVIVED,none
italianStemmer.java,org.tartarus.snowball.ext.italianStemmer,org.pitest.mutationtest.engine.gregor.mutators.RemoveConditionalMutator_EQUAL_ELSE,r_attached_pronoun,693,SURVIVED,none
italianStemmer.java,org.tartarus.snowball.ext.italianStemmer,org.pitest.mutationtest.engine.gregor.mutators.RemoveConditionalMutator_EQUAL_ELSE,r_attached_pronoun,699,NO_COVERAGE,none
italianStemmer.java,org.tartarus.snowball.ext.italianStemmer,org.pitest.mutationtest.engine.gregor.mutators.RemoveConditionalMutator_EQUAL_IF,r_attached_pronoun,685,SURVIVED,none
italianStemmer.java,org.tartarus.snowball.ext.italianStemmer,org.pitest.mutationtest.engine.gregor.mutators.RemoveConditionalMutator_EQUAL_IF,r_attached_pronoun,693,SURVIVED,none
italianStemmer.java,org.tartarus.snowball.ext.italianStemmer,org.pitest.mutationtest.engine.gregor.mutators.RemoveConditionalMutator_EQUAL_IF,r_attached_pronoun,699,NO_COVERAGE,none
italianStemmer.java,org.tartarus.snowball.ext.italianStemmer,org.pitest.mutationtest.engine.gregor.mutators.ReturnValsMutator,r_attached_pronoun,687,SURVIVED,none
italianStemmer.java,org.tartarus.snowball.ext.italianStemmer,org.pitest.mutationtest.engine.gregor.mutators.ReturnValsMutator,r_attached_pronoun,695,SURVIVED,none
italianStemmer.java,org.tartarus.snowball.ext.italianStemmer,org.pitest.mutationtest.engine.gregor.mutators.ReturnValsMutator,r_attached_pronoun,701,NO_COVERAGE,none
italianStemmer.java,org.tartarus.snowball.ext.italianStemmer,org.pitest.mutationtest.engine.gregor.mutators.ReturnValsMutator,r_attached_pronoun,705,NO_COVERAGE,none
italianStemmer.java,org.tartarus.snowball.ext.italianStemmer,org.pitest.mutationtest.engine.gregor.mutators.ReturnValsMutator,r_attached_pronoun,717,NO_COVERAGE,none
italianStemmer.java,org.tartarus.snowball.ext.italianStemmer,org.pitest.mutationtest.engine.gregor.mutators.VoidMethodCallMutator,r_attached_pronoun,709,NO_COVERAGE,none
italianStemmer.java,org.tartarus.snowball.ext.italianStemmer,org.pitest.mutationtest.engine.gregor.mutators.VoidMethodCallMutator,r_attached_pronoun,714,NO_COVERAGE,none
italianStemmer.java,org.tartarus.snowball.ext.italianStemmer,org.pitest.mutationtest.engine.gregor.mutators.experimental.MemberVariableMutator,r_attached_pronoun,683,SURVIVED,none
italianStemmer.java,org.tartarus.snowball.ext.italianStemmer,org.pitest.mutationtest.engine.gregor.mutators.experimental.MemberVariableMutator,r_attached_pronoun,690,SURVIVED,none
italianStemmer.java,org.tartarus.snowball.ext.italianStemmer,org.pitest.mutationtest.engine.gregor.mutators.experimental.RemoveSwitchMutator_0,r_attached_pronoun,703,NO_COVERAGE,none
italianStemmer.java,org.tartarus.snowball.ext.italianStemmer,org.pitest.mutationtest.engine.gregor.mutators.experimental.RemoveSwitchMutator_1,r_attached_pronoun,703,NO_COVERAGE,none
italianStemmer.java,org.tartarus.snowball.ext.italianStemmer,org.pitest.mutationtest.engine.gregor.mutators.experimental.RemoveSwitchMutator_2,r_attached_pronoun,703,NO_COVERAGE,none
italianStemmer.java,org.tartarus.snowball.ext.italianStemmer,org.pitest.mutationtest.engine.gregor.mutators.experimental.SwitchMutator,r_attached_pronoun,703,NO_COVERAGE,none
italianStemmer.java,org.tartarus.snowball.ext.italianStemmer,org.pitest.mutationtest.engine.gregor.mutators.BooleanFalseReturnValsMutator,r_mark_regions,602,SURVIVED,none
italianStemmer.java,org.tartarus.snowball.ext.italianStemmer,org.pitest.mutationtest.engine.gregor.mutators.ConditionalsBoundaryMutator,r_mark_regions,444,SURVIVED,none
italianStemmer.java,org.tartarus.snowball.ext.italianStemmer,org.pitest.mutationtest.engine.gregor.mutators.ConditionalsBoundaryMutator,r_mark_regions,468,SURVIVED,none
italianStemmer.java,org.tartarus.snowball.ext.italianStemmer,org.pitest.mutationtest.engine.gregor.mutators.ConditionalsBoundaryMutator,r_mark_regions,502,SURVIVED,none
italianStemmer.java,org.tartarus.snowball.ext.italianStemmer,org.pitest.mutationtest.engine.gregor.mutators.ConditionalsBoundaryMutator,r_mark_regions,517,SURVIVED,none
italianStemmer.java,org.tartarus.snowball.ext.italianStemmer,org.pitest.mutationtest.engine.gregor.mutators.ConditionalsBoundaryMutator,r_mark_regions,542,SURVIVED,none
italianStemmer.java,org.tartarus.snowball.ext.italianStemmer,org.pitest.mutationtest.engine.gregor.mutators.ConditionalsBoundaryMutator,r_mark_regions,558,SURVIVED,none
italianStemmer.java,org.tartarus.snowball.ext.italianStemmer,org.pitest.mutationtest.engine.gregor.mutators.ConditionalsBoundaryMutator,r_mark_regions,576,SURVIVED,none
italianStemmer.java,org.tartarus.snowball.ext.italianStemmer,org.pitest.mutationtest.engine.gregor.mutators.ConditionalsBoundaryMutator,r_mark_regions,592,SURVIVED,none
italianStemmer.java,org.tartarus.snowball.ext.italianStemmer,org.pitest.mutationtest.engine.gregor.mutators.InlineConstantMutator,r_mark_regions,421,SURVIVED,none
italianStemmer.java,org.tartarus.snowball.ext.italianStemmer,org.pitest.mutationtest.engine.gregor.mutators.InlineConstantMutator,r_mark_regions,421,SURVIVED,none
italianStemmer.java,org.tartarus.snowball.ext.italianStemmer,org.pitest.mutationtest.engine.gregor.mutators.InlineConstantMutator,r_mark_regions,430,SURVIVED,none
italianStemmer.java,org.tartarus.snowball.ext.italianStemmer,org.pitest.mutationtest.engine.gregor.mutators.InlineConstantMutator,r_mark_regions,430,SURVIVED,none
italianStemmer.java,org.tartarus.snowball.ext.italianStemmer,org.pitest.mutationtest.engine.gregor.mutators.InlineConstantMutator,r_mark_regions,438,SURVIVED,none
italianStemmer.java,org.tartarus.snowball.ext.italianStemmer,org.pitest.mutationtest.engine.gregor.mutators.InlineConstantMutator,r_mark_regions,438,SURVIVED,none
italianStemmer.java,org.tartarus.snowball.ext.italianStemmer,org.pitest.mutationtest.engine.gregor.mutators.InlineConstantMutator,r_mark_regions,448,TIMED_OUT,none
italianStemmer.java,org.tartarus.snowball.ext.italianStemmer,org.pitest.mutationtest.engine.gregor.mutators.InlineConstantMutator,r_mark_regions,454,SURVIVED,none
italianStemmer.java,org.tartarus.snowball.ext.italianStemmer,org.pitest.mutationtest.engine.gregor.mutators.InlineConstantMutator,r_mark_regions,454,SURVIVED,none
italianStemmer.java,org.tartarus.snowball.ext.italianStemmer,org.pitest.mutationtest.engine.gregor.mutators.InlineConstantMutator,r_mark_regions,462,SURVIVED,none
italianStemmer.java,org.tartarus.snowball.ext.italianStemmer,org.pitest.mutationtest.engine.gregor.mutators.InlineConstantMutator,r_mark_regions,462,SURVIVED,none
italianStemmer.java,org.tartarus.snowball.ext.italianStemmer,org.pitest.mutationtest.engine.gregor.mutators.InlineConstantMutator,r_mark_regions,472,TIMED_OUT,none
italianStemmer.java,org.tartarus.snowball.ext.italianStemmer,org.pitest.mutationtest.engine.gregor.mutators.InlineConstantMutator,r_mark_regions,479,SURVIVED,none
italianStemmer.java,org.tartarus.snowball.ext.italianStemmer,org.pitest.mutationtest.engine.gregor.mutators.InlineConstantMutator,r_mark_regions,479,SURVIVED,none
italianStemmer.java,org.tartarus.snowball.ext.italianStemmer,org.pitest.mutationtest.engine.gregor.mutators.InlineConstantMutator,r_mark_regions,488,SURVIVED,none
italianStemmer.java,org.tartarus.snowball.ext.italianStemmer,org.pitest.mutationtest.engine.gregor.mutators.InlineConstantMutator,r_mark_regions,488,SURVIVED,none
italianStemmer.java,org.tartarus.snowball.ext.italianStemmer,org.pitest.mutationtest.engine.gregor.mutators.InlineConstantMutator,r_mark_regions,496,SURVIVED,none
italianStemmer.java,org.tartarus.snowball.ext.italianStemmer,org.pitest.mutationtest.engine.gregor.mutators.InlineConstantMutator,r_mark_regions,496,SURVIVED,none
italianStemmer.java,org.tartarus.snowball.ext.italianStemmer,org.pitest.mutationtest.engine.gregor.mutators.InlineConstantMutator,r_mark_regions,506,TIMED_OUT,none
italianStemmer.java,org.tartarus.snowball.ext.italianStemmer,org.pitest.mutationtest.engine.gregor.mutators.InlineConstantMutator,r_mark_regions,512,SURVIVED,none
italianStemmer.java,org.tartarus.snowball.ext.italianStemmer,org.pitest.mutationtest.engine.gregor.mutators.InlineConstantMutator,r_mark_regions,512,SURVIVED,none
italianStemmer.java,org.tartarus.snowball.ext.italianStemmer,org.pitest.mutationtest.engine.gregor.mutators.InlineConstantMutator,r_mark_regions,521,SURVIVED,none
italianStemmer.java,org.tartarus.snowball.ext.italianStemmer,org.pitest.mutationtest.engine.gregor.mutators.InlineConstantMutator,r_mark_regions,536,SURVIVED,none
italianStemmer.java,org.tartarus.snowball.ext.italianStemmer,org.pitest.mutationtest.engine.gregor.mutators.InlineConstantMutator,r_mark_regions,536,SURVIVED,none
italianStemmer.java,org.tartarus.snowball.ext.italianStemmer,org.pitest.mutationtest.engine.gregor.mutators.InlineConstantMutator,r_mark_regions,546,TIMED_OUT,none
italianStemmer.java,org.tartarus.snowball.ext.italianStemmer,org.pitest.mutationtest.engine.gregor.mutators.InlineConstantMutator,r_mark_regions,552,SURVIVED,none
italianStemmer.java,org.tartarus.snowball.ext.italianStemmer,org.pitest.mutationtest.engine.gregor.mutators.InlineConstantMutator,r_mark_regions,552,SURVIVED,none
italianStemmer.java,org.tartarus.snowball.ext.italianStemmer,org.pitest.mutationtest.engine.gregor.mutators.InlineConstantMutator,r_mark_regions,562,TIMED_OUT,none
italianStemmer.java,org.tartarus.snowball.ext.italianStemmer,org.pitest.mutationtest.engine.gregor.mutators.InlineConstantMutator,r_mark_regions,570,SURVIVED,none
italianStemmer.java,org.tartarus.snowball.ext.italianStemmer,org.pitest.mutationtest.engine.gregor.mutators.InlineConstantMutator,r_mark_regions,570,SURVIVED,none
italianStemmer.java,org.tartarus.snowball.ext.italianStemmer,org.pitest.mutationtest.engine.gregor.mutators.InlineConstantMutator,r_mark_regions,580,TIMED_OUT,none
italianStemmer.java,org.tartarus.snowball.ext.italianStemmer,org.pitest.mutationtest.engine.gregor.mutators.InlineConstantMutator,r_mark_regions,586,SURVIVED,none
italianStemmer.java,org.tartarus.snowball.ext.italianStemmer,org.pitest.mutationtest.engine.gregor.mutators.InlineConstantMutator,r_mark_regions,586,SURVIVED,none
italianStemmer.java,org.tartarus.snowball.ext.italianStemmer,org.pitest.mutationtest.engine.gregor.mutators.InlineConstantMutator,r_mark_regions,596,TIMED_OUT,none
italianStemmer.java,org.tartarus.snowball.ext.italianStemmer,org.pitest.mutationtest.engine.gregor.mutators.InlineConstantMutator,r_mark_regions,602,SURVIVED,none
italianStemmer.java,org.tartarus.snowball.ext.italianStemmer,org.pitest.mutationtest.engine.gregor.mutators.MathMutator,r_mark_regions,448,SURVIVED,none
italianStemmer.java,org.tartarus.snowball.ext.italianStemmer,org.pitest.mutationtest.engine.gregor.mutators.MathMutator,r_mark_regions,472,KILLED,org.tartarus.snowball.ext.italianStemmer_ESTest.test14
italianStemmer.java,org.tartarus.snowball.ext.italianStemmer,org.pitest.mutationtest.engine.gregor.mutators.MathMutator,r_mark_regions,506,KILLED,org.tartarus.snowball.ext.italianStemmer_ESTest.test17
italianStemmer.java,org.tartarus.snowball.ext.italianStemmer,org.pitest.mutationtest.engine.gregor.mutators.MathMutator,r_mark_regions,521,SURVIVED,none
italianStemmer.java,org.tartarus.snowball.ext.italianStemmer,org.pitest.mutationtest.engine.gregor.mutators.MathMutator,r_mark_regions,546,KILLED,org.tartarus.snowball.ext.italianStemmer_ESTest.test17
italianStemmer.java,org.tartarus.snowball.ext.italianStemmer,org.pitest.mutationtest.engine.gregor.mutators.MathMutator,r_mark_regions,562,KILLED,org.tartarus.snowball.ext.italianStemmer_ESTest.test14
italianStemmer.java,org.tartarus.snowball.ext.italianStemmer,org.pitest.mutationtest.engine.gregor.mutators.MathMutator,r_mark_regions,580,SURVIVED,none
italianStemmer.java,org.tartarus.snowball.ext.italianStemmer,org.pitest.mutationtest.engine.gregor.mutators.MathMutator,r_mark_regions,596,SURVIVED,none
italianStemmer.java,org.tartarus.snowball.ext.italianStemmer,org.pitest.mutationtest.engine.gregor.mutators.NegateConditionalsMutator,r_mark_regions,421,SURVIVED,none
italianStemmer.java,org.tartarus.snowball.ext.italianStemmer,org.pitest.mutationtest.engine.gregor.mutators.NegateConditionalsMutator,r_mark_regions,430,SURVIVED,none
italianStemmer.java,org.tartarus.snowball.ext.italianStemmer,org.pitest.mutationtest.engine.gregor.mutators.NegateConditionalsMutator,r_mark_regions,438,SURVIVED,none
italianStemmer.java,org.tartarus.snowball.ext.italianStemmer,org.pitest.mutationtest.engine.gregor.mutators.NegateConditionalsMutator,r_mark_regions,444,TIMED_OUT,none
italianStemmer.java,org.tartarus.snowball.ext.italianStemmer,org.pitest.mutationtest.engine.gregor.mutators.NegateConditionalsMutator,r_mark_regions,454,SURVIVED,none
italianStemmer.java,org.tartarus.snowball.ext.italianStemmer,org.pitest.mutationtest.engine.gregor.mutators.NegateConditionalsMutator,r_mark_regions,462,SURVIVED,none
italianStemmer.java,org.tartarus.snowball.ext.italianStemmer,org.pitest.mutationtest.engine.gregor.mutators.NegateConditionalsMutator,r_mark_regions,468,SURVIVED,none
italianStemmer.java,org.tartarus.snowball.ext.italianStemmer,org.pitest.mutationtest.engine.gregor.mutators.NegateConditionalsMutator,r_mark_regions,479,SURVIVED,none
italianStemmer.java,org.tartarus.snowball.ext.italianStemmer,org.pitest.mutationtest.engine.gregor.mutators.NegateConditionalsMutator,r_mark_regions,488,SURVIVED,none
italianStemmer.java,org.tartarus.snowball.ext.italianStemmer,org.pitest.mutationtest.engine.gregor.mutators.NegateConditionalsMutator,r_mark_regions,496,SURVIVED,none
italianStemmer.java,org.tartarus.snowball.ext.italianStemmer,org.pitest.mutationtest.engine.gregor.mutators.NegateConditionalsMutator,r_mark_regions,502,SURVIVED,none
italianStemmer.java,org.tartarus.snowball.ext.italianStemmer,org.pitest.mutationtest.engine.gregor.mutators.NegateConditionalsMutator,r_mark_regions,512,SURVIVED,none
italianStemmer.java,org.tartarus.snowball.ext.italianStemmer,org.pitest.mutationtest.engine.gregor.mutators.NegateConditionalsMutator,r_mark_regions,517,SURVIVED,none
italianStemmer.java,org.tartarus.snowball.ext.italianStemmer,org.pitest.mutationtest.engine.gregor.mutators.NegateConditionalsMutator,r_mark_regions,536,SURVIVED,none
italianStemmer.java,org.tartarus.snowball.ext.italianStemmer,org.pitest.mutationtest.engine.gregor.mutators.NegateConditionalsMutator,r_mark_regions,542,SURVIVED,none
italianStemmer.java,org.tartarus.snowball.ext.italianStemmer,org.pitest.mutationtest.engine.gregor.mutators.NegateConditionalsMutator,r_mark_regions,552,SURVIVED,none
italianStemmer.java,org.tartarus.snowball.ext.italianStemmer,org.pitest.mutationtest.engine.gregor.mutators.NegateConditionalsMutator,r_mark_regions,558,KILLED,org.tartarus.snowball.ext.italianStemmer_ESTest.test18
italianStemmer.java,org.tartarus.snowball.ext.italianStemmer,org.pitest.mutationtest.engine.gregor.mutators.NegateConditionalsMutator,r_mark_regions,570,SURVIVED,none
italianStemmer.java,org.tartarus.snowball.ext.italianStemmer,org.pitest.mutationtest.engine.gregor.mutators.NegateConditionalsMutator,r_mark_regions,576,TIMED_OUT,none
italianStemmer.java,org.tartarus.snowball.ext.italianStemmer,org.pitest.mutationtest.engine.gregor.mutators.NegateConditionalsMutator,r_mark_regions,586,SURVIVED,none
italianStemmer.java,org.tartarus.snowball.ext.italianStemmer,org.pitest.mutationtest.engine.gregor.mutators.NegateConditionalsMutator,r_mark_regions,592,KILLED,org.tartarus.snowball.ext.italianStemmer_ESTest.test02
italianStemmer.java,org.tartarus.snowball.ext.italianStemmer,org.pitest.mutationtest.engine.gregor.mutators.NonVoidMethodCallMutator,r_mark_regions,421,SURVIVED,none
italianStemmer.java,org.tartarus.snowball.ext.italianStemmer,org.pitest.mutationtest.engine.gregor.mutators.NonVoidMethodCallMutator,r_mark_regions,430,SURVIVED,none
italianStemmer.java,org.tartarus.snowball.ext.italianStemmer,org.pitest.mutationtest.engine.gregor.mutators.NonVoidMethodCallMutator,r_mark_regions,438,SURVIVED,none
italianStemmer.java,org.tartarus.snowball.ext.italianStemmer,org.pitest.mutationtest.engine.gregor.mutators.NonVoidMethodCallMutator,r_mark_regions,454,SURVIVED,none
italianStemmer.java,org.tartarus.snowball.ext.italianStemmer,org.pitest.mutationtest.engine.gregor.mutators.NonVoidMethodCallMutator,r_mark_regions,462,SURVIVED,none
italianStemmer.java,org.tartarus.snowball.ext.italianStemmer,org.pitest.mutationtest.engine.gregor.mutators.NonVoidMethodCallMutator,r_mark_regions,479,SURVIVED,none
italianStemmer.java,org.tartarus.snowball.ext.italianStemmer,org.pitest.mutationtest.engine.gregor.mutators.NonVoidMethodCallMutator,r_mark_regions,488,SURVIVED,none
italianStemmer.java,org.tartarus.snowball.ext.italianStemmer,org.pitest.mutationtest.engine.gregor.mutators.NonVoidMethodCallMutator,r_mark_regions,496,SURVIVED,none
italianStemmer.java,org.tartarus.snowball.ext.italianStemmer,org.pitest.mutationtest.engine.gregor.mutators.NonVoidMethodCallMutator,r_mark_regions,512,SURVIVED,none
italianStemmer.java,org.tartarus.snowball.ext.italianStemmer,org.pitest.mutationtest.engine.gregor.mutators.NonVoidMethodCallMutator,r_mark_regions,536,SURVIVED,none
italianStemmer.java,org.tartarus.snowball.ext.italianStemmer,org.pitest.mutationtest.engine.gregor.mutators.NonVoidMethodCallMutator,r_mark_regions,552,SURVIVED,none
italianStemmer.java,org.tartarus.snowball.ext.italianStemmer,org.pitest.mutationtest.engine.gregor.mutators.NonVoidMethodCallMutator,r_mark_regions,570,SURVIVED,none
italianStemmer.java,org.tartarus.snowball.ext.italianStemmer,org.pitest.mutationtest.engine.gregor.mutators.NonVoidMethodCallMutator,r_mark_regions,586,SURVIVED,none
italianStemmer.java,org.tartarus.snowball.ext.italianStemmer,org.pitest.mutationtest.engine.gregor.mutators.RemoveConditionalMutator_EQUAL_ELSE,r_mark_regions,421,SURVIVED,none
italianStemmer.java,org.tartarus.snowball.ext.italianStemmer,org.pitest.mutationtest.engine.gregor.mutators.RemoveConditionalMutator_EQUAL_ELSE,r_mark_regions,430,SURVIVED,none
italianStemmer.java,org.tartarus.snowball.ext.italianStemmer,org.pitest.mutationtest.engine.gregor.mutators.RemoveConditionalMutator_EQUAL_ELSE,r_mark_regions,438,SURVIVED,none
italianStemmer.java,org.tartarus.snowball.ext.italianStemmer,org.pitest.mutationtest.engine.gregor.mutators.RemoveConditionalMutator_EQUAL_ELSE,r_mark_regions,454,SURVIVED,none
italianStemmer.java,org.tartarus.snowball.ext.italianStemmer,org.pitest.mutationtest.engine.gregor.mutators.RemoveConditionalMutator_EQUAL_ELSE,r_mark_regions,462,SURVIVED,none
italianStemmer.java,org.tartarus.snowball.ext.italianStemmer,org.pitest.mutationtest.engine.gregor.mutators.RemoveConditionalMutator_EQUAL_ELSE,r_mark_regions,479,SURVIVED,none
italianStemmer.java,org.tartarus.snowball.ext.italianStemmer,org.pitest.mutationtest.engine.gregor.mutators.RemoveConditionalMutator_EQUAL_ELSE,r_mark_regions,488,SURVIVED,none
italianStemmer.java,org.tartarus.snowball.ext.italianStemmer,org.pitest.mutationtest.engine.gregor.mutators.RemoveConditionalMutator_EQUAL_ELSE,r_mark_regions,496,SURVIVED,none
italianStemmer.java,org.tartarus.snowball.ext.italianStemmer,org.pitest.mutationtest.engine.gregor.mutators.RemoveConditionalMutator_EQUAL_ELSE,r_mark_regions,512,SURVIVED,none
italianStemmer.java,org.tartarus.snowball.ext.italianStemmer,org.pitest.mutationtest.engine.gregor.mutators.RemoveConditionalMutator_EQUAL_ELSE,r_mark_regions,536,SURVIVED,none
italianStemmer.java,org.tartarus.snowball.ext.italianStemmer,org.pitest.mutationtest.engine.gregor.mutators.RemoveConditionalMutator_EQUAL_ELSE,r_mark_regions,552,SURVIVED,none
italianStemmer.java,org.tartarus.snowball.ext.italianStemmer,org.pitest.mutationtest.engine.gregor.mutators.RemoveConditionalMutator_EQUAL_ELSE,r_mark_regions,570,SURVIVED,none
italianStemmer.java,org.tartarus.snowball.ext.italianStemmer,org.pitest.mutationtest.engine.gregor.mutators.RemoveConditionalMutator_EQUAL_ELSE,r_mark_regions,586,SURVIVED,none
italianStemmer.java,org.tartarus.snowball.ext.italianStemmer,org.pitest.mutationtest.engine.gregor.mutators.RemoveConditionalMutator_EQUAL_IF,r_mark_regions,421,SURVIVED,none
italianStemmer.java,org.tartarus.snowball.ext.italianStemmer,org.pitest.mutationtest.engine.gregor.mutators.RemoveConditionalMutator_EQUAL_IF,r_mark_regions,430,SURVIVED,none
italianStemmer.java,org.tartarus.snowball.ext.italianStemmer,org.pitest.mutationtest.engine.gregor.mutators.RemoveConditionalMutator_EQUAL_IF,r_mark_regions,438,SURVIVED,none
italianStemmer.java,org.tartarus.snowball.ext.italianStemmer,org.pitest.mutationtest.engine.gregor.mutators.RemoveConditionalMutator_EQUAL_IF,r_mark_regions,454,SURVIVED,none
italianStemmer.java,org.tartarus.snowball.ext.italianStemmer,org.pitest.mutationtest.engine.gregor.mutators.RemoveConditionalMutator_EQUAL_IF,r_mark_regions,462,SURVIVED,none
italianStemmer.java,org.tartarus.snowball.ext.italianStemmer,org.pitest.mutationtest.engine.gregor.mutators.RemoveConditionalMutator_EQUAL_IF,r_mark_regions,479,SURVIVED,none
italianStemmer.java,org.tartarus.snowball.ext.italianStemmer,org.pitest.mutationtest.engine.gregor.mutators.RemoveConditionalMutator_EQUAL_IF,r_mark_regions,488,SURVIVED,none
italianStemmer.java,org.tartarus.snowball.ext.italianStemmer,org.pitest.mutationtest.engine.gregor.mutators.RemoveConditionalMutator_EQUAL_IF,r_mark_regions,496,SURVIVED,none
italianStemmer.java,org.tartarus.snowball.ext.italianStemmer,org.pitest.mutationtest.engine.gregor.mutators.RemoveConditionalMutator_EQUAL_IF,r_mark_regions,512,SURVIVED,none
italianStemmer.java,org.tartarus.snowball.ext.italianStemmer,org.pitest.mutationtest.engine.gregor.mutators.RemoveConditionalMutator_EQUAL_IF,r_mark_regions,536,SURVIVED,none
italianStemmer.java,org.tartarus.snowball.ext.italianStemmer,org.pitest.mutationtest.engine.gregor.mutators.RemoveConditionalMutator_EQUAL_IF,r_mark_regions,552,SURVIVED,none
italianStemmer.java,org.tartarus.snowball.ext.italianStemmer,org.pitest.mutationtest.engine.gregor.mutators.RemoveConditionalMutator_EQUAL_IF,r_mark_regions,570,SURVIVED,none
italianStemmer.java,org.tartarus.snowball.ext.italianStemmer,org.pitest.mutationtest.engine.gregor.mutators.RemoveConditionalMutator_EQUAL_IF,r_mark_regions,586,SURVIVED,none
italianStemmer.java,org.tartarus.snowball.ext.italianStemmer,org.pitest.mutationtest.engine.gregor.mutators.RemoveConditionalMutator_ORDER_ELSE,r_mark_regions,444,TIMED_OUT,none
italianStemmer.java,org.tartarus.snowball.ext.italianStemmer,org.pitest.mutationtest.engine.gregor.mutators.RemoveConditionalMutator_ORDER_ELSE,r_mark_regions,468,TIMED_OUT,none
italianStemmer.java,org.tartarus.snowball.ext.italianStemmer,org.pitest.mutationtest.engine.gregor.mutators.RemoveConditionalMutator_ORDER_ELSE,r_mark_regions,502,TIMED_OUT,none
italianStemmer.java,org.tartarus.snowball.ext.italianStemmer,org.pitest.mutationtest.engine.gregor.mutators.RemoveConditionalMutator_ORDER_ELSE,r_mark_regions,517,SURVIVED,none
italianStemmer.java,org.tartarus.snowball.ext.italianStemmer,org.pitest.mutationtest.engine.gregor.mutators.RemoveConditionalMutator_ORDER_ELSE,r_mark_regions,542,TIMED_OUT,none
italianStemmer.java,org.tartarus.snowball.ext.italianStemmer,org.pitest.mutationtest.engine.gregor.mutators.RemoveConditionalMutator_ORDER_ELSE,r_mark_regions,558,KILLED,org.tartarus.snowball.ext.italianStemmer_ESTest.test18
italianStemmer.java,org.tartarus.snowball.ext.italianStemmer,org.pitest.mutationtest.engine.gregor.mutators.RemoveConditionalMutator_ORDER_ELSE,r_mark_regions,576,TIMED_OUT,none
italianStemmer.java,org.tartarus.snowball.ext.italianStemmer,org.pitest.mutationtest.engine.gregor.mutators.RemoveConditionalMutator_ORDER_ELSE,r_mark_regions,592,TIMED_OUT,none
italianStemmer.java,org.tartarus.snowball.ext.italianStemmer,org.pitest.mutationtest.engine.gregor.mutators.RemoveConditionalMutator_ORDER_IF,r_mark_regions,444,SURVIVED,none
italianStemmer.java,org.tartarus.snowball.ext.italianStemmer,org.pitest.mutationtest.engine.gregor.mutators.RemoveConditionalMutator_ORDER_IF,r_mark_regions,468,SURVIVED,none
italianStemmer.java,org.tartarus.snowball.ext.italianStemmer,org.pitest.mutationtest.engine.gregor.mutators.RemoveConditionalMutator_ORDER_IF,r_mark_regions,502,SURVIVED,none
italianStemmer.java,org.tartarus.snowball.ext.italianStemmer,org.pitest.mutationtest.engine.gregor.mutators.RemoveConditionalMutator_ORDER_IF,r_mark_regions,517,SURVIVED,none
italianStemmer.java,org.tartarus.snowball.ext.italianStemmer,org.pitest.mutationtest.engine.gregor.mutators.RemoveConditionalMutator_ORDER_IF,r_mark_regions,542,SURVIVED,none
italianStemmer.java,org.tartarus.snowball.ext.italianStemmer,org.pitest.mutationtest.engine.gregor.mutators.RemoveConditionalMutator_ORDER_IF,r_mark_regions,558,SURVIVED,none
italianStemmer.java,org.tartarus.snowball.ext.italianStemmer,org.pitest.mutationtest.engine.gregor.mutators.RemoveConditionalMutator_ORDER_IF,r_mark_regions,576,SURVIVED,none
italianStemmer.java,org.tartarus.snowball.ext.italianStemmer,org.pitest.mutationtest.engine.gregor.mutators.RemoveConditionalMutator_ORDER_IF,r_mark_regions,592,SURVIVED,none
italianStemmer.java,org.tartarus.snowball.ext.italianStemmer,org.pitest.mutationtest.engine.gregor.mutators.ReturnValsMutator,r_mark_regions,602,SURVIVED,none
italianStemmer.java,org.tartarus.snowball.ext.italianStemmer,org.pitest.mutationtest.engine.gregor.mutators.experimental.MemberVariableMutator,r_mark_regions,409,SURVIVED,none
italianStemmer.java,org.tartarus.snowball.ext.italianStemmer,org.pitest.mutationtest.engine.gregor.mutators.experimental.MemberVariableMutator,r_mark_regions,410,SURVIVED,none
italianStemmer.java,org.tartarus.snowball.ext.italianStemmer,org.pitest.mutationtest.engine.gregor.mutators.experimental.MemberVariableMutator,r_mark_regions,411,SURVIVED,none
italianStemmer.java,org.tartarus.snowball.ext.italianStemmer,org.pitest.mutationtest.engine.gregor.mutators.experimental.MemberVariableMutator,r_mark_regions,448,TIMED_OUT,none
italianStemmer.java,org.tartarus.snowball.ext.italianStemmer,org.pitest.mutationtest.engine.gregor.mutators.experimental.MemberVariableMutator,r_mark_regions,452,SURVIVED,none
italianStemmer.java,org.tartarus.snowball.ext.italianStemmer,org.pitest.mutationtest.engine.gregor.mutators.experimental.MemberVariableMutator,r_mark_regions,472,TIMED_OUT,none
italianStemmer.java,org.tartarus.snowball.ext.italianStemmer,org.pitest.mutationtest.engine.gregor.mutators.experimental.MemberVariableMutator,r_mark_regions,477,SURVIVED,none
italianStemmer.java,org.tartarus.snowball.ext.italianStemmer,org.pitest.mutationtest.engine.gregor.mutators.experimental.MemberVariableMutator,r_mark_regions,506,TIMED_OUT,none
italianStemmer.java,org.tartarus.snowball.ext.italianStemmer,org.pitest.mutationtest.engine.gregor.mutators.experimental.MemberVariableMutator,r_mark_regions,510,SURVIVED,none
italianStemmer.java,org.tartarus.snowball.ext.italianStemmer,org.pitest.mutationtest.engine.gregor.mutators.experimental.MemberVariableMutator,r_mark_regions,521,SURVIVED,none
italianStemmer.java,org.tartarus.snowball.ext.italianStemmer,org.pitest.mutationtest.engine.gregor.mutators.experimental.MemberVariableMutator,r_mark_regions,525,SURVIVED,none
italianStemmer.java,org.tartarus.snowball.ext.italianStemmer,org.pitest.mutationtest.engine.gregor.mutators.experimental.MemberVariableMutator,r_mark_regions,527,SURVIVED,none
italianStemmer.java,org.tartarus.snowball.ext.italianStemmer,org.pitest.mutationtest.engine.gregor.mutators.experimental.MemberVariableMutator,r_mark_regions,546,TIMED_OUT,none
italianStemmer.java,org.tartarus.snowball.ext.italianStemmer,org.pitest.mutationtest.engine.gregor.mutators.experimental.MemberVariableMutator,r_mark_regions,562,TIMED_OUT,none
italianStemmer.java,org.tartarus.snowball.ext.italianStemmer,org.pitest.mutationtest.engine.gregor.mutators.experimental.MemberVariableMutator,r_mark_regions,565,SURVIVED,none
italianStemmer.java,org.tartarus.snowball.ext.italianStemmer,org.pitest.mutationtest.engine.gregor.mutators.experimental.MemberVariableMutator,r_mark_regions,580,TIMED_OUT,none
italianStemmer.java,org.tartarus.snowball.ext.italianStemmer,org.pitest.mutationtest.engine.gregor.mutators.experimental.MemberVariableMutator,r_mark_regions,596,TIMED_OUT,none
italianStemmer.java,org.tartarus.snowball.ext.italianStemmer,org.pitest.mutationtest.engine.gregor.mutators.experimental.MemberVariableMutator,r_mark_regions,599,SURVIVED,none
italianStemmer.java,org.tartarus.snowball.ext.italianStemmer,org.pitest.mutationtest.engine.gregor.mutators.experimental.MemberVariableMutator,r_mark_regions,601,SURVIVED,none
italianStemmer.java,org.tartarus.snowball.ext.italianStemmer,org.pitest.mutationtest.engine.gregor.mutators.ArgumentPropagationMutator,r_postlude,617,SURVIVED,none
italianStemmer.java,org.tartarus.snowball.ext.italianStemmer,org.pitest.mutationtest.engine.gregor.mutators.BooleanFalseReturnValsMutator,r_postlude,652,SURVIVED,none
italianStemmer.java,org.tartarus.snowball.ext.italianStemmer,org.pitest.mutationtest.engine.gregor.mutators.ConditionalsBoundaryMutator,r_postlude,640,KILLED,org.tartarus.snowball.ext.italianStemmer_ESTest.test18
italianStemmer.java,org.tartarus.snowball.ext.italianStemmer,org.pitest.mutationtest.engine.gregor.mutators.InlineConstantMutator,r_postlude,617,KILLED,org.tartarus.snowball.ext.italianStemmer_ESTest.test18
italianStemmer.java,org.tartarus.snowball.ext.italianStemmer,org.pitest.mutationtest.engine.gregor.mutators.InlineConstantMutator,r_postlude,644,TIMED_OUT,none
italianStemmer.java,org.tartarus.snowball.ext.italianStemmer,org.pitest.mutationtest.engine.gregor.mutators.InlineConstantMutator,r_postlude,652,SURVIVED,none
italianStemmer.java,org.tartarus.snowball.ext.italianStemmer,org.pitest.mutationtest.engine.gregor.mutators.MathMutator,r_postlude,644,KILLED,org.tartarus.snowball.ext.italianStemmer_ESTest.test18
italianStemmer.java,org.tartarus.snowball.ext.italianStemmer,org.pitest.mutationtest.engine.gregor.mutators.NegateConditionalsMutator,r_postlude,618,SURVIVED,none
italianStemmer.java,org.tartarus.snowball.ext.italianStemmer,org.pitest.mutationtest.engine.gregor.mutators.NegateConditionalsMutator,r_postlude,640,SURVIVED,none
italianStemmer.java,org.tartarus.snowball.ext.italianStemmer,org.pitest.mutationtest.engine.gregor.mutators.NonVoidMethodCallMutator,r_postlude,617,SURVIVED,none
italianStemmer.java,org.tartarus.snowball.ext.italianStemmer,org.pitest.mutationtest.engine.gregor.mutators.RemoveConditionalMutator_EQUAL_ELSE,r_postlude,618,SURVIVED,none
italianStemmer.java,org.tartarus.snowball.ext.italianStemmer,org.pitest.mutationtest.engine.gregor.mutators.RemoveConditionalMutator_EQUAL_IF,r_postlude,618,SURVIVED,none
italianStemmer.java,org.tartarus.snowball.ext.italianStemmer,org.pitest.mutationtest.engine.gregor.mutators.RemoveConditionalMutator_ORDER_ELSE,r_postlude,640,KILLED,org.tartarus.snowball.ext.italianStemmer_ESTest.test18
italianStemmer.java,org.tartarus.snowball.ext.italianStemmer,org.pitest.mutationtest.engine.gregor.mutators.RemoveConditionalMutator_ORDER_IF,r_postlude,640,SURVIVED,none
italianStemmer.java,org.tartarus.snowball.ext.italianStemmer,org.pitest.mutationtest.engine.gregor.mutators.ReturnValsMutator,r_postlude,652,SURVIVED,none
italianStemmer.java,org.tartarus.snowball.ext.italianStemmer,org.pitest.mutationtest.engine.gregor.mutators.VoidMethodCallMutator,r_postlude,630,SURVIVED,none
italianStemmer.java,org.tartarus.snowball.ext.italianStemmer,org.pitest.mutationtest.engine.gregor.mutators.VoidMethodCallMutator,r_postlude,635,SURVIVED,none
italianStemmer.java,org.tartarus.snowball.ext.italianStemmer,org.pitest.mutationtest.engine.gregor.mutators.experimental.MemberVariableMutator,r_postlude,615,KILLED,org.tartarus.snowball.ext.italianStemmer_ESTest.test17
italianStemmer.java,org.tartarus.snowball.ext.italianStemmer,org.pitest.mutationtest.engine.gregor.mutators.experimental.MemberVariableMutator,r_postlude,623,SURVIVED,none
italianStemmer.java,org.tartarus.snowball.ext.italianStemmer,org.pitest.mutationtest.engine.gregor.mutators.experimental.MemberVariableMutator,r_postlude,644,TIMED_OUT,none
italianStemmer.java,org.tartarus.snowball.ext.italianStemmer,org.pitest.mutationtest.engine.gregor.mutators.experimental.MemberVariableMutator,r_postlude,649,SURVIVED,none
italianStemmer.java,org.tartarus.snowball.ext.italianStemmer,org.pitest.mutationtest.engine.gregor.mutators.experimental.RemoveSwitchMutator_0,r_postlude,624,SURVIVED,none
italianStemmer.java,org.tartarus.snowball.ext.italianStemmer,org.pitest.mutationtest.engine.gregor.mutators.experimental.RemoveSwitchMutator_1,r_postlude,624,SURVIVED,none
italianStemmer.java,org.tartarus.snowball.ext.italianStemmer,org.pitest.mutationtest.engine.gregor.mutators.experimental.RemoveSwitchMutator_2,r_postlude,624,SURVIVED,none
italianStemmer.java,org.tartarus.snowball.ext.italianStemmer,org.pitest.mutationtest.engine.gregor.mutators.experimental.RemoveSwitchMutator_3,r_postlude,624,TIMED_OUT,none
italianStemmer.java,org.tartarus.snowball.ext.italianStemmer,org.pitest.mutationtest.engine.gregor.mutators.experimental.SwitchMutator,r_postlude,624,TIMED_OUT,none
italianStemmer.java,org.tartarus.snowball.ext.italianStemmer,org.pitest.mutationtest.engine.gregor.mutators.ArgumentPropagationMutator,r_prelude,275,SURVIVED,none
italianStemmer.java,org.tartarus.snowball.ext.italianStemmer,org.pitest.mutationtest.engine.gregor.mutators.BooleanFalseReturnValsMutator,r_prelude,399,SURVIVED,none
italianStemmer.java,org.tartarus.snowball.ext.italianStemmer,org.pitest.mutationtest.engine.gregor.mutators.ConditionalsBoundaryMutator,r_prelude,318,KILLED,org.tartarus.snowball.ext.italianStemmer_ESTest.test18
italianStemmer.java,org.tartarus.snowball.ext.italianStemmer,org.pitest.mutationtest.engine.gregor.mutators.ConditionalsBoundaryMutator,r_prelude,388,SURVIVED,none
italianStemmer.java,org.tartarus.snowball.ext.italianStemmer,org.pitest.mutationtest.engine.gregor.mutators.InlineConstantMutator,r_prelude,275,SURVIVED,none
italianStemmer.java,org.tartarus.snowball.ext.italianStemmer,org.pitest.mutationtest.engine.gregor.mutators.InlineConstantMutator,r_prelude,322,TIMED_OUT,none
italianStemmer.java,org.tartarus.snowball.ext.italianStemmer,org.pitest.mutationtest.engine.gregor.mutators.InlineConstantMutator,r_prelude,342,SURVIVED,none
italianStemmer.java,org.tartarus.snowball.ext.italianStemmer,org.pitest.mutationtest.engine.gregor.mutators.InlineConstantMutator,r_prelude,342,SURVIVED,none
italianStemmer.java,org.tartarus.snowball.ext.italianStemmer,org.pitest.mutationtest.engine.gregor.mutators.InlineConstantMutator,r_prelude,354,SURVIVED,none
italianStemmer.java,org.tartarus.snowball.ext.italianStemmer,org.pitest.mutationtest.engine.gregor.mutators.InlineConstantMutator,r_prelude,360,SURVIVED,none
italianStemmer.java,org.tartarus.snowball.ext.italianStemmer,org.pitest.mutationtest.engine.gregor.mutators.InlineConstantMutator,r_prelude,360,SURVIVED,none
italianStemmer.java,org.tartarus.snowball.ext.italianStemmer,org.pitest.mutationtest.engine.gregor.mutators.InlineConstantMutator,r_prelude,371,SURVIVED,none
italianStemmer.java,org.tartarus.snowball.ext.italianStemmer,org.pitest.mutationtest.engine.gregor.mutators.InlineConstantMutator,r_prelude,377,SURVIVED,none
italianStemmer.java,org.tartarus.snowball.ext.italianStemmer,org.pitest.mutationtest.engine.gregor.mutators.InlineConstantMutator,r_prelude,377,SURVIVED,none
italianStemmer.java,org.tartarus.snowball.ext.italianStemmer,org.pitest.mutationtest.engine.gregor.mutators.InlineConstantMutator,r_prelude,392,TIMED_OUT,none
italianStemmer.java,org.tartarus.snowball.ext.italianStemmer,org.pitest.mutationtest.engine.gregor.mutators.InlineConstantMutator,r_prelude,399,SURVIVED,none
italianStemmer.java,org.tartarus.snowball.ext.italianStemmer,org.pitest.mutationtest.engine.gregor.mutators.MathMutator,r_prelude,322,KILLED,org.tartarus.snowball.ext.italianStemmer_ESTest.test14
italianStemmer.java,org.tartarus.snowball.ext.italianStemmer,org.pitest.mutationtest.engine.gregor.mutators.MathMutator,r_prelude,392,KILLED,org.tartarus.snowball.ext.italianStemmer_ESTest.test18
italianStemmer.java,org.tartarus.snowball.ext.italianStemmer,org.pitest.mutationtest.engine.gregor.mutators.NegateConditionalsMutator,r_prelude,276,SURVIVED,none
italianStemmer.java,org.tartarus.snowball.ext.italianStemmer,org.pitest.mutationtest.engine.gregor.mutators.NegateConditionalsMutator,r_prelude,318,KILLED,org.tartarus.snowball.ext.italianStemmer_ESTest.test18
italianStemmer.java,org.tartarus.snowball.ext.italianStemmer,org.pitest.mutationtest.engine.gregor.mutators.NegateConditionalsMutator,r_prelude,342,SURVIVED,none
italianStemmer.java,org.tartarus.snowball.ext.italianStemmer,org.pitest.mutationtest.engine.gregor.mutators.NegateConditionalsMutator,r_prelude,354,SURVIVED,none
italianStemmer.java,org.tartarus.snowball.ext.italianStemmer,org.pitest.mutationtest.engine.gregor.mutators.NegateConditionalsMutator,r_prelude,360,SURVIVED,none
italianStemmer.java,org.tartarus.snowball.ext.italianStemmer,org.pitest.mutationtest.engine.gregor.mutators.NegateConditionalsMutator,r_prelude,371,SURVIVED,none
italianStemmer.java,org.tartarus.snowball.ext.italianStemmer,org.pitest.mutationtest.engine.gregor.mutators.NegateConditionalsMutator,r_prelude,377,SURVIVED,none
italianStemmer.java,org.tartarus.snowball.ext.italianStemmer,org.pitest.mutationtest.engine.gregor.mutators.NegateConditionalsMutator,r_prelude,388,SURVIVED,none
italianStemmer.java,org.tartarus.snowball.ext.italianStemmer,org.pitest.mutationtest.engine.gregor.mutators.NonVoidMethodCallMutator,r_prelude,275,SURVIVED,none
italianStemmer.java,org.tartarus.snowball.ext.italianStemmer,org.pitest.mutationtest.engine.gregor.mutators.NonVoidMethodCallMutator,r_prelude,342,SURVIVED,none
italianStemmer.java,org.tartarus.snowball.ext.italianStemmer,org.pitest.mutationtest.engine.gregor.mutators.NonVoidMethodCallMutator,r_prelude,354,SURVIVED,none
italianStemmer.java,org.tartarus.snowball.ext.italianStemmer,org.pitest.mutationtest.engine.gregor.mutators.NonVoidMethodCallMutator,r_prelude,360,SURVIVED,none
italianStemmer.java,org.tartarus.snowball.ext.italianStemmer,org.pitest.mutationtest.engine.gregor.mutators.NonVoidMethodCallMutator,r_prelude,371,SURVIVED,none
italianStemmer.java,org.tartarus.snowball.ext.italianStemmer,org.pitest.mutationtest.engine.gregor.mutators.NonVoidMethodCallMutator,r_prelude,377,SURVIVED,none
italianStemmer.java,org.tartarus.snowball.ext.italianStemmer,org.pitest.mutationtest.engine.gregor.mutators.RemoveConditionalMutator_EQUAL_ELSE,r_prelude,276,SURVIVED,none
italianStemmer.java,org.tartarus.snowball.ext.italianStemmer,org.pitest.mutationtest.engine.gregor.mutators.RemoveConditionalMutator_EQUAL_ELSE,r_prelude,342,SURVIVED,none
italianStemmer.java,org.tartarus.snowball.ext.italianStemmer,org.pitest.mutationtest.engine.gregor.mutators.RemoveConditionalMutator_EQUAL_ELSE,r_prelude,354,SURVIVED,none
italianStemmer.java,org.tartarus.snowball.ext.italianStemmer,org.pitest.mutationtest.engine.gregor.mutators.RemoveConditionalMutator_EQUAL_ELSE,r_prelude,360,SURVIVED,none
italianStemmer.java,org.tartarus.snowball.ext.italianStemmer,org.pitest.mutationtest.engine.gregor.mutators.RemoveConditionalMutator_EQUAL_ELSE,r_prelude,371,SURVIVED,none
italianStemmer.java,org.tartarus.snowball.ext.italianStemmer,org.pitest.mutationtest.engine.gregor.mutators.RemoveConditionalMutator_EQUAL_ELSE,r_prelude,377,SURVIVED,none
italianStemmer.java,org.tartarus.snowball.ext.italianStemmer,org.pitest.mutationtest.engine.gregor.mutators.RemoveConditionalMutator_EQUAL_IF,r_prelude,276,SURVIVED,none
italianStemmer.java,org.tartarus.snowball.ext.italianStemmer,org.pitest.mutationtest.engine.gregor.mutators.RemoveConditionalMutator_EQUAL_IF,r_prelude,342,SURVIVED,none
italianStemmer.java,org.tartarus.snowball.ext.italianStemmer,org.pitest.mutationtest.engine.gregor.mutators.RemoveConditionalMutator_EQUAL_IF,r_prelude,354,SURVIVED,none
italianStemmer.java,org.tartarus.snowball.ext.italianStemmer,org.pitest.mutationtest.engine.gregor.mutators.RemoveConditionalMutator_EQUAL_IF,r_prelude,360,SURVIVED,none
italianStemmer.java,org.tartarus.snowball.ext.italianStemmer,org.pitest.mutationtest.engine.gregor.mutators.RemoveConditionalMutator_EQUAL_IF,r_prelude,371,SURVIVED,none
italianStemmer.java,org.tartarus.snowball.ext.italianStemmer,org.pitest.mutationtest.engine.gregor.mutators.RemoveConditionalMutator_EQUAL_IF,r_prelude,377,SURVIVED,none
italianStemmer.java,org.tartarus.snowball.ext.italianStemmer,org.pitest.mutationtest.engine.gregor.mutators.RemoveConditionalMutator_ORDER_ELSE,r_prelude,318,KILLED,org.tartarus.snowball.ext.italianStemmer_ESTest.test18
italianStemmer.java,org.tartarus.snowball.ext.italianStemmer,org.pitest.mutationtest.engine.gregor.mutators.RemoveConditionalMutator_ORDER_ELSE,r_prelude,388,TIMED_OUT,none
italianStemmer.java,org.tartarus.snowball.ext.italianStemmer,org.pitest.mutationtest.engine.gregor.mutators.RemoveConditionalMutator_ORDER_IF,r_prelude,318,SURVIVED,none
italianStemmer.java,org.tartarus.snowball.ext.italianStemmer,org.pitest.mutationtest.engine.gregor.mutators.RemoveConditionalMutator_ORDER_IF,r_prelude,388,SURVIVED,none
italianStemmer.java,org.tartarus.snowball.ext.italianStemmer,org.pitest.mutationtest.engine.gregor.mutators.ReturnValsMutator,r_prelude,399,SURVIVED,none
italianStemmer.java,org.tartarus.snowball.ext.italianStemmer,org.pitest.mutationtest.engine.gregor.mutators.VoidMethodCallMutator,r_prelude,288,SURVIVED,none
italianStemmer.java,org.tartarus.snowball.ext.italianStemmer,org.pitest.mutationtest.engine.gregor.mutators.VoidMethodCallMutator,r_prelude,293,SURVIVED,none
italianStemmer.java,org.tartarus.snowball.ext.italianStemmer,org.pitest.mutationtest.engine.gregor.mutators.VoidMethodCallMutator,r_prelude,298,SURVIVED,none
italianStemmer.java,org.tartarus.snowball.ext.italianStemmer,org.pitest.mutationtest.engine.gregor.mutators.VoidMethodCallMutator,r_prelude,303,NO_COVERAGE,none
italianStemmer.java,org.tartarus.snowball.ext.italianStemmer,org.pitest.mutationtest.engine.gregor.mutators.VoidMethodCallMutator,r_prelude,308,NO_COVERAGE,none
italianStemmer.java,org.tartarus.snowball.ext.italianStemmer,org.pitest.mutationtest.engine.gregor.mutators.VoidMethodCallMutator,r_prelude,313,SURVIVED,none
italianStemmer.java,org.tartarus.snowball.ext.italianStemmer,org.pitest.mutationtest.engine.gregor.mutators.VoidMethodCallMutator,r_prelude,365,NO_COVERAGE,none
italianStemmer.java,org.tartarus.snowball.ext.italianStemmer,org.pitest.mutationtest.engine.gregor.mutators.VoidMethodCallMutator,r_prelude,382,TIMED_OUT,none
italianStemmer.java,org.tartarus.snowball.ext.italianStemmer,org.pitest.mutationtest.engine.gregor.mutators.experimental.MemberVariableMutator,r_prelude,273,SURVIVED,none
italianStemmer.java,org.tartarus.snowball.ext.italianStemmer,org.pitest.mutationtest.engine.gregor.mutators.experimental.MemberVariableMutator,r_prelude,281,SURVIVED,none
italianStemmer.java,org.tartarus.snowball.ext.italianStemmer,org.pitest.mutationtest.engine.gregor.mutators.experimental.MemberVariableMutator,r_prelude,322,TIMED_OUT,none
italianStemmer.java,org.tartarus.snowball.ext.italianStemmer,org.pitest.mutationtest.engine.gregor.mutators.experimental.MemberVariableMutator,r_prelude,327,SURVIVED,none
italianStemmer.java,org.tartarus.snowball.ext.italianStemmer,org.pitest.mutationtest.engine.gregor.mutators.experimental.MemberVariableMutator,r_prelude,330,SURVIVED,none
italianStemmer.java,org.tartarus.snowball.ext.italianStemmer,org.pitest.mutationtest.engine.gregor.mutators.experimental.MemberVariableMutator,r_prelude,347,KILLED,org.tartarus.snowball.ext.italianStemmer_ESTest.test15
italianStemmer.java,org.tartarus.snowball.ext.italianStemmer,org.pitest.mutationtest.engine.gregor.mutators.experimental.MemberVariableMutator,r_prelude,359,SURVIVED,none
italianStemmer.java,org.tartarus.snowball.ext.italianStemmer,org.pitest.mutationtest.engine.gregor.mutators.experimental.MemberVariableMutator,r_prelude,368,SURVIVED,none
italianStemmer.java,org.tartarus.snowball.ext.italianStemmer,org.pitest.mutationtest.engine.gregor.mutators.experimental.MemberVariableMutator,r_prelude,376,SURVIVED,none
italianStemmer.java,org.tartarus.snowball.ext.italianStemmer,org.pitest.mutationtest.engine.gregor.mutators.experimental.MemberVariableMutator,r_prelude,384,SURVIVED,none
italianStemmer.java,org.tartarus.snowball.ext.italianStemmer,org.pitest.mutationtest.engine.gregor.mutators.experimental.MemberVariableMutator,r_prelude,387,SURVIVED,none
italianStemmer.java,org.tartarus.snowball.ext.italianStemmer,org.pitest.mutationtest.engine.gregor.mutators.experimental.MemberVariableMutator,r_prelude,392,TIMED_OUT,none
italianStemmer.java,org.tartarus.snowball.ext.italianStemmer,org.pitest.mutationtest.engine.gregor.mutators.experimental.MemberVariableMutator,r_prelude,396,SURVIVED,none
italianStemmer.java,org.tartarus.snowball.ext.italianStemmer,org.pitest.mutationtest.engine.gregor.mutators.experimental.RemoveSwitchMutator_0,r_prelude,282,SURVIVED,none
italianStemmer.java,org.tartarus.snowball.ext.italianStemmer,org.pitest.mutationtest.engine.gregor.mutators.experimental.RemoveSwitchMutator_1,r_prelude,282,SURVIVED,none
italianStemmer.java,org.tartarus.snowball.ext.italianStemmer,org.pitest.mutationtest.engine.gregor.mutators.experimental.RemoveSwitchMutator_2,r_prelude,282,SURVIVED,none
italianStemmer.java,org.tartarus.snowball.ext.italianStemmer,org.pitest.mutationtest.engine.gregor.mutators.experimental.RemoveSwitchMutator_3,r_prelude,282,SURVIVED,none
italianStemmer.java,org.tartarus.snowball.ext.italianStemmer,org.pitest.mutationtest.engine.gregor.mutators.experimental.RemoveSwitchMutator_4,r_prelude,282,SURVIVED,none
italianStemmer.java,org.tartarus.snowball.ext.italianStemmer,org.pitest.mutationtest.engine.gregor.mutators.experimental.RemoveSwitchMutator_5,r_prelude,282,SURVIVED,none
italianStemmer.java,org.tartarus.snowball.ext.italianStemmer,org.pitest.mutationtest.engine.gregor.mutators.experimental.RemoveSwitchMutator_6,r_prelude,282,SURVIVED,none
italianStemmer.java,org.tartarus.snowball.ext.italianStemmer,org.pitest.mutationtest.engine.gregor.mutators.experimental.RemoveSwitchMutator_7,r_prelude,282,TIMED_OUT,none
italianStemmer.java,org.tartarus.snowball.ext.italianStemmer,org.pitest.mutationtest.engine.gregor.mutators.experimental.SwitchMutator,r_prelude,282,TIMED_OUT,none
italianStemmer.java,org.tartarus.snowball.ext.italianStemmer,org.pitest.mutationtest.engine.gregor.mutators.ArgumentPropagationMutator,r_standard_suffix,730,SURVIVED,none
italianStemmer.java,org.tartarus.snowball.ext.italianStemmer,org.pitest.mutationtest.engine.gregor.mutators.ArgumentPropagationMutator,r_standard_suffix,839,NO_COVERAGE,none
italianStemmer.java,org.tartarus.snowball.ext.italianStemmer,org.pitest.mutationtest.engine.gregor.mutators.ArgumentPropagationMutator,r_standard_suffix,899,NO_COVERAGE,none
italianStemmer.java,org.tartarus.snowball.ext.italianStemmer,org.pitest.mutationtest.engine.gregor.mutators.BooleanFalseReturnValsMutator,r_standard_suffix,977,NO_COVERAGE,none
italianStemmer.java,org.tartarus.snowball.ext.italianStemmer,org.pitest.mutationtest.engine.gregor.mutators.BooleanTrueReturnValsMutator,r_standard_suffix,733,SURVIVED,none
italianStemmer.java,org.tartarus.snowball.ext.italianStemmer,org.pitest.mutationtest.engine.gregor.mutators.BooleanTrueReturnValsMutator,r_standard_suffix,739,NO_COVERAGE,none
italianStemmer.java,org.tartarus.snowball.ext.italianStemmer,org.pitest.mutationtest.engine.gregor.mutators.BooleanTrueReturnValsMutator,r_standard_suffix,745,SURVIVED,none
italianStemmer.java,org.tartarus.snowball.ext.italianStemmer,org.pitest.mutationtest.engine.gregor.mutators.BooleanTrueReturnValsMutator,r_standard_suffix,755,SURVIVED,none
italianStemmer.java,org.tartarus.snowball.ext.italianStemmer,org.pitest.mutationtest.engine.gregor.mutators.BooleanTrueReturnValsMutator,r_standard_suffix,788,SURVIVED,none
italianStemmer.java,org.tartarus.snowball.ext.italianStemmer,org.pitest.mutationtest.engine.gregor.mutators.BooleanTrueReturnValsMutator,r_standard_suffix,798,SURVIVED,none
italianStemmer.java,org.tartarus.snowball.ext.italianStemmer,org.pitest.mutationtest.engine.gregor.mutators.BooleanTrueReturnValsMutator,r_standard_suffix,808,SURVIVED,none
italianStemmer.java,org.tartarus.snowball.ext.italianStemmer,org.pitest.mutationtest.engine.gregor.mutators.BooleanTrueReturnValsMutator,r_standard_suffix,818,SURVIVED,none
italianStemmer.java,org.tartarus.snowball.ext.italianStemmer,org.pitest.mutationtest.engine.gregor.mutators.BooleanTrueReturnValsMutator,r_standard_suffix,828,SURVIVED,none
italianStemmer.java,org.tartarus.snowball.ext.italianStemmer,org.pitest.mutationtest.engine.gregor.mutators.BooleanTrueReturnValsMutator,r_standard_suffix,888,NO_COVERAGE,none
italianStemmer.java,org.tartarus.snowball.ext.italianStemmer,org.pitest.mutationtest.engine.gregor.mutators.BooleanTrueReturnValsMutator,r_standard_suffix,930,SURVIVED,none
italianStemmer.java,org.tartarus.snowball.ext.italianStemmer,org.pitest.mutationtest.engine.gregor.mutators.InlineConstantMutator,r_standard_suffix,730,SURVIVED,none
italianStemmer.java,org.tartarus.snowball.ext.italianStemmer,org.pitest.mutationtest.engine.gregor.mutators.InlineConstantMutator,r_standard_suffix,733,SURVIVED,none
italianStemmer.java,org.tartarus.snowball.ext.italianStemmer,org.pitest.mutationtest.engine.gregor.mutators.InlineConstantMutator,r_standard_suffix,739,NO_COVERAGE,none
italianStemmer.java,org.tartarus.snowball.ext.italianStemmer,org.pitest.mutationtest.engine.gregor.mutators.InlineConstantMutator,r_standard_suffix,745,SURVIVED,none
italianStemmer.java,org.tartarus.snowball.ext.italianStemmer,org.pitest.mutationtest.engine.gregor.mutators.InlineConstantMutator,r_standard_suffix,755,SURVIVED,none
italianStemmer.java,org.tartarus.snowball.ext.italianStemmer,org.pitest.mutationtest.engine.gregor.mutators.InlineConstantMutator,r_standard_suffix,766,NO_COVERAGE,none
italianStemmer.java,org.tartarus.snowball.ext.italianStemmer,org.pitest.mutationtest.engine.gregor.mutators.InlineConstantMutator,r_standard_suffix,788,SURVIVED,none
italianStemmer.java,org.tartarus.snowball.ext.italianStemmer,org.pitest.mutationtest.engine.gregor.mutators.InlineConstantMutator,r_standard_suffix,798,SURVIVED,none
italianStemmer.java,org.tartarus.snowball.ext.italianStemmer,org.pitest.mutationtest.engine.gregor.mutators.InlineConstantMutator,r_standard_suffix,808,SURVIVED,none
italianStemmer.java,org.tartarus.snowball.ext.italianStemmer,org.pitest.mutationtest.engine.gregor.mutators.InlineConstantMutator,r_standard_suffix,818,SURVIVED,none
italianStemmer.java,org.tartarus.snowball.ext.italianStemmer,org.pitest.mutationtest.engine.gregor.mutators.InlineConstantMutator,r_standard_suffix,828,SURVIVED,none
italianStemmer.java,org.tartarus.snowball.ext.italianStemmer,org.pitest.mutationtest.engine.gregor.mutators.InlineConstantMutator,r_standard_suffix,839,NO_COVERAGE,none
italianStemmer.java,org.tartarus.snowball.ext.italianStemmer,org.pitest.mutationtest.engine.gregor.mutators.InlineConstantMutator,r_standard_suffix,864,NO_COVERAGE,none
italianStemmer.java,org.tartarus.snowball.ext.italianStemmer,org.pitest.mutationtest.engine.gregor.mutators.InlineConstantMutator,r_standard_suffix,888,NO_COVERAGE,none
italianStemmer.java,org.tartarus.snowball.ext.italianStemmer,org.pitest.mutationtest.engine.gregor.mutators.InlineConstantMutator,r_standard_suffix,899,NO_COVERAGE,none
italianStemmer.java,org.tartarus.snowball.ext.italianStemmer,org.pitest.mutationtest.engine.gregor.mutators.InlineConstantMutator,r_standard_suffix,930,SURVIVED,none
italianStemmer.java,org.tartarus.snowball.ext.italianStemmer,org.pitest.mutationtest.engine.gregor.mutators.InlineConstantMutator,r_standard_suffix,941,NO_COVERAGE,none
italianStemmer.java,org.tartarus.snowball.ext.italianStemmer,org.pitest.mutationtest.engine.gregor.mutators.InlineConstantMutator,r_standard_suffix,959,NO_COVERAGE,none
italianStemmer.java,org.tartarus.snowball.ext.italianStemmer,org.pitest.mutationtest.engine.gregor.mutators.InlineConstantMutator,r_standard_suffix,977,NO_COVERAGE,none
italianStemmer.java,org.tartarus.snowball.ext.italianStemmer,org.pitest.mutationtest.engine.gregor.mutators.MathMutator,r_standard_suffix,760,NO_COVERAGE,none
italianStemmer.java,org.tartarus.snowball.ext.italianStemmer,org.pitest.mutationtest.engine.gregor.mutators.MathMutator,r_standard_suffix,768,NO_COVERAGE,none
italianStemmer.java,org.tartarus.snowball.ext.italianStemmer,org.pitest.mutationtest.engine.gregor.mutators.MathMutator,r_standard_suffix,776,NO_COVERAGE,none
italianStemmer.java,org.tartarus.snowball.ext.italianStemmer,org.pitest.mutationtest.engine.gregor.mutators.MathMutator,r_standard_suffix,833,NO_COVERAGE,none
italianStemmer.java,org.tartarus.snowball.ext.italianStemmer,org.pitest.mutationtest.engine.gregor.mutators.MathMutator,r_standard_suffix,842,NO_COVERAGE,none
italianStemmer.java,org.tartarus.snowball.ext.italianStemmer,org.pitest.mutationtest.engine.gregor.mutators.MathMutator,r_standard_suffix,850,NO_COVERAGE,none
italianStemmer.java,org.tartarus.snowball.ext.italianStemmer,org.pitest.mutationtest.engine.gregor.mutators.MathMutator,r_standard_suffix,857,NO_COVERAGE,none
italianStemmer.java,org.tartarus.snowball.ext.italianStemmer,org.pitest.mutationtest.engine.gregor.mutators.MathMutator,r_standard_suffix,866,NO_COVERAGE,none
italianStemmer.java,org.tartarus.snowball.ext.italianStemmer,org.pitest.mutationtest.engine.gregor.mutators.MathMutator,r_standard_suffix,874,NO_COVERAGE,none
italianStemmer.java,org.tartarus.snowball.ext.italianStemmer,org.pitest.mutationtest.engine.gregor.mutators.MathMutator,r_standard_suffix,893,NO_COVERAGE,none
italianStemmer.java,org.tartarus.snowball.ext.italianStemmer,org.pitest.mutationtest.engine.gregor.mutators.MathMutator,r_standard_suffix,902,NO_COVERAGE,none
italianStemmer.java,org.tartarus.snowball.ext.italianStemmer,org.pitest.mutationtest.engine.gregor.mutators.MathMutator,r_standard_suffix,909,NO_COVERAGE,none
italianStemmer.java,org.tartarus.snowball.ext.italianStemmer,org.pitest.mutationtest.engine.gregor.mutators.MathMutator,r_standard_suffix,916,NO_COVERAGE,none
italianStemmer.java,org.tartarus.snowball.ext.italianStemmer,org.pitest.mutationtest.engine.gregor.mutators.MathMutator,r_standard_suffix,935,NO_COVERAGE,none
italianStemmer.java,org.tartarus.snowball.ext.italianStemmer,org.pitest.mutationtest.engine.gregor.mutators.MathMutator,r_standard_suffix,943,NO_COVERAGE,none
italianStemmer.java,org.tartarus.snowball.ext.italianStemmer,org.pitest.mutationtest.engine.gregor.mutators.MathMutator,r_standard_suffix,951,NO_COVERAGE,none
italianStemmer.java,org.tartarus.snowball.ext.italianStemmer,org.pitest.mutationtest.engine.gregor.mutators.MathMutator,r_standard_suffix,961,NO_COVERAGE,none
italianStemmer.java,org.tartarus.snowball.ext.italianStemmer,org.pitest.mutationtest.engine.gregor.mutators.MathMutator,r_standard_suffix,969,NO_COVERAGE,none
italianStemmer.java,org.tartarus.snowball.ext.italianStemmer,org.pitest.mutationtest.engine.gregor.mutators.NegateConditionalsMutator,r_standard_suffix,731,SURVIVED,none
italianStemmer.java,org.tartarus.snowball.ext.italianStemmer,org.pitest.mutationtest.engine.gregor.mutators.NegateConditionalsMutator,r_standard_suffix,743,SURVIVED,none
italianStemmer.java,org.tartarus.snowball.ext.italianStemmer,org.pitest.mutationtest.engine.gregor.mutators.NegateConditionalsMutator,r_standard_suffix,753,SURVIVED,none
italianStemmer.java,org.tartarus.snowball.ext.italianStemmer,org.pitest.mutationtest.engine.gregor.mutators.NegateConditionalsMutator,r_standard_suffix,766,NO_COVERAGE,none
italianStemmer.java,org.tartarus.snowball.ext.italianStemmer,org.pitest.mutationtest.engine.gregor.mutators.NegateConditionalsMutator,r_standard_suffix,774,NO_COVERAGE,none
italianStemmer.java,org.tartarus.snowball.ext.italianStemmer,org.pitest.mutationtest.engine.gregor.mutators.NegateConditionalsMutator,r_standard_suffix,786,SURVIVED,none
italianStemmer.java,org.tartarus.snowball.ext.italianStemmer,org.pitest.mutationtest.engine.gregor.mutators.NegateConditionalsMutator,r_standard_suffix,796,SURVIVED,none
italianStemmer.java,org.tartarus.snowball.ext.italianStemmer,org.pitest.mutationtest.engine.gregor.mutators.NegateConditionalsMutator,r_standard_suffix,806,SURVIVED,none
italianStemmer.java,org.tartarus.snowball.ext.italianStemmer,org.pitest.mutationtest.engine.gregor.mutators.NegateConditionalsMutator,r_standard_suffix,816,SURVIVED,none
italianStemmer.java,org.tartarus.snowball.ext.italianStemmer,org.pitest.mutationtest.engine.gregor.mutators.NegateConditionalsMutator,r_standard_suffix,826,SURVIVED,none
italianStemmer.java,org.tartarus.snowball.ext.italianStemmer,org.pitest.mutationtest.engine.gregor.mutators.NegateConditionalsMutator,r_standard_suffix,840,NO_COVERAGE,none
italianStemmer.java,org.tartarus.snowball.ext.italianStemmer,org.pitest.mutationtest.engine.gregor.mutators.NegateConditionalsMutator,r_standard_suffix,848,NO_COVERAGE,none
italianStemmer.java,org.tartarus.snowball.ext.italianStemmer,org.pitest.mutationtest.engine.gregor.mutators.NegateConditionalsMutator,r_standard_suffix,864,NO_COVERAGE,none
italianStemmer.java,org.tartarus.snowball.ext.italianStemmer,org.pitest.mutationtest.engine.gregor.mutators.NegateConditionalsMutator,r_standard_suffix,872,NO_COVERAGE,none
italianStemmer.java,org.tartarus.snowball.ext.italianStemmer,org.pitest.mutationtest.engine.gregor.mutators.NegateConditionalsMutator,r_standard_suffix,886,NO_COVERAGE,none
italianStemmer.java,org.tartarus.snowball.ext.italianStemmer,org.pitest.mutationtest.engine.gregor.mutators.NegateConditionalsMutator,r_standard_suffix,900,NO_COVERAGE,none
italianStemmer.java,org.tartarus.snowball.ext.italianStemmer,org.pitest.mutationtest.engine.gregor.mutators.NegateConditionalsMutator,r_standard_suffix,914,NO_COVERAGE,none
italianStemmer.java,org.tartarus.snowball.ext.italianStemmer,org.pitest.mutationtest.engine.gregor.mutators.NegateConditionalsMutator,r_standard_suffix,928,SURVIVED,none
italianStemmer.java,org.tartarus.snowball.ext.italianStemmer,org.pitest.mutationtest.engine.gregor.mutators.NegateConditionalsMutator,r_standard_suffix,941,NO_COVERAGE,none
italianStemmer.java,org.tartarus.snowball.ext.italianStemmer,org.pitest.mutationtest.engine.gregor.mutators.NegateConditionalsMutator,r_standard_suffix,949,NO_COVERAGE,none
italianStemmer.java,org.tartarus.snowball.ext.italianStemmer,org.pitest.mutationtest.engine.gregor.mutators.NegateConditionalsMutator,r_standard_suffix,959,NO_COVERAGE,none
italianStemmer.java,org.tartarus.snowball.ext.italianStemmer,org.pitest.mutationtest.engine.gregor.mutators.NegateConditionalsMutator,r_standard_suffix,967,NO_COVERAGE,none
italianStemmer.java,org.tartarus.snowball.ext.italianStemmer,org.pitest.mutationtest.engine.gregor.mutators.NonVoidMethodCallMutator,r_standard_suffix,730,SURVIVED,none
italianStemmer.java,org.tartarus.snowball.ext.italianStemmer,org.pitest.mutationtest.engine.gregor.mutators.NonVoidMethodCallMutator,r_standard_suffix,743,SURVIVED,none
italianStemmer.java,org.tartarus.snowball.ext.italianStemmer,org.pitest.mutationtest.engine.gregor.mutators.NonVoidMethodCallMutator,r_standard_suffix,753,SURVIVED,none
italianStemmer.java,org.tartarus.snowball.ext.italianStemmer,org.pitest.mutationtest.engine.gregor.mutators.NonVoidMethodCallMutator,r_standard_suffix,766,NO_COVERAGE,none
italianStemmer.java,org.tartarus.snowball.ext.italianStemmer,org.pitest.mutationtest.engine.gregor.mutators.NonVoidMethodCallMutator,r_standard_suffix,774,NO_COVERAGE,none
italianStemmer.java,org.tartarus.snowball.ext.italianStemmer,org.pitest.mutationtest.engine.gregor.mutators.NonVoidMethodCallMutator,r_standard_suffix,786,SURVIVED,none
italianStemmer.java,org.tartarus.snowball.ext.italianStemmer,org.pitest.mutationtest.engine.gregor.mutators.NonVoidMethodCallMutator,r_standard_suffix,796,SURVIVED,none
italianStemmer.java,org.tartarus.snowball.ext.italianStemmer,org.pitest.mutationtest.engine.gregor.mutators.NonVoidMethodCallMutator,r_standard_suffix,806,SURVIVED,none
italianStemmer.java,org.tartarus.snowball.ext.italianStemmer,org.pitest.mutationtest.engine.gregor.mutators.NonVoidMethodCallMutator,r_standard_suffix,816,SURVIVED,none
italianStemmer.java,org.tartarus.snowball.ext.italianStemmer,org.pitest.mutationtest.engine.gregor.mutators.NonVoidMethodCallMutator,r_standard_suffix,826,SURVIVED,none
italianStemmer.java,org.tartarus.snowball.ext.italianStemmer,org.pitest.mutationtest.engine.gregor.mutators.NonVoidMethodCallMutator,r_standard_suffix,839,NO_COVERAGE,none
italianStemmer.java,org.tartarus.snowball.ext.italianStemmer,org.pitest.mutationtest.engine.gregor.mutators.NonVoidMethodCallMutator,r_standard_suffix,848,NO_COVERAGE,none
italianStemmer.java,org.tartarus.snowball.ext.italianStemmer,org.pitest.mutationtest.engine.gregor.mutators.NonVoidMethodCallMutator,r_standard_suffix,864,NO_COVERAGE,none
italianStemmer.java,org.tartarus.snowball.ext.italianStemmer,org.pitest.mutationtest.engine.gregor.mutators.NonVoidMethodCallMutator,r_standard_suffix,872,NO_COVERAGE,none
italianStemmer.java,org.tartarus.snowball.ext.italianStemmer,org.pitest.mutationtest.engine.gregor.mutators.NonVoidMethodCallMutator,r_standard_suffix,886,NO_COVERAGE,none
italianStemmer.java,org.tartarus.snowball.ext.italianStemmer,org.pitest.mutationtest.engine.gregor.mutators.NonVoidMethodCallMutator,r_standard_suffix,899,NO_COVERAGE,none
italianStemmer.java,org.tartarus.snowball.ext.italianStemmer,org.pitest.mutationtest.engine.gregor.mutators.NonVoidMethodCallMutator,r_standard_suffix,914,NO_COVERAGE,none
italianStemmer.java,org.tartarus.snowball.ext.italianStemmer,org.pitest.mutationtest.engine.gregor.mutators.NonVoidMethodCallMutator,r_standard_suffix,928,SURVIVED,none
italianStemmer.java,org.tartarus.snowball.ext.italianStemmer,org.pitest.mutationtest.engine.gregor.mutators.NonVoidMethodCallMutator,r_standard_suffix,941,NO_COVERAGE,none
italianStemmer.java,org.tartarus.snowball.ext.italianStemmer,org.pitest.mutationtest.engine.gregor.mutators.NonVoidMethodCallMutator,r_standard_suffix,949,NO_COVERAGE,none
italianStemmer.java,org.tartarus.snowball.ext.italianStemmer,org.pitest.mutationtest.engine.gregor.mutators.NonVoidMethodCallMutator,r_standard_suffix,959,NO_COVERAGE,none
italianStemmer.java,org.tartarus.snowball.ext.italianStemmer,org.pitest.mutationtest.engine.gregor.mutators.NonVoidMethodCallMutator,r_standard_suffix,967,NO_COVERAGE,none
italianStemmer.java,org.tartarus.snowball.ext.italianStemmer,org.pitest.mutationtest.engine.gregor.mutators.RemoveConditionalMutator_EQUAL_ELSE,r_standard_suffix,731,SURVIVED,none
italianStemmer.java,org.tartarus.snowball.ext.italianStemmer,org.pitest.mutationtest.engine.gregor.mutators.RemoveConditionalMutator_EQUAL_ELSE,r_standard_suffix,743,SURVIVED,none
italianStemmer.java,org.tartarus.snowball.ext.italianStemmer,org.pitest.mutationtest.engine.gregor.mutators.RemoveConditionalMutator_EQUAL_ELSE,r_standard_suffix,753,SURVIVED,none
italianStemmer.java,org.tartarus.snowball.ext.italianStemmer,org.pitest.mutationtest.engine.gregor.mutators.RemoveConditionalMutator_EQUAL_ELSE,r_standard_suffix,766,NO_COVERAGE,none
italianStemmer.java,org.tartarus.snowball.ext.italianStemmer,org.pitest.mutationtest.engine.gregor.mutators.RemoveConditionalMutator_EQUAL_ELSE,r_standard_suffix,774,NO_COVERAGE,none
italianStemmer.java,org.tartarus.snowball.ext.italianStemmer,org.pitest.mutationtest.engine.gregor.mutators.RemoveConditionalMutator_EQUAL_ELSE,r_standard_suffix,786,SURVIVED,none
italianStemmer.java,org.tartarus.snowball.ext.italianStemmer,org.pitest.mutationtest.engine.gregor.mutators.RemoveConditionalMutator_EQUAL_ELSE,r_standard_suffix,796,SURVIVED,none
italianStemmer.java,org.tartarus.snowball.ext.italianStemmer,org.pitest.mutationtest.engine.gregor.mutators.RemoveConditionalMutator_EQUAL_ELSE,r_standard_suffix,806,SURVIVED,none
italianStemmer.java,org.tartarus.snowball.ext.italianStemmer,org.pitest.mutationtest.engine.gregor.mutators.RemoveConditionalMutator_EQUAL_ELSE,r_standard_suffix,816,SURVIVED,none
italianStemmer.java,org.tartarus.snowball.ext.italianStemmer,org.pitest.mutationtest.engine.gregor.mutators.RemoveConditionalMutator_EQUAL_ELSE,r_standard_suffix,826,SURVIVED,none
italianStemmer.java,org.tartarus.snowball.ext.italianStemmer,org.pitest.mutationtest.engine.gregor.mutators.RemoveConditionalMutator_EQUAL_ELSE,r_standard_suffix,840,NO_COVERAGE,none
italianStemmer.java,org.tartarus.snowball.ext.italianStemmer,org.pitest.mutationtest.engine.gregor.mutators.RemoveConditionalMutator_EQUAL_ELSE,r_standard_suffix,848,NO_COVERAGE,none
italianStemmer.java,org.tartarus.snowball.ext.italianStemmer,org.pitest.mutationtest.engine.gregor.mutators.RemoveConditionalMutator_EQUAL_ELSE,r_standard_suffix,864,NO_COVERAGE,none
italianStemmer.java,org.tartarus.snowball.ext.italianStemmer,org.pitest.mutationtest.engine.gregor.mutators.RemoveConditionalMutator_EQUAL_ELSE,r_standard_suffix,872,NO_COVERAGE,none
italianStemmer.java,org.tartarus.snowball.ext.italianStemmer,org.pitest.mutationtest.engine.gregor.mutators.RemoveConditionalMutator_EQUAL_ELSE,r_standard_suffix,886,NO_COVERAGE,none
italianStemmer.java,org.tartarus.snowball.ext.italianStemmer,org.pitest.mutationtest.engine.gregor.mutators.RemoveConditionalMutator_EQUAL_ELSE,r_standard_suffix,900,NO_COVERAGE,none
italianStemmer.java,org.tartarus.snowball.ext.italianStemmer,org.pitest.mutationtest.engine.gregor.mutators.RemoveConditionalMutator_EQUAL_ELSE,r_standard_suffix,914,NO_COVERAGE,none
italianStemmer.java,org.tartarus.snowball.ext.italianStemmer,org.pitest.mutationtest.engine.gregor.mutators.RemoveConditionalMutator_EQUAL_ELSE,r_standard_suffix,928,SURVIVED,none
italianStemmer.java,org.tartarus.snowball.ext.italianStemmer,org.pitest.mutationtest.engine.gregor.mutators.RemoveConditionalMutator_EQUAL_ELSE,r_standard_suffix,941,NO_COVERAGE,none
italianStemmer.java,org.tartarus.snowball.ext.italianStemmer,org.pitest.mutationtest.engine.gregor.mutators.RemoveConditionalMutator_EQUAL_ELSE,r_standard_suffix,949,NO_COVERAGE,none
italianStemmer.java,org.tartarus.snowball.ext.italianStemmer,org.pitest.mutationtest.engine.gregor.mutators.RemoveConditionalMutator_EQUAL_ELSE,r_standard_suffix,959,NO_COVERAGE,none
italianStemmer.java,org.tartarus.snowball.ext.italianStemmer,org.pitest.mutationtest.engine.gregor.mutators.RemoveConditionalMutator_EQUAL_ELSE,r_standard_suffix,967,NO_COVERAGE,none
italianStemmer.java,org.tartarus.snowball.ext.italianStemmer,org.pitest.mutationtest.engine.gregor.mutators.RemoveConditionalMutator_EQUAL_IF,r_standard_suffix,731,SURVIVED,none
italianStemmer.java,org.tartarus.snowball.ext.italianStemmer,org.pitest.mutationtest.engine.gregor.mutators.RemoveConditionalMutator_EQUAL_IF,r_standard_suffix,743,SURVIVED,none
italianStemmer.java,org.tartarus.snowball.ext.italianStemmer,org.pitest.mutationtest.engine.gregor.mutators.RemoveConditionalMutator_EQUAL_IF,r_standard_suffix,753,SURVIVED,none
italianStemmer.java,org.tartarus.snowball.ext.italianStemmer,org.pitest.mutationtest.engine.gregor.mutators.RemoveConditionalMutator_EQUAL_IF,r_standard_suffix,766,NO_COVERAGE,none
italianStemmer.java,org.tartarus.snowball.ext.italianStemmer,org.pitest.mutationtest.engine.gregor.mutators.RemoveConditionalMutator_EQUAL_IF,r_standard_suffix,774,NO_COVERAGE,none
italianStemmer.java,org.tartarus.snowball.ext.italianStemmer,org.pitest.mutationtest.engine.gregor.mutators.RemoveConditionalMutator_EQUAL_IF,r_standard_suffix,786,SURVIVED,none
italianStemmer.java,org.tartarus.snowball.ext.italianStemmer,org.pitest.mutationtest.engine.gregor.mutators.RemoveConditionalMutator_EQUAL_IF,r_standard_suffix,796,SURVIVED,none
italianStemmer.java,org.tartarus.snowball.ext.italianStemmer,org.pitest.mutationtest.engine.gregor.mutators.RemoveConditionalMutator_EQUAL_IF,r_standard_suffix,806,SURVIVED,none
italianStemmer.java,org.tartarus.snowball.ext.italianStemmer,org.pitest.mutationtest.engine.gregor.mutators.RemoveConditionalMutator_EQUAL_IF,r_standard_suffix,816,SURVIVED,none
italianStemmer.java,org.tartarus.snowball.ext.italianStemmer,org.pitest.mutationtest.engine.gregor.mutators.RemoveConditionalMutator_EQUAL_IF,r_standard_suffix,826,SURVIVED,none
italianStemmer.java,org.tartarus.snowball.ext.italianStemmer,org.pitest.mutationtest.engine.gregor.mutators.RemoveConditionalMutator_EQUAL_IF,r_standard_suffix,840,NO_COVERAGE,none
italianStemmer.java,org.tartarus.snowball.ext.italianStemmer,org.pitest.mutationtest.engine.gregor.mutators.RemoveConditionalMutator_EQUAL_IF,r_standard_suffix,848,NO_COVERAGE,none
italianStemmer.java,org.tartarus.snowball.ext.italianStemmer,org.pitest.mutationtest.engine.gregor.mutators.RemoveConditionalMutator_EQUAL_IF,r_standard_suffix,864,NO_COVERAGE,none
italianStemmer.java,org.tartarus.snowball.ext.italianStemmer,org.pitest.mutationtest.engine.gregor.mutators.RemoveConditionalMutator_EQUAL_IF,r_standard_suffix,872,NO_COVERAGE,none
italianStemmer.java,org.tartarus.snowball.ext.italianStemmer,org.pitest.mutationtest.engine.gregor.mutators.RemoveConditionalMutator_EQUAL_IF,r_standard_suffix,886,NO_COVERAGE,none
italianStemmer.java,org.tartarus.snowball.ext.italianStemmer,org.pitest.mutationtest.engine.gregor.mutators.RemoveConditionalMutator_EQUAL_IF,r_standard_suffix,900,NO_COVERAGE,none
italianStemmer.java,org.tartarus.snowball.ext.italianStemmer,org.pitest.mutationtest.engine.gregor.mutators.RemoveConditionalMutator_EQUAL_IF,r_standard_suffix,914,NO_COVERAGE,none
italianStemmer.java,org.tartarus.snowball.ext.italianStemmer,org.pitest.mutationtest.engine.gregor.mutators.RemoveConditionalMutator_EQUAL_IF,r_standard_suffix,928,SURVIVED,none
italianStemmer.java,org.tartarus.snowball.ext.italianStemmer,org.pitest.mutationtest.engine.gregor.mutators.RemoveConditionalMutator_EQUAL_IF,r_standard_suffix,941,NO_COVERAGE,none
italianStemmer.java,org.tartarus.snowball.ext.italianStemmer,org.pitest.mutationtest.engine.gregor.mutators.RemoveConditionalMutator_EQUAL_IF,r_standard_suffix,949,NO_COVERAGE,none
italianStemmer.java,org.tartarus.snowball.ext.italianStemmer,org.pitest.mutationtest.engine.gregor.mutators.RemoveConditionalMutator_EQUAL_IF,r_standard_suffix,959,NO_COVERAGE,none
italianStemmer.java,org.tartarus.snowball.ext.italianStemmer,org.pitest.mutationtest.engine.gregor.mutators.RemoveConditionalMutator_EQUAL_IF,r_standard_suffix,967,NO_COVERAGE,none
italianStemmer.java,org.tartarus.snowball.ext.italianStemmer,org.pitest.mutationtest.engine.gregor.mutators.ReturnValsMutator,r_standard_suffix,733,SURVIVED,none
italianStemmer.java,org.tartarus.snowball.ext.italianStemmer,org.pitest.mutationtest.engine.gregor.mutators.ReturnValsMutator,r_standard_suffix,739,NO_COVERAGE,none
italianStemmer.java,org.tartarus.snowball.ext.italianStemmer,org.pitest.mutationtest.engine.gregor.mutators.ReturnValsMutator,r_standard_suffix,745,SURVIVED,none
italianStemmer.java,org.tartarus.snowball.ext.italianStemmer,org.pitest.mutationtest.engine.gregor.mutators.ReturnValsMutator,r_standard_suffix,755,SURVIVED,none
italianStemmer.java,org.tartarus.snowball.ext.italianStemmer,org.pitest.mutationtest.engine.gregor.mutators.ReturnValsMutator,r_standard_suffix,788,SURVIVED,none
italianStemmer.java,org.tartarus.snowball.ext.italianStemmer,org.pitest.mutationtest.engine.gregor.mutators.ReturnValsMutator,r_standard_suffix,798,SURVIVED,none
italianStemmer.java,org.tartarus.snowball.ext.italianStemmer,org.pitest.mutationtest.engine.gregor.mutators.ReturnValsMutator,r_standard_suffix,808,SURVIVED,none
italianStemmer.java,org.tartarus.snowball.ext.italianStemmer,org.pitest.mutationtest.engine.gregor.mutators.ReturnValsMutator,r_standard_suffix,818,SURVIVED,none
italianStemmer.java,org.tartarus.snowball.ext.italianStemmer,org.pitest.mutationtest.engine.gregor.mutators.ReturnValsMutator,r_standard_suffix,828,SURVIVED,none
italianStemmer.java,org.tartarus.snowball.ext.italianStemmer,org.pitest.mutationtest.engine.gregor.mutators.ReturnValsMutator,r_standard_suffix,888,NO_COVERAGE,none
italianStemmer.java,org.tartarus.snowball.ext.italianStemmer,org.pitest.mutationtest.engine.gregor.mutators.ReturnValsMutator,r_standard_suffix,930,SURVIVED,none
italianStemmer.java,org.tartarus.snowball.ext.italianStemmer,org.pitest.mutationtest.engine.gregor.mutators.ReturnValsMutator,r_standard_suffix,977,NO_COVERAGE,none
italianStemmer.java,org.tartarus.snowball.ext.italianStemmer,org.pitest.mutationtest.engine.gregor.mutators.VoidMethodCallMutator,r_standard_suffix,748,NO_COVERAGE,none
italianStemmer.java,org.tartarus.snowball.ext.italianStemmer,org.pitest.mutationtest.engine.gregor.mutators.VoidMethodCallMutator,r_standard_suffix,758,NO_COVERAGE,none
italianStemmer.java,org.tartarus.snowball.ext.italianStemmer,org.pitest.mutationtest.engine.gregor.mutators.VoidMethodCallMutator,r_standard_suffix,780,NO_COVERAGE,none
italianStemmer.java,org.tartarus.snowball.ext.italianStemmer,org.pitest.mutationtest.engine.gregor.mutators.VoidMethodCallMutator,r_standard_suffix,791,NO_COVERAGE,none
italianStemmer.java,org.tartarus.snowball.ext.italianStemmer,org.pitest.mutationtest.engine.gregor.mutators.VoidMethodCallMutator,r_standard_suffix,801,NO_COVERAGE,none
italianStemmer.java,org.tartarus.snowball.ext.italianStemmer,org.pitest.mutationtest.engine.gregor.mutators.VoidMethodCallMutator,r_standard_suffix,811,NO_COVERAGE,none
italianStemmer.java,org.tartarus.snowball.ext.italianStemmer,org.pitest.mutationtest.engine.gregor.mutators.VoidMethodCallMutator,r_standard_suffix,821,NO_COVERAGE,none
italianStemmer.java,org.tartarus.snowball.ext.italianStemmer,org.pitest.mutationtest.engine.gregor.mutators.VoidMethodCallMutator,r_standard_suffix,831,NO_COVERAGE,none
italianStemmer.java,org.tartarus.snowball.ext.italianStemmer,org.pitest.mutationtest.engine.gregor.mutators.VoidMethodCallMutator,r_standard_suffix,854,NO_COVERAGE,none
italianStemmer.java,org.tartarus.snowball.ext.italianStemmer,org.pitest.mutationtest.engine.gregor.mutators.VoidMethodCallMutator,r_standard_suffix,878,NO_COVERAGE,none
italianStemmer.java,org.tartarus.snowball.ext.italianStemmer,org.pitest.mutationtest.engine.gregor.mutators.VoidMethodCallMutator,r_standard_suffix,891,NO_COVERAGE,none
italianStemmer.java,org.tartarus.snowball.ext.italianStemmer,org.pitest.mutationtest.engine.gregor.mutators.VoidMethodCallMutator,r_standard_suffix,920,NO_COVERAGE,none
italianStemmer.java,org.tartarus.snowball.ext.italianStemmer,org.pitest.mutationtest.engine.gregor.mutators.VoidMethodCallMutator,r_standard_suffix,933,NO_COVERAGE,none
italianStemmer.java,org.tartarus.snowball.ext.italianStemmer,org.pitest.mutationtest.engine.gregor.mutators.VoidMethodCallMutator,r_standard_suffix,955,NO_COVERAGE,none
italianStemmer.java,org.tartarus.snowball.ext.italianStemmer,org.pitest.mutationtest.engine.gregor.mutators.VoidMethodCallMutator,r_standard_suffix,973,NO_COVERAGE,none
italianStemmer.java,org.tartarus.snowball.ext.italianStemmer,org.pitest.mutationtest.engine.gregor.mutators.experimental.MemberVariableMutator,r_standard_suffix,728,SURVIVED,none
italianStemmer.java,org.tartarus.snowball.ext.italianStemmer,org.pitest.mutationtest.engine.gregor.mutators.experimental.MemberVariableMutator,r_standard_suffix,736,SURVIVED,none
italianStemmer.java,org.tartarus.snowball.ext.italianStemmer,org.pitest.mutationtest.engine.gregor.mutators.experimental.MemberVariableMutator,r_standard_suffix,764,NO_COVERAGE,none
italianStemmer.java,org.tartarus.snowball.ext.italianStemmer,org.pitest.mutationtest.engine.gregor.mutators.experimental.MemberVariableMutator,r_standard_suffix,768,NO_COVERAGE,none
italianStemmer.java,org.tartarus.snowball.ext.italianStemmer,org.pitest.mutationtest.engine.gregor.mutators.experimental.MemberVariableMutator,r_standard_suffix,772,NO_COVERAGE,none
italianStemmer.java,org.tartarus.snowball.ext.italianStemmer,org.pitest.mutationtest.engine.gregor.mutators.experimental.MemberVariableMutator,r_standard_suffix,776,NO_COVERAGE,none
italianStemmer.java,org.tartarus.snowball.ext.italianStemmer,org.pitest.mutationtest.engine.gregor.mutators.experimental.MemberVariableMutator,r_standard_suffix,837,NO_COVERAGE,none
italianStemmer.java,org.tartarus.snowball.ext.italianStemmer,org.pitest.mutationtest.engine.gregor.mutators.experimental.MemberVariableMutator,r_standard_suffix,842,NO_COVERAGE,none
italianStemmer.java,org.tartarus.snowball.ext.italianStemmer,org.pitest.mutationtest.engine.gregor.mutators.experimental.MemberVariableMutator,r_standard_suffix,846,NO_COVERAGE,none
italianStemmer.java,org.tartarus.snowball.ext.italianStemmer,org.pitest.mutationtest.engine.gregor.mutators.experimental.MemberVariableMutator,r_standard_suffix,850,NO_COVERAGE,none
italianStemmer.java,org.tartarus.snowball.ext.italianStemmer,org.pitest.mutationtest.engine.gregor.mutators.experimental.MemberVariableMutator,r_standard_suffix,857,NO_COVERAGE,none
italianStemmer.java,org.tartarus.snowball.ext.italianStemmer,org.pitest.mutationtest.engine.gregor.mutators.experimental.MemberVariableMutator,r_standard_suffix,862,NO_COVERAGE,none
italianStemmer.java,org.tartarus.snowball.ext.italianStemmer,org.pitest.mutationtest.engine.gregor.mutators.experimental.MemberVariableMutator,r_standard_suffix,866,NO_COVERAGE,none
italianStemmer.java,org.tartarus.snowball.ext.italianStemmer,org.pitest.mutationtest.engine.gregor.mutators.experimental.MemberVariableMutator,r_standard_suffix,870,NO_COVERAGE,none
italianStemmer.java,org.tartarus.snowball.ext.italianStemmer,org.pitest.mutationtest.engine.gregor.mutators.experimental.MemberVariableMutator,r_standard_suffix,874,NO_COVERAGE,none
italianStemmer.java,org.tartarus.snowball.ext.italianStemmer,org.pitest.mutationtest.engine.gregor.mutators.experimental.MemberVariableMutator,r_standard_suffix,897,NO_COVERAGE,none
italianStemmer.java,org.tartarus.snowball.ext.italianStemmer,org.pitest.mutationtest.engine.gregor.mutators.experimental.MemberVariableMutator,r_standard_suffix,902,NO_COVERAGE,none
italianStemmer.java,org.tartarus.snowball.ext.italianStemmer,org.pitest.mutationtest.engine.gregor.mutators.experimental.MemberVariableMutator,r_standard_suffix,906,NO_COVERAGE,none
italianStemmer.java,org.tartarus.snowball.ext.italianStemmer,org.pitest.mutationtest.engine.gregor.mutators.experimental.MemberVariableMutator,r_standard_suffix,909,NO_COVERAGE,none
italianStemmer.java,org.tartarus.snowball.ext.italianStemmer,org.pitest.mutationtest.engine.gregor.mutators.experimental.MemberVariableMutator,r_standard_suffix,916,NO_COVERAGE,none
italianStemmer.java,org.tartarus.snowball.ext.italianStemmer,org.pitest.mutationtest.engine.gregor.mutators.experimental.MemberVariableMutator,r_standard_suffix,939,NO_COVERAGE,none
italianStemmer.java,org.tartarus.snowball.ext.italianStemmer,org.pitest.mutationtest.engine.gregor.mutators.experimental.MemberVariableMutator,r_standard_suffix,943,NO_COVERAGE,none
italianStemmer.java,org.tartarus.snowball.ext.italianStemmer,org.pitest.mutationtest.engine.gregor.mutators.experimental.MemberVariableMutator,r_standard_suffix,947,NO_COVERAGE,none
italianStemmer.java,org.tartarus.snowball.ext.italianStemmer,org.pitest.mutationtest.engine.gregor.mutators.experimental.MemberVariableMutator,r_standard_suffix,951,NO_COVERAGE,none
italianStemmer.java,org.tartarus.snowball.ext.italianStemmer,org.pitest.mutationtest.engine.gregor.mutators.experimental.MemberVariableMutator,r_standard_suffix,957,NO_COVERAGE,none
italianStemmer.java,org.tartarus.snowball.ext.italianStemmer,org.pitest.mutationtest.engine.gregor.mutators.experimental.MemberVariableMutator,r_standard_suffix,961,NO_COVERAGE,none
italianStemmer.java,org.tartarus.snowball.ext.italianStemmer,org.pitest.mutationtest.engine.gregor.mutators.experimental.MemberVariableMutator,r_standard_suffix,965,NO_COVERAGE,none
italianStemmer.java,org.tartarus.snowball.ext.italianStemmer,org.pitest.mutationtest.engine.gregor.mutators.experimental.MemberVariableMutator,r_standard_suffix,969,NO_COVERAGE,none
italianStemmer.java,org.tartarus.snowball.ext.italianStemmer,org.pitest.mutationtest.engine.gregor.mutators.experimental.RemoveSwitchMutator_0,r_standard_suffix,737,SURVIVED,none
italianStemmer.java,org.tartarus.snowball.ext.italianStemmer,org.pitest.mutationtest.engine.gregor.mutators.experimental.RemoveSwitchMutator_0,r_standard_suffix,855,NO_COVERAGE,none
italianStemmer.java,org.tartarus.snowball.ext.italianStemmer,org.pitest.mutationtest.engine.gregor.mutators.experimental.RemoveSwitchMutator_0,r_standard_suffix,907,NO_COVERAGE,none
italianStemmer.java,org.tartarus.snowball.ext.italianStemmer,org.pitest.mutationtest.engine.gregor.mutators.experimental.RemoveSwitchMutator_1,r_standard_suffix,737,SURVIVED,none
italianStemmer.java,org.tartarus.snowball.ext.italianStemmer,org.pitest.mutationtest.engine.gregor.mutators.experimental.RemoveSwitchMutator_1,r_standard_suffix,855,NO_COVERAGE,none
italianStemmer.java,org.tartarus.snowball.ext.italianStemmer,org.pitest.mutationtest.engine.gregor.mutators.experimental.RemoveSwitchMutator_1,r_standard_suffix,907,NO_COVERAGE,none
italianStemmer.java,org.tartarus.snowball.ext.italianStemmer,org.pitest.mutationtest.engine.gregor.mutators.experimental.RemoveSwitchMutator_2,r_standard_suffix,737,SURVIVED,none
italianStemmer.java,org.tartarus.snowball.ext.italianStemmer,org.pitest.mutationtest.engine.gregor.mutators.experimental.RemoveSwitchMutator_3,r_standard_suffix,737,SURVIVED,none
italianStemmer.java,org.tartarus.snowball.ext.italianStemmer,org.pitest.mutationtest.engine.gregor.mutators.experimental.RemoveSwitchMutator_4,r_standard_suffix,737,SURVIVED,none
italianStemmer.java,org.tartarus.snowball.ext.italianStemmer,org.pitest.mutationtest.engine.gregor.mutators.experimental.RemoveSwitchMutator_5,r_standard_suffix,737,SURVIVED,none
italianStemmer.java,org.tartarus.snowball.ext.italianStemmer,org.pitest.mutationtest.engine.gregor.mutators.experimental.RemoveSwitchMutator_6,r_standard_suffix,737,SURVIVED,none
italianStemmer.java,org.tartarus.snowball.ext.italianStemmer,org.pitest.mutationtest.engine.gregor.mutators.experimental.RemoveSwitchMutator_7,r_standard_suffix,737,SURVIVED,none
italianStemmer.java,org.tartarus.snowball.ext.italianStemmer,org.pitest.mutationtest.engine.gregor.mutators.experimental.RemoveSwitchMutator_8,r_standard_suffix,737,SURVIVED,none
italianStemmer.java,org.tartarus.snowball.ext.italianStemmer,org.pitest.mutationtest.engine.gregor.mutators.experimental.RemoveSwitchMutator_9,r_standard_suffix,737,SURVIVED,none
italianStemmer.java,org.tartarus.snowball.ext.italianStemmer,org.pitest.mutationtest.engine.gregor.mutators.experimental.SwitchMutator,r_standard_suffix,737,SURVIVED,none
italianStemmer.java,org.tartarus.snowball.ext.italianStemmer,org.pitest.mutationtest.engine.gregor.mutators.experimental.SwitchMutator,r_standard_suffix,855,NO_COVERAGE,none
italianStemmer.java,org.tartarus.snowball.ext.italianStemmer,org.pitest.mutationtest.engine.gregor.mutators.experimental.SwitchMutator,r_standard_suffix,907,NO_COVERAGE,none
italianStemmer.java,org.tartarus.snowball.ext.italianStemmer,org.pitest.mutationtest.engine.gregor.mutators.ArgumentPropagationMutator,r_verb_suffix,999,SURVIVED,none
italianStemmer.java,org.tartarus.snowball.ext.italianStemmer,org.pitest.mutationtest.engine.gregor.mutators.BooleanFalseReturnValsMutator,r_verb_suffix,1018,NO_COVERAGE,none
italianStemmer.java,org.tartarus.snowball.ext.italianStemmer,org.pitest.mutationtest.engine.gregor.mutators.BooleanTrueReturnValsMutator,r_verb_suffix,989,NO_COVERAGE,none
italianStemmer.java,org.tartarus.snowball.ext.italianStemmer,org.pitest.mutationtest.engine.gregor.mutators.BooleanTrueReturnValsMutator,r_verb_suffix,1003,SURVIVED,none
italianStemmer.java,org.tartarus.snowball.ext.italianStemmer,org.pitest.mutationtest.engine.gregor.mutators.BooleanTrueReturnValsMutator,r_verb_suffix,1010,NO_COVERAGE,none
italianStemmer.java,org.tartarus.snowball.ext.italianStemmer,org.pitest.mutationtest.engine.gregor.mutators.ConditionalsBoundaryMutator,r_verb_suffix,987,SURVIVED,none
italianStemmer.java,org.tartarus.snowball.ext.italianStemmer,org.pitest.mutationtest.engine.gregor.mutators.InlineConstantMutator,r_verb_suffix,989,NO_COVERAGE,none
italianStemmer.java,org.tartarus.snowball.ext.italianStemmer,org.pitest.mutationtest.engine.gregor.mutators.InlineConstantMutator,r_verb_suffix,999,SURVIVED,none
italianStemmer.java,org.tartarus.snowball.ext.italianStemmer,org.pitest.mutationtest.engine.gregor.mutators.InlineConstantMutator,r_verb_suffix,1003,SURVIVED,none
italianStemmer.java,org.tartarus.snowball.ext.italianStemmer,org.pitest.mutationtest.engine.gregor.mutators.InlineConstantMutator,r_verb_suffix,1010,NO_COVERAGE,none
italianStemmer.java,org.tartarus.snowball.ext.italianStemmer,org.pitest.mutationtest.engine.gregor.mutators.InlineConstantMutator,r_verb_suffix,1018,NO_COVERAGE,none
italianStemmer.java,org.tartarus.snowball.ext.italianStemmer,org.pitest.mutationtest.engine.gregor.mutators.MathMutator,r_verb_suffix,985,KILLED,org.tartarus.snowball.ext.italianStemmer_ESTest.test18
italianStemmer.java,org.tartarus.snowball.ext.italianStemmer,org.pitest.mutationtest.engine.gregor.mutators.MathMutator,r_verb_suffix,994,SURVIVED,none
italianStemmer.java,org.tartarus.snowball.ext.italianStemmer,org.pitest.mutationtest.engine.gregor.mutators.NegateConditionalsMutator,r_verb_suffix,987,SURVIVED,none
italianStemmer.java,org.tartarus.snowball.ext.italianStemmer,org.pitest.mutationtest.engine.gregor.mutators.NegateConditionalsMutator,r_verb_suffix,1000,SURVIVED,none
italianStemmer.java,org.tartarus.snowball.ext.italianStemmer,org.pitest.mutationtest.engine.gregor.mutators.NonVoidMethodCallMutator,r_verb_suffix,999,SURVIVED,none
italianStemmer.java,org.tartarus.snowball.ext.italianStemmer,org.pitest.mutationtest.engine.gregor.mutators.RemoveConditionalMutator_EQUAL_ELSE,r_verb_suffix,1000,SURVIVED,none
italianStemmer.java,org.tartarus.snowball.ext.italianStemmer,org.pitest.mutationtest.engine.gregor.mutators.RemoveConditionalMutator_EQUAL_IF,r_verb_suffix,1000,SURVIVED,none
italianStemmer.java,org.tartarus.snowball.ext.italianStemmer,org.pitest.mutationtest.engine.gregor.mutators.RemoveConditionalMutator_ORDER_ELSE,r_verb_suffix,987,SURVIVED,none
italianStemmer.java,org.tartarus.snowball.ext.italianStemmer,org.pitest.mutationtest.engine.gregor.mutators.RemoveConditionalMutator_ORDER_IF,r_verb_suffix,987,SURVIVED,none
italianStemmer.java,org.tartarus.snowball.ext.italianStemmer,org.pitest.mutationtest.engine.gregor.mutators.ReturnValsMutator,r_verb_suffix,989,NO_COVERAGE,none
italianStemmer.java,org.tartarus.snowball.ext.italianStemmer,org.pitest.mutationtest.engine.gregor.mutators.ReturnValsMutator,r_verb_suffix,1003,SURVIVED,none
italianStemmer.java,org.tartarus.snowball.ext.italianStemmer,org.pitest.mutationtest.engine.gregor.mutators.ReturnValsMutator,r_verb_suffix,1010,NO_COVERAGE,none
italianStemmer.java,org.tartarus.snowball.ext.italianStemmer,org.pitest.mutationtest.engine.gregor.mutators.ReturnValsMutator,r_verb_suffix,1018,NO_COVERAGE,none
italianStemmer.java,org.tartarus.snowball.ext.italianStemmer,org.pitest.mutationtest.engine.gregor.mutators.VoidMethodCallMutator,r_verb_suffix,1014,NO_COVERAGE,none
italianStemmer.java,org.tartarus.snowball.ext.italianStemmer,org.pitest.mutationtest.engine.gregor.mutators.experimental.MemberVariableMutator,r_verb_suffix,991,SURVIVED,none
italianStemmer.java,org.tartarus.snowball.ext.italianStemmer,org.pitest.mutationtest.engine.gregor.mutators.experimental.MemberVariableMutator,r_verb_suffix,993,SURVIVED,none
italianStemmer.java,org.tartarus.snowball.ext.italianStemmer,org.pitest.mutationtest.engine.gregor.mutators.experimental.MemberVariableMutator,r_verb_suffix,994,SURVIVED,none
italianStemmer.java,org.tartarus.snowball.ext.italianStemmer,org.pitest.mutationtest.engine.gregor.mutators.experimental.MemberVariableMutator,r_verb_suffix,997,SURVIVED,none
italianStemmer.java,org.tartarus.snowball.ext.italianStemmer,org.pitest.mutationtest.engine.gregor.mutators.experimental.MemberVariableMutator,r_verb_suffix,1002,SURVIVED,none
italianStemmer.java,org.tartarus.snowball.ext.italianStemmer,org.pitest.mutationtest.engine.gregor.mutators.experimental.MemberVariableMutator,r_verb_suffix,1006,NO_COVERAGE,none
italianStemmer.java,org.tartarus.snowball.ext.italianStemmer,org.pitest.mutationtest.engine.gregor.mutators.experimental.MemberVariableMutator,r_verb_suffix,1009,NO_COVERAGE,none
italianStemmer.java,org.tartarus.snowball.ext.italianStemmer,org.pitest.mutationtest.engine.gregor.mutators.experimental.MemberVariableMutator,r_verb_suffix,1017,NO_COVERAGE,none
italianStemmer.java,org.tartarus.snowball.ext.italianStemmer,org.pitest.mutationtest.engine.gregor.mutators.experimental.RemoveSwitchMutator_0,r_verb_suffix,1007,NO_COVERAGE,none
italianStemmer.java,org.tartarus.snowball.ext.italianStemmer,org.pitest.mutationtest.engine.gregor.mutators.experimental.RemoveSwitchMutator_1,r_verb_suffix,1007,NO_COVERAGE,none
italianStemmer.java,org.tartarus.snowball.ext.italianStemmer,org.pitest.mutationtest.engine.gregor.mutators.experimental.SwitchMutator,r_verb_suffix,1007,NO_COVERAGE,none
italianStemmer.java,org.tartarus.snowball.ext.italianStemmer,org.pitest.mutationtest.engine.gregor.mutators.BooleanFalseReturnValsMutator,r_vowel_suffix,1093,SURVIVED,none
italianStemmer.java,org.tartarus.snowball.ext.italianStemmer,org.pitest.mutationtest.engine.gregor.mutators.InlineConstantMutator,r_vowel_suffix,1031,SURVIVED,none
italianStemmer.java,org.tartarus.snowball.ext.italianStemmer,org.pitest.mutationtest.engine.gregor.mutators.InlineConstantMutator,r_vowel_suffix,1031,SURVIVED,none
italianStemmer.java,org.tartarus.snowball.ext.italianStemmer,org.pitest.mutationtest.engine.gregor.mutators.InlineConstantMutator,r_vowel_suffix,1049,SURVIVED,none
italianStemmer.java,org.tartarus.snowball.ext.italianStemmer,org.pitest.mutationtest.engine.gregor.mutators.InlineConstantMutator,r_vowel_suffix,1072,SURVIVED,none
italianStemmer.java,org.tartarus.snowball.ext.italianStemmer,org.pitest.mutationtest.engine.gregor.mutators.InlineConstantMutator,r_vowel_suffix,1079,SURVIVED,none
italianStemmer.java,org.tartarus.snowball.ext.italianStemmer,org.pitest.mutationtest.engine.gregor.mutators.InlineConstantMutator,r_vowel_suffix,1079,SURVIVED,none
italianStemmer.java,org.tartarus.snowball.ext.italianStemmer,org.pitest.mutationtest.engine.gregor.mutators.InlineConstantMutator,r_vowel_suffix,1093,SURVIVED,none
italianStemmer.java,org.tartarus.snowball.ext.italianStemmer,org.pitest.mutationtest.engine.gregor.mutators.MathMutator,r_vowel_suffix,1026,SURVIVED,none
italianStemmer.java,org.tartarus.snowball.ext.italianStemmer,org.pitest.mutationtest.engine.gregor.mutators.MathMutator,r_vowel_suffix,1033,SURVIVED,none
italianStemmer.java,org.tartarus.snowball.ext.italianStemmer,org.pitest.mutationtest.engine.gregor.mutators.MathMutator,r_vowel_suffix,1041,SURVIVED,none
italianStemmer.java,org.tartarus.snowball.ext.italianStemmer,org.pitest.mutationtest.engine.gregor.mutators.MathMutator,r_vowel_suffix,1051,SURVIVED,none
italianStemmer.java,org.tartarus.snowball.ext.italianStemmer,org.pitest.mutationtest.engine.gregor.mutators.MathMutator,r_vowel_suffix,1059,SURVIVED,none
italianStemmer.java,org.tartarus.snowball.ext.italianStemmer,org.pitest.mutationtest.engine.gregor.mutators.MathMutator,r_vowel_suffix,1066,SURVIVED,none
italianStemmer.java,org.tartarus.snowball.ext.italianStemmer,org.pitest.mutationtest.engine.gregor.mutators.MathMutator,r_vowel_suffix,1074,SURVIVED,none
italianStemmer.java,org.tartarus.snowball.ext.italianStemmer,org.pitest.mutationtest.engine.gregor.mutators.MathMutator,r_vowel_suffix,1081,SURVIVED,none
italianStemmer.java,org.tartarus.snowball.ext.italianStemmer,org.pitest.mutationtest.engine.gregor.mutators.MathMutator,r_vowel_suffix,1087,SURVIVED,none
italianStemmer.java,org.tartarus.snowball.ext.italianStemmer,org.pitest.mutationtest.engine.gregor.mutators.NegateConditionalsMutator,r_vowel_suffix,1031,SURVIVED,none
italianStemmer.java,org.tartarus.snowball.ext.italianStemmer,org.pitest.mutationtest.engine.gregor.mutators.NegateConditionalsMutator,r_vowel_suffix,1039,SURVIVED,none
italianStemmer.java,org.tartarus.snowball.ext.italianStemmer,org.pitest.mutationtest.engine.gregor.mutators.NegateConditionalsMutator,r_vowel_suffix,1049,SURVIVED,none
italianStemmer.java,org.tartarus.snowball.ext.italianStemmer,org.pitest.mutationtest.engine.gregor.mutators.NegateConditionalsMutator,r_vowel_suffix,1057,SURVIVED,none
italianStemmer.java,org.tartarus.snowball.ext.italianStemmer,org.pitest.mutationtest.engine.gregor.mutators.NegateConditionalsMutator,r_vowel_suffix,1072,SURVIVED,none
italianStemmer.java,org.tartarus.snowball.ext.italianStemmer,org.pitest.mutationtest.engine.gregor.mutators.NegateConditionalsMutator,r_vowel_suffix,1079,SURVIVED,none
italianStemmer.java,org.tartarus.snowball.ext.italianStemmer,org.pitest.mutationtest.engine.gregor.mutators.NegateConditionalsMutator,r_vowel_suffix,1085,SURVIVED,none
italianStemmer.java,org.tartarus.snowball.ext.italianStemmer,org.pitest.mutationtest.engine.gregor.mutators.NonVoidMethodCallMutator,r_vowel_suffix,1031,SURVIVED,none
italianStemmer.java,org.tartarus.snowball.ext.italianStemmer,org.pitest.mutationtest.engine.gregor.mutators.NonVoidMethodCallMutator,r_vowel_suffix,1039,SURVIVED,none
italianStemmer.java,org.tartarus.snowball.ext.italianStemmer,org.pitest.mutationtest.engine.gregor.mutators.NonVoidMethodCallMutator,r_vowel_suffix,1049,SURVIVED,none
italianStemmer.java,org.tartarus.snowball.ext.italianStemmer,org.pitest.mutationtest.engine.gregor.mutators.NonVoidMethodCallMutator,r_vowel_suffix,1057,SURVIVED,none
italianStemmer.java,org.tartarus.snowball.ext.italianStemmer,org.pitest.mutationtest.engine.gregor.mutators.NonVoidMethodCallMutator,r_vowel_suffix,1072,SURVIVED,none
italianStemmer.java,org.tartarus.snowball.ext.italianStemmer,org.pitest.mutationtest.engine.gregor.mutators.NonVoidMethodCallMutator,r_vowel_suffix,1079,SURVIVED,none
italianStemmer.java,org.tartarus.snowball.ext.italianStemmer,org.pitest.mutationtest.engine.gregor.mutators.NonVoidMethodCallMutator,r_vowel_suffix,1085,SURVIVED,none
italianStemmer.java,org.tartarus.snowball.ext.italianStemmer,org.pitest.mutationtest.engine.gregor.mutators.RemoveConditionalMutator_EQUAL_ELSE,r_vowel_suffix,1031,SURVIVED,none
italianStemmer.java,org.tartarus.snowball.ext.italianStemmer,org.pitest.mutationtest.engine.gregor.mutators.RemoveConditionalMutator_EQUAL_ELSE,r_vowel_suffix,1039,SURVIVED,none
italianStemmer.java,org.tartarus.snowball.ext.italianStemmer,org.pitest.mutationtest.engine.gregor.mutators.RemoveConditionalMutator_EQUAL_ELSE,r_vowel_suffix,1049,SURVIVED,none
italianStemmer.java,org.tartarus.snowball.ext.italianStemmer,org.pitest.mutationtest.engine.gregor.mutators.RemoveConditionalMutator_EQUAL_ELSE,r_vowel_suffix,1057,SURVIVED,none
italianStemmer.java,org.tartarus.snowball.ext.italianStemmer,org.pitest.mutationtest.engine.gregor.mutators.RemoveConditionalMutator_EQUAL_ELSE,r_vowel_suffix,1072,SURVIVED,none
italianStemmer.java,org.tartarus.snowball.ext.italianStemmer,org.pitest.mutationtest.engine.gregor.mutators.RemoveConditionalMutator_EQUAL_ELSE,r_vowel_suffix,1079,SURVIVED,none
italianStemmer.java,org.tartarus.snowball.ext.italianStemmer,org.pitest.mutationtest.engine.gregor.mutators.RemoveConditionalMutator_EQUAL_ELSE,r_vowel_suffix,1085,SURVIVED,none
italianStemmer.java,org.tartarus.snowball.ext.italianStemmer,org.pitest.mutationtest.engine.gregor.mutators.RemoveConditionalMutator_EQUAL_IF,r_vowel_suffix,1031,SURVIVED,none
italianStemmer.java,org.tartarus.snowball.ext.italianStemmer,org.pitest.mutationtest.engine.gregor.mutators.RemoveConditionalMutator_EQUAL_IF,r_vowel_suffix,1039,SURVIVED,none
italianStemmer.java,org.tartarus.snowball.ext.italianStemmer,org.pitest.mutationtest.engine.gregor.mutators.RemoveConditionalMutator_EQUAL_IF,r_vowel_suffix,1049,SURVIVED,none
italianStemmer.java,org.tartarus.snowball.ext.italianStemmer,org.pitest.mutationtest.engine.gregor.mutators.RemoveConditionalMutator_EQUAL_IF,r_vowel_suffix,1057,SURVIVED,none
italianStemmer.java,org.tartarus.snowball.ext.italianStemmer,org.pitest.mutationtest.engine.gregor.mutators.RemoveConditionalMutator_EQUAL_IF,r_vowel_suffix,1072,SURVIVED,none
italianStemmer.java,org.tartarus.snowball.ext.italianStemmer,org.pitest.mutationtest.engine.gregor.mutators.RemoveConditionalMutator_EQUAL_IF,r_vowel_suffix,1079,SURVIVED,none
italianStemmer.java,org.tartarus.snowball.ext.italianStemmer,org.pitest.mutationtest.engine.gregor.mutators.RemoveConditionalMutator_EQUAL_IF,r_vowel_suffix,1085,SURVIVED,none
italianStemmer.java,org.tartarus.snowball.ext.italianStemmer,org.pitest.mutationtest.engine.gregor.mutators.ReturnValsMutator,r_vowel_suffix,1093,SURVIVED,none
italianStemmer.java,org.tartarus.snowball.ext.italianStemmer,org.pitest.mutationtest.engine.gregor.mutators.VoidMethodCallMutator,r_vowel_suffix,1045,SURVIVED,none
italianStemmer.java,org.tartarus.snowball.ext.italianStemmer,org.pitest.mutationtest.engine.gregor.mutators.VoidMethodCallMutator,r_vowel_suffix,1063,SURVIVED,none
italianStemmer.java,org.tartarus.snowball.ext.italianStemmer,org.pitest.mutationtest.engine.gregor.mutators.VoidMethodCallMutator,r_vowel_suffix,1091,NO_COVERAGE,none
italianStemmer.java,org.tartarus.snowball.ext.italianStemmer,org.pitest.mutationtest.engine.gregor.mutators.experimental.MemberVariableMutator,r_vowel_suffix,1030,SURVIVED,none
italianStemmer.java,org.tartarus.snowball.ext.italianStemmer,org.pitest.mutationtest.engine.gregor.mutators.experimental.MemberVariableMutator,r_vowel_suffix,1033,SURVIVED,none
italianStemmer.java,org.tartarus.snowball.ext.italianStemmer,org.pitest.mutationtest.engine.gregor.mutators.experimental.MemberVariableMutator,r_vowel_suffix,1037,SURVIVED,none
italianStemmer.java,org.tartarus.snowball.ext.italianStemmer,org.pitest.mutationtest.engine.gregor.mutators.experimental.MemberVariableMutator,r_vowel_suffix,1041,SURVIVED,none
italianStemmer.java,org.tartarus.snowball.ext.italianStemmer,org.pitest.mutationtest.engine.gregor.mutators.experimental.MemberVariableMutator,r_vowel_suffix,1047,SURVIVED,none
italianStemmer.java,org.tartarus.snowball.ext.italianStemmer,org.pitest.mutationtest.engine.gregor.mutators.experimental.MemberVariableMutator,r_vowel_suffix,1051,SURVIVED,none
italianStemmer.java,org.tartarus.snowball.ext.italianStemmer,org.pitest.mutationtest.engine.gregor.mutators.experimental.MemberVariableMutator,r_vowel_suffix,1055,SURVIVED,none
italianStemmer.java,org.tartarus.snowball.ext.italianStemmer,org.pitest.mutationtest.engine.gregor.mutators.experimental.MemberVariableMutator,r_vowel_suffix,1059,SURVIVED,none
italianStemmer.java,org.tartarus.snowball.ext.italianStemmer,org.pitest.mutationtest.engine.gregor.mutators.experimental.MemberVariableMutator,r_vowel_suffix,1070,SURVIVED,none
italianStemmer.java,org.tartarus.snowball.ext.italianStemmer,org.pitest.mutationtest.engine.gregor.mutators.experimental.MemberVariableMutator,r_vowel_suffix,1074,SURVIVED,none
italianStemmer.java,org.tartarus.snowball.ext.italianStemmer,org.pitest.mutationtest.engine.gregor.mutators.experimental.MemberVariableMutator,r_vowel_suffix,1078,SURVIVED,none
italianStemmer.java,org.tartarus.snowball.ext.italianStemmer,org.pitest.mutationtest.engine.gregor.mutators.experimental.MemberVariableMutator,r_vowel_suffix,1081,SURVIVED,none
italianStemmer.java,org.tartarus.snowball.ext.italianStemmer,org.pitest.mutationtest.engine.gregor.mutators.experimental.MemberVariableMutator,r_vowel_suffix,1087,SURVIVED,none
italianStemmer.java,org.tartarus.snowball.ext.italianStemmer,org.pitest.mutationtest.engine.gregor.mutators.BooleanFalseReturnValsMutator,stem,1182,KILLED,org.tartarus.snowball.ext.italianStemmer_ESTest.test18
italianStemmer.java,org.tartarus.snowball.ext.italianStemmer,org.pitest.mutationtest.engine.gregor.mutators.InlineConstantMutator,stem,1182,KILLED,org.tartarus.snowball.ext.italianStemmer_ESTest.test18
italianStemmer.java,org.tartarus.snowball.ext.italianStemmer,org.pitest.mutationtest.engine.gregor.mutators.MathMutator,stem,1129,KILLED,org.tartarus.snowball.ext.italianStemmer_ESTest.test18
italianStemmer.java,org.tartarus.snowball.ext.italianStemmer,org.pitest.mutationtest.engine.gregor.mutators.MathMutator,stem,1137,SURVIVED,none
italianStemmer.java,org.tartarus.snowball.ext.italianStemmer,org.pitest.mutationtest.engine.gregor.mutators.MathMutator,stem,1139,SURVIVED,none
italianStemmer.java,org.tartarus.snowball.ext.italianStemmer,org.pitest.mutationtest.engine.gregor.mutators.MathMutator,stem,1144,SURVIVED,none
italianStemmer.java,org.tartarus.snowball.ext.italianStemmer,org.pitest.mutationtest.engine.gregor.mutators.MathMutator,stem,1153,SURVIVED,none
italianStemmer.java,org.tartarus.snowball.ext.italianStemmer,org.pitest.mutationtest.engine.gregor.mutators.MathMutator,stem,1161,SURVIVED,none
italianStemmer.java,org.tartarus.snowball.ext.italianStemmer,org.pitest.mutationtest.engine.gregor.mutators.MathMutator,stem,1163,SURVIVED,none
italianStemmer.java,org.tartarus.snowball.ext.italianStemmer,org.pitest.mutationtest.engine.gregor.mutators.MathMutator,stem,1171,SURVIVED,none
italianStemmer.java,org.tartarus.snowball.ext.italianStemmer,org.pitest.mutationtest.engine.gregor.mutators.NegateConditionalsMutator,stem,1109,SURVIVED,none
italianStemmer.java,org.tartarus.snowball.ext.italianStemmer,org.pitest.mutationtest.engine.gregor.mutators.NegateConditionalsMutator,stem,1119,SURVIVED,none
italianStemmer.java,org.tartarus.snowball.ext.italianStemmer,org.pitest.mutationtest.engine.gregor.mutators.NegateConditionalsMutator,stem,1132,SURVIVED,none
italianStemmer.java,org.tartarus.snowball.ext.italianStemmer,org.pitest.mutationtest.engine.gregor.mutators.NegateConditionalsMutator,stem,1147,SURVIVED,none
italianStemmer.java,org.tartarus.snowball.ext.italianStemmer,org.pitest.mutationtest.engine.gregor.mutators.NegateConditionalsMutator,stem,1155,SURVIVED,none
italianStemmer.java,org.tartarus.snowball.ext.italianStemmer,org.pitest.mutationtest.engine.gregor.mutators.NegateConditionalsMutator,stem,1166,SURVIVED,none
italianStemmer.java,org.tartarus.snowball.ext.italianStemmer,org.pitest.mutationtest.engine.gregor.mutators.NegateConditionalsMutator,stem,1176,SURVIVED,none
italianStemmer.java,org.tartarus.snowball.ext.italianStemmer,org.pitest.mutationtest.engine.gregor.mutators.NonVoidMethodCallMutator,stem,1109,SURVIVED,none
italianStemmer.java,org.tartarus.snowball.ext.italianStemmer,org.pitest.mutationtest.engine.gregor.mutators.NonVoidMethodCallMutator,stem,1119,SURVIVED,none
italianStemmer.java,org.tartarus.snowball.ext.italianStemmer,org.pitest.mutationtest.engine.gregor.mutators.NonVoidMethodCallMutator,stem,1132,SURVIVED,none
italianStemmer.java,org.tartarus.snowball.ext.italianStemmer,org.pitest.mutationtest.engine.gregor.mutators.NonVoidMethodCallMutator,stem,1147,SURVIVED,none
italianStemmer.java,org.tartarus.snowball.ext.italianStemmer,org.pitest.mutationtest.engine.gregor.mutators.NonVoidMethodCallMutator,stem,1155,SURVIVED,none
italianStemmer.java,org.tartarus.snowball.ext.italianStemmer,org.pitest.mutationtest.engine.gregor.mutators.NonVoidMethodCallMutator,stem,1166,SURVIVED,none
italianStemmer.java,org.tartarus.snowball.ext.italianStemmer,org.pitest.mutationtest.engine.gregor.mutators.NonVoidMethodCallMutator,stem,1176,SURVIVED,none
italianStemmer.java,org.tartarus.snowball.ext.italianStemmer,org.pitest.mutationtest.engine.gregor.mutators.RemoveConditionalMutator_EQUAL_ELSE,stem,1109,SURVIVED,none
italianStemmer.java,org.tartarus.snowball.ext.italianStemmer,org.pitest.mutationtest.engine.gregor.mutators.RemoveConditionalMutator_EQUAL_ELSE,stem,1119,SURVIVED,none
italianStemmer.java,org.tartarus.snowball.ext.italianStemmer,org.pitest.mutationtest.engine.gregor.mutators.RemoveConditionalMutator_EQUAL_ELSE,stem,1132,SURVIVED,none
italianStemmer.java,org.tartarus.snowball.ext.italianStemmer,org.pitest.mutationtest.engine.gregor.mutators.RemoveConditionalMutator_EQUAL_ELSE,stem,1147,SURVIVED,none
italianStemmer.java,org.tartarus.snowball.ext.italianStemmer,org.pitest.mutationtest.engine.gregor.mutators.RemoveConditionalMutator_EQUAL_ELSE,stem,1155,SURVIVED,none
italianStemmer.java,org.tartarus.snowball.ext.italianStemmer,org.pitest.mutationtest.engine.gregor.mutators.RemoveConditionalMutator_EQUAL_ELSE,stem,1166,SURVIVED,none
italianStemmer.java,org.tartarus.snowball.ext.italianStemmer,org.pitest.mutationtest.engine.gregor.mutators.RemoveConditionalMutator_EQUAL_ELSE,stem,1176,SURVIVED,none
italianStemmer.java,org.tartarus.snowball.ext.italianStemmer,org.pitest.mutationtest.engine.gregor.mutators.RemoveConditionalMutator_EQUAL_IF,stem,1109,SURVIVED,none
italianStemmer.java,org.tartarus.snowball.ext.italianStemmer,org.pitest.mutationtest.engine.gregor.mutators.RemoveConditionalMutator_EQUAL_IF,stem,1119,SURVIVED,none
italianStemmer.java,org.tartarus.snowball.ext.italianStemmer,org.pitest.mutationtest.engine.gregor.mutators.RemoveConditionalMutator_EQUAL_IF,stem,1132,SURVIVED,none
italianStemmer.java,org.tartarus.snowball.ext.italianStemmer,org.pitest.mutationtest.engine.gregor.mutators.RemoveConditionalMutator_EQUAL_IF,stem,1147,SURVIVED,none
italianStemmer.java,org.tartarus.snowball.ext.italianStemmer,org.pitest.mutationtest.engine.gregor.mutators.RemoveConditionalMutator_EQUAL_IF,stem,1155,SURVIVED,none
italianStemmer.java,org.tartarus.snowball.ext.italianStemmer,org.pitest.mutationtest.engine.gregor.mutators.RemoveConditionalMutator_EQUAL_IF,stem,1166,SURVIVED,none
italianStemmer.java,org.tartarus.snowball.ext.italianStemmer,org.pitest.mutationtest.engine.gregor.mutators.RemoveConditionalMutator_EQUAL_IF,stem,1176,SURVIVED,none
italianStemmer.java,org.tartarus.snowball.ext.italianStemmer,org.pitest.mutationtest.engine.gregor.mutators.ReturnValsMutator,stem,1182,KILLED,org.tartarus.snowball.ext.italianStemmer_ESTest.test18
italianStemmer.java,org.tartarus.snowball.ext.italianStemmer,org.pitest.mutationtest.engine.gregor.mutators.experimental.MemberVariableMutator,stem,1114,SURVIVED,none
italianStemmer.java,org.tartarus.snowball.ext.italianStemmer,org.pitest.mutationtest.engine.gregor.mutators.experimental.MemberVariableMutator,stem,1124,SURVIVED,none
italianStemmer.java,org.tartarus.snowball.ext.italianStemmer,org.pitest.mutationtest.engine.gregor.mutators.experimental.MemberVariableMutator,stem,1126,SURVIVED,none
italianStemmer.java,org.tartarus.snowball.ext.italianStemmer,org.pitest.mutationtest.engine.gregor.mutators.experimental.MemberVariableMutator,stem,1126,SURVIVED,none
italianStemmer.java,org.tartarus.snowball.ext.italianStemmer,org.pitest.mutationtest.engine.gregor.mutators.experimental.MemberVariableMutator,stem,1137,SURVIVED,none
italianStemmer.java,org.tartarus.snowball.ext.italianStemmer,org.pitest.mutationtest.engine.gregor.mutators.experimental.MemberVariableMutator,stem,1153,SURVIVED,none
italianStemmer.java,org.tartarus.snowball.ext.italianStemmer,org.pitest.mutationtest.engine.gregor.mutators.experimental.MemberVariableMutator,stem,1161,SURVIVED,none
italianStemmer.java,org.tartarus.snowball.ext.italianStemmer,org.pitest.mutationtest.engine.gregor.mutators.experimental.MemberVariableMutator,stem,1171,SURVIVED,none
italianStemmer.java,org.tartarus.snowball.ext.italianStemmer,org.pitest.mutationtest.engine.gregor.mutators.experimental.MemberVariableMutator,stem,1172,SURVIVED,none
italianStemmer.java,org.tartarus.snowball.ext.italianStemmer,org.pitest.mutationtest.engine.gregor.mutators.experimental.MemberVariableMutator,stem,1181,SURVIVED,none
