CreditCardInfo.java,org.petsoar.order.CreditCardInfo,org.pitest.mutationtest.engine.gregor.mutators.EmptyObjectReturnValsMutator,getCardType,73,KILLED,org.petsoar.order.CreditCardInfo_ESTest.test8
CreditCardInfo.java,org.petsoar.order.CreditCardInfo,org.pitest.mutationtest.engine.gregor.mutators.ReturnValsMutator,getCardType,73,KILLED,org.petsoar.order.CreditCardInfo_ESTest.test8
CreditCardInfo.java,org.petsoar.order.CreditCardInfo,org.pitest.mutationtest.engine.gregor.mutators.EmptyObjectReturnValsMutator,getCreditCardNumber,51,KILLED,org.petsoar.order.CreditCardInfo_ESTest.test7
CreditCardInfo.java,org.petsoar.order.CreditCardInfo,org.pitest.mutationtest.engine.gregor.mutators.ReturnValsMutator,getCreditCardNumber,51,KILLED,org.petsoar.order.CreditCardInfo_ESTest.test7
CreditCardInfo.java,org.petsoar.order.CreditCardInfo,org.pitest.mutationtest.engine.gregor.mutators.NullReturnValsMutator,getExpirationDate,62,SURVIVED,none
CreditCardInfo.java,org.petsoar.order.CreditCardInfo,org.pitest.mutationtest.engine.gregor.mutators.ReturnValsMutator,getExpirationDate,62,KILLED,org.petsoar.order.CreditCardInfo_ESTest.test6
CreditCardInfo.java,org.petsoar.order.CreditCardInfo,org.pitest.mutationtest.engine.gregor.mutators.ConstructorCallMutator,setCardType,84,KILLED,org.petsoar.order.CreditCardInfo_ESTest.test4
CreditCardInfo.java,org.petsoar.order.CreditCardInfo,org.pitest.mutationtest.engine.gregor.mutators.NegateConditionalsMutator,setCardType,77,KILLED,org.petsoar.order.CreditCardInfo_ESTest.test2
CreditCardInfo.java,org.petsoar.order.CreditCardInfo,org.pitest.mutationtest.engine.gregor.mutators.NegateConditionalsMutator,setCardType,81,KILLED,org.petsoar.order.CreditCardInfo_ESTest.test2
CreditCardInfo.java,org.petsoar.order.CreditCardInfo,org.pitest.mutationtest.engine.gregor.mutators.NegateConditionalsMutator,setCardType,81,KILLED,org.petsoar.order.CreditCardInfo_ESTest.test1
CreditCardInfo.java,org.petsoar.order.CreditCardInfo,org.pitest.mutationtest.engine.gregor.mutators.NegateConditionalsMutator,setCardType,81,KILLED,org.petsoar.order.CreditCardInfo_ESTest.test4
CreditCardInfo.java,org.petsoar.order.CreditCardInfo,org.pitest.mutationtest.engine.gregor.mutators.NegateConditionalsMutator,setCardType,81,KILLED,org.petsoar.order.CreditCardInfo_ESTest.test3
CreditCardInfo.java,org.petsoar.order.CreditCardInfo,org.pitest.mutationtest.engine.gregor.mutators.NonVoidMethodCallMutator,setCardType,81,KILLED,org.petsoar.order.CreditCardInfo_ESTest.test2
CreditCardInfo.java,org.petsoar.order.CreditCardInfo,org.pitest.mutationtest.engine.gregor.mutators.NonVoidMethodCallMutator,setCardType,81,KILLED,org.petsoar.order.CreditCardInfo_ESTest.test1
CreditCardInfo.java,org.petsoar.order.CreditCardInfo,org.pitest.mutationtest.engine.gregor.mutators.NonVoidMethodCallMutator,setCardType,81,KILLED,org.petsoar.order.CreditCardInfo_ESTest.test0
CreditCardInfo.java,org.petsoar.order.CreditCardInfo,org.pitest.mutationtest.engine.gregor.mutators.NonVoidMethodCallMutator,setCardType,81,KILLED,org.petsoar.order.CreditCardInfo_ESTest.test3
CreditCardInfo.java,org.petsoar.order.CreditCardInfo,org.pitest.mutationtest.engine.gregor.mutators.RemoveConditionalMutator_EQUAL_ELSE,setCardType,77,KILLED,org.petsoar.order.CreditCardInfo_ESTest.test3
CreditCardInfo.java,org.petsoar.order.CreditCardInfo,org.pitest.mutationtest.engine.gregor.mutators.RemoveConditionalMutator_EQUAL_ELSE,setCardType,81,KILLED,org.petsoar.order.CreditCardInfo_ESTest.test4
CreditCardInfo.java,org.petsoar.order.CreditCardInfo,org.pitest.mutationtest.engine.gregor.mutators.RemoveConditionalMutator_EQUAL_ELSE,setCardType,81,KILLED,org.petsoar.order.CreditCardInfo_ESTest.test4
CreditCardInfo.java,org.petsoar.order.CreditCardInfo,org.pitest.mutationtest.engine.gregor.mutators.RemoveConditionalMutator_EQUAL_ELSE,setCardType,81,KILLED,org.petsoar.order.CreditCardInfo_ESTest.test4
CreditCardInfo.java,org.petsoar.order.CreditCardInfo,org.pitest.mutationtest.engine.gregor.mutators.RemoveConditionalMutator_EQUAL_ELSE,setCardType,81,KILLED,org.petsoar.order.CreditCardInfo_ESTest.test3
CreditCardInfo.java,org.petsoar.order.CreditCardInfo,org.pitest.mutationtest.engine.gregor.mutators.RemoveConditionalMutator_EQUAL_IF,setCardType,77,KILLED,org.petsoar.order.CreditCardInfo_ESTest.test2
CreditCardInfo.java,org.petsoar.order.CreditCardInfo,org.pitest.mutationtest.engine.gregor.mutators.RemoveConditionalMutator_EQUAL_IF,setCardType,81,KILLED,org.petsoar.order.CreditCardInfo_ESTest.test2
CreditCardInfo.java,org.petsoar.order.CreditCardInfo,org.pitest.mutationtest.engine.gregor.mutators.RemoveConditionalMutator_EQUAL_IF,setCardType,81,KILLED,org.petsoar.order.CreditCardInfo_ESTest.test1
CreditCardInfo.java,org.petsoar.order.CreditCardInfo,org.pitest.mutationtest.engine.gregor.mutators.RemoveConditionalMutator_EQUAL_IF,setCardType,81,KILLED,org.petsoar.order.CreditCardInfo_ESTest.test0
CreditCardInfo.java,org.petsoar.order.CreditCardInfo,org.pitest.mutationtest.engine.gregor.mutators.RemoveConditionalMutator_EQUAL_IF,setCardType,81,KILLED,org.petsoar.order.CreditCardInfo_ESTest.test4
CreditCardInfo.java,org.petsoar.order.CreditCardInfo,org.pitest.mutationtest.engine.gregor.mutators.experimental.MemberVariableMutator,setCardType,82,KILLED,org.petsoar.order.CreditCardInfo_ESTest.test2
CreditCardInfo.java,org.petsoar.order.CreditCardInfo,org.pitest.mutationtest.engine.gregor.mutators.experimental.MemberVariableMutator,setCreditCardNumber,55,SURVIVED,none
CreditCardInfo.java,org.petsoar.order.CreditCardInfo,org.pitest.mutationtest.engine.gregor.mutators.experimental.MemberVariableMutator,setExpirationDate,66,SURVIVED,none
