Fraction.java,org.apache.commons.math3.fraction.Fraction,org.pitest.mutationtest.engine.gregor.mutators.InlineConstantMutator,<init>,101,KILLED,org.apache.commons.math3.fraction.Fraction_ESTest.test53
Fraction.java,org.apache.commons.math3.fraction.Fraction,org.pitest.mutationtest.engine.gregor.mutators.InlineConstantMutator,<init>,101,SURVIVED,none
Fraction.java,org.apache.commons.math3.fraction.Fraction,org.pitest.mutationtest.engine.gregor.mutators.InlineConstantMutator,<init>,123,KILLED,org.apache.commons.math3.fraction.Fraction_ESTest.test53
Fraction.java,org.apache.commons.math3.fraction.Fraction,org.pitest.mutationtest.engine.gregor.mutators.ArgumentPropagationMutator,<init>,182,KILLED,org.apache.commons.math3.fraction.Fraction_ESTest.test53
Fraction.java,org.apache.commons.math3.fraction.Fraction,org.pitest.mutationtest.engine.gregor.mutators.ArgumentPropagationMutator,<init>,183,SURVIVED,none
Fraction.java,org.apache.commons.math3.fraction.Fraction,org.pitest.mutationtest.engine.gregor.mutators.ArgumentPropagationMutator,<init>,188,KILLED,org.apache.commons.math3.fraction.Fraction_ESTest.test53
Fraction.java,org.apache.commons.math3.fraction.Fraction,org.pitest.mutationtest.engine.gregor.mutators.ArgumentPropagationMutator,<init>,207,SURVIVED,none
Fraction.java,org.apache.commons.math3.fraction.Fraction,org.pitest.mutationtest.engine.gregor.mutators.ArgumentPropagationMutator,<init>,211,SURVIVED,none
Fraction.java,org.apache.commons.math3.fraction.Fraction,org.pitest.mutationtest.engine.gregor.mutators.ArgumentPropagationMutator,<init>,211,SURVIVED,none
Fraction.java,org.apache.commons.math3.fraction.Fraction,org.pitest.mutationtest.engine.gregor.mutators.ArgumentPropagationMutator,<init>,214,SURVIVED,none
Fraction.java,org.apache.commons.math3.fraction.Fraction,org.pitest.mutationtest.engine.gregor.mutators.ArgumentPropagationMutator,<init>,221,KILLED,org.apache.commons.math3.fraction.Fraction_ESTest.test53
Fraction.java,org.apache.commons.math3.fraction.Fraction,org.pitest.mutationtest.engine.gregor.mutators.ConditionalsBoundaryMutator,<init>,183,KILLED,org.apache.commons.math3.fraction.Fraction_ESTest.test41
Fraction.java,org.apache.commons.math3.fraction.Fraction,org.pitest.mutationtest.engine.gregor.mutators.ConditionalsBoundaryMutator,<init>,188,KILLED,org.apache.commons.math3.fraction.Fraction_ESTest.test38
Fraction.java,org.apache.commons.math3.fraction.Fraction,org.pitest.mutationtest.engine.gregor.mutators.ConditionalsBoundaryMutator,<init>,211,SURVIVED,none
Fraction.java,org.apache.commons.math3.fraction.Fraction,org.pitest.mutationtest.engine.gregor.mutators.ConditionalsBoundaryMutator,<init>,211,SURVIVED,none
Fraction.java,org.apache.commons.math3.fraction.Fraction,org.pitest.mutationtest.engine.gregor.mutators.ConditionalsBoundaryMutator,<init>,214,SURVIVED,none
Fraction.java,org.apache.commons.math3.fraction.Fraction,org.pitest.mutationtest.engine.gregor.mutators.ConditionalsBoundaryMutator,<init>,221,SURVIVED,none
Fraction.java,org.apache.commons.math3.fraction.Fraction,org.pitest.mutationtest.engine.gregor.mutators.ConditionalsBoundaryMutator,<init>,221,SURVIVED,none
Fraction.java,org.apache.commons.math3.fraction.Fraction,org.pitest.mutationtest.engine.gregor.mutators.ConditionalsBoundaryMutator,<init>,221,SURVIVED,none
Fraction.java,org.apache.commons.math3.fraction.Fraction,org.pitest.mutationtest.engine.gregor.mutators.ConditionalsBoundaryMutator,<init>,233,SURVIVED,none
Fraction.java,org.apache.commons.math3.fraction.Fraction,org.pitest.mutationtest.engine.gregor.mutators.ConditionalsBoundaryMutator,<init>,237,SURVIVED,none
Fraction.java,org.apache.commons.math3.fraction.Fraction,org.pitest.mutationtest.engine.gregor.mutators.ConstructorCallMutator,<init>,184,KILLED,org.apache.commons.math3.fraction.Fraction_ESTest.test42
Fraction.java,org.apache.commons.math3.fraction.Fraction,org.pitest.mutationtest.engine.gregor.mutators.ConstructorCallMutator,<init>,217,KILLED,org.apache.commons.math3.fraction.Fraction_ESTest.test39
Fraction.java,org.apache.commons.math3.fraction.Fraction,org.pitest.mutationtest.engine.gregor.mutators.ConstructorCallMutator,<init>,234,KILLED,org.apache.commons.math3.fraction.Fraction_ESTest.test37
Fraction.java,org.apache.commons.math3.fraction.Fraction,org.pitest.mutationtest.engine.gregor.mutators.IncrementsMutator,<init>,205,SURVIVED,none
Fraction.java,org.apache.commons.math3.fraction.Fraction,org.pitest.mutationtest.engine.gregor.mutators.InlineConstantMutator,<init>,180,SURVIVED,none
Fraction.java,org.apache.commons.math3.fraction.Fraction,org.pitest.mutationtest.engine.gregor.mutators.InlineConstantMutator,<init>,184,SURVIVED,none
Fraction.java,org.apache.commons.math3.fraction.Fraction,org.pitest.mutationtest.engine.gregor.mutators.InlineConstantMutator,<init>,190,KILLED,org.apache.commons.math3.fraction.Fraction_ESTest.test41
Fraction.java,org.apache.commons.math3.fraction.Fraction,org.pitest.mutationtest.engine.gregor.mutators.InlineConstantMutator,<init>,194,KILLED,org.apache.commons.math3.fraction.Fraction_ESTest.test53
Fraction.java,org.apache.commons.math3.fraction.Fraction,org.pitest.mutationtest.engine.gregor.mutators.InlineConstantMutator,<init>,195,KILLED,org.apache.commons.math3.fraction.Fraction_ESTest.test40
Fraction.java,org.apache.commons.math3.fraction.Fraction,org.pitest.mutationtest.engine.gregor.mutators.InlineConstantMutator,<init>,197,KILLED,org.apache.commons.math3.fraction.Fraction_ESTest.test40
Fraction.java,org.apache.commons.math3.fraction.Fraction,org.pitest.mutationtest.engine.gregor.mutators.InlineConstantMutator,<init>,199,SURVIVED,none
Fraction.java,org.apache.commons.math3.fraction.Fraction,org.pitest.mutationtest.engine.gregor.mutators.InlineConstantMutator,<init>,200,SURVIVED,none
Fraction.java,org.apache.commons.math3.fraction.Fraction,org.pitest.mutationtest.engine.gregor.mutators.InlineConstantMutator,<init>,202,SURVIVED,none
Fraction.java,org.apache.commons.math3.fraction.Fraction,org.pitest.mutationtest.engine.gregor.mutators.InlineConstantMutator,<init>,203,KILLED,org.apache.commons.math3.fraction.Fraction_ESTest.test53
Fraction.java,org.apache.commons.math3.fraction.Fraction,org.pitest.mutationtest.engine.gregor.mutators.InlineConstantMutator,<init>,206,KILLED,org.apache.commons.math3.fraction.Fraction_ESTest.test53
Fraction.java,org.apache.commons.math3.fraction.Fraction,org.pitest.mutationtest.engine.gregor.mutators.InlineConstantMutator,<init>,214,SURVIVED,none
Fraction.java,org.apache.commons.math3.fraction.Fraction,org.pitest.mutationtest.engine.gregor.mutators.InlineConstantMutator,<init>,229,SURVIVED,none
Fraction.java,org.apache.commons.math3.fraction.Fraction,org.pitest.mutationtest.engine.gregor.mutators.MathMutator,<init>,188,KILLED,org.apache.commons.math3.fraction.Fraction_ESTest.test41
Fraction.java,org.apache.commons.math3.fraction.Fraction,org.pitest.mutationtest.engine.gregor.mutators.MathMutator,<init>,206,KILLED,org.apache.commons.math3.fraction.Fraction_ESTest.test40
Fraction.java,org.apache.commons.math3.fraction.Fraction,org.pitest.mutationtest.engine.gregor.mutators.MathMutator,<init>,206,KILLED,org.apache.commons.math3.fraction.Fraction_ESTest.test40
Fraction.java,org.apache.commons.math3.fraction.Fraction,org.pitest.mutationtest.engine.gregor.mutators.MathMutator,<init>,208,KILLED,org.apache.commons.math3.fraction.Fraction_ESTest.test37
Fraction.java,org.apache.commons.math3.fraction.Fraction,org.pitest.mutationtest.engine.gregor.mutators.MathMutator,<init>,208,KILLED,org.apache.commons.math3.fraction.Fraction_ESTest.test53
Fraction.java,org.apache.commons.math3.fraction.Fraction,org.pitest.mutationtest.engine.gregor.mutators.MathMutator,<init>,209,KILLED,org.apache.commons.math3.fraction.Fraction_ESTest.test53
Fraction.java,org.apache.commons.math3.fraction.Fraction,org.pitest.mutationtest.engine.gregor.mutators.MathMutator,<init>,209,KILLED,org.apache.commons.math3.fraction.Fraction_ESTest.test53
Fraction.java,org.apache.commons.math3.fraction.Fraction,org.pitest.mutationtest.engine.gregor.mutators.MathMutator,<init>,220,KILLED,org.apache.commons.math3.fraction.Fraction_ESTest.test53
Fraction.java,org.apache.commons.math3.fraction.Fraction,org.pitest.mutationtest.engine.gregor.mutators.MathMutator,<init>,221,KILLED,org.apache.commons.math3.fraction.Fraction_ESTest.test53
Fraction.java,org.apache.commons.math3.fraction.Fraction,org.pitest.mutationtest.engine.gregor.mutators.NegateConditionalsMutator,<init>,183,KILLED,org.apache.commons.math3.fraction.Fraction_ESTest.test41
Fraction.java,org.apache.commons.math3.fraction.Fraction,org.pitest.mutationtest.engine.gregor.mutators.NegateConditionalsMutator,<init>,188,KILLED,org.apache.commons.math3.fraction.Fraction_ESTest.test37
Fraction.java,org.apache.commons.math3.fraction.Fraction,org.pitest.mutationtest.engine.gregor.mutators.NegateConditionalsMutator,<init>,211,KILLED,org.apache.commons.math3.fraction.Fraction_ESTest.test53
Fraction.java,org.apache.commons.math3.fraction.Fraction,org.pitest.mutationtest.engine.gregor.mutators.NegateConditionalsMutator,<init>,211,KILLED,org.apache.commons.math3.fraction.Fraction_ESTest.test40
Fraction.java,org.apache.commons.math3.fraction.Fraction,org.pitest.mutationtest.engine.gregor.mutators.NegateConditionalsMutator,<init>,214,SURVIVED,none
Fraction.java,org.apache.commons.math3.fraction.Fraction,org.pitest.mutationtest.engine.gregor.mutators.NegateConditionalsMutator,<init>,214,KILLED,org.apache.commons.math3.fraction.Fraction_ESTest.test40
Fraction.java,org.apache.commons.math3.fraction.Fraction,org.pitest.mutationtest.engine.gregor.mutators.NegateConditionalsMutator,<init>,221,KILLED,org.apache.commons.math3.fraction.Fraction_ESTest.test53
Fraction.java,org.apache.commons.math3.fraction.Fraction,org.pitest.mutationtest.engine.gregor.mutators.NegateConditionalsMutator,<init>,221,KILLED,org.apache.commons.math3.fraction.Fraction_ESTest.test43
Fraction.java,org.apache.commons.math3.fraction.Fraction,org.pitest.mutationtest.engine.gregor.mutators.NegateConditionalsMutator,<init>,221,KILLED,org.apache.commons.math3.fraction.Fraction_ESTest.test53
Fraction.java,org.apache.commons.math3.fraction.Fraction,org.pitest.mutationtest.engine.gregor.mutators.NegateConditionalsMutator,<init>,231,KILLED,org.apache.commons.math3.fraction.Fraction_ESTest.test53
Fraction.java,org.apache.commons.math3.fraction.Fraction,org.pitest.mutationtest.engine.gregor.mutators.NegateConditionalsMutator,<init>,233,KILLED,org.apache.commons.math3.fraction.Fraction_ESTest.test37
Fraction.java,org.apache.commons.math3.fraction.Fraction,org.pitest.mutationtest.engine.gregor.mutators.NegateConditionalsMutator,<init>,237,KILLED,org.apache.commons.math3.fraction.Fraction_ESTest.test43
Fraction.java,org.apache.commons.math3.fraction.Fraction,org.pitest.mutationtest.engine.gregor.mutators.NonVoidMethodCallMutator,<init>,182,KILLED,org.apache.commons.math3.fraction.Fraction_ESTest.test40
Fraction.java,org.apache.commons.math3.fraction.Fraction,org.pitest.mutationtest.engine.gregor.mutators.NonVoidMethodCallMutator,<init>,183,KILLED,org.apache.commons.math3.fraction.Fraction_ESTest.test42
Fraction.java,org.apache.commons.math3.fraction.Fraction,org.pitest.mutationtest.engine.gregor.mutators.NonVoidMethodCallMutator,<init>,188,KILLED,org.apache.commons.math3.fraction.Fraction_ESTest.test53
Fraction.java,org.apache.commons.math3.fraction.Fraction,org.pitest.mutationtest.engine.gregor.mutators.NonVoidMethodCallMutator,<init>,207,KILLED,org.apache.commons.math3.fraction.Fraction_ESTest.test40
Fraction.java,org.apache.commons.math3.fraction.Fraction,org.pitest.mutationtest.engine.gregor.mutators.NonVoidMethodCallMutator,<init>,211,SURVIVED,none
Fraction.java,org.apache.commons.math3.fraction.Fraction,org.pitest.mutationtest.engine.gregor.mutators.NonVoidMethodCallMutator,<init>,211,KILLED,org.apache.commons.math3.fraction.Fraction_ESTest.test40
Fraction.java,org.apache.commons.math3.fraction.Fraction,org.pitest.mutationtest.engine.gregor.mutators.NonVoidMethodCallMutator,<init>,214,SURVIVED,none
Fraction.java,org.apache.commons.math3.fraction.Fraction,org.pitest.mutationtest.engine.gregor.mutators.NonVoidMethodCallMutator,<init>,221,KILLED,org.apache.commons.math3.fraction.Fraction_ESTest.test53
Fraction.java,org.apache.commons.math3.fraction.Fraction,org.pitest.mutationtest.engine.gregor.mutators.RemoveConditionalMutator_EQUAL_ELSE,<init>,214,SURVIVED,none
Fraction.java,org.apache.commons.math3.fraction.Fraction,org.pitest.mutationtest.engine.gregor.mutators.RemoveConditionalMutator_EQUAL_ELSE,<init>,231,SURVIVED,none
Fraction.java,org.apache.commons.math3.fraction.Fraction,org.pitest.mutationtest.engine.gregor.mutators.RemoveConditionalMutator_EQUAL_IF,<init>,214,SURVIVED,none
Fraction.java,org.apache.commons.math3.fraction.Fraction,org.pitest.mutationtest.engine.gregor.mutators.RemoveConditionalMutator_EQUAL_IF,<init>,231,KILLED,org.apache.commons.math3.fraction.Fraction_ESTest.test53
Fraction.java,org.apache.commons.math3.fraction.Fraction,org.pitest.mutationtest.engine.gregor.mutators.RemoveConditionalMutator_ORDER_ELSE,<init>,183,KILLED,org.apache.commons.math3.fraction.Fraction_ESTest.test42
Fraction.java,org.apache.commons.math3.fraction.Fraction,org.pitest.mutationtest.engine.gregor.mutators.RemoveConditionalMutator_ORDER_ELSE,<init>,188,KILLED,org.apache.commons.math3.fraction.Fraction_ESTest.test41
Fraction.java,org.apache.commons.math3.fraction.Fraction,org.pitest.mutationtest.engine.gregor.mutators.RemoveConditionalMutator_ORDER_ELSE,<init>,211,KILLED,org.apache.commons.math3.fraction.Fraction_ESTest.test53
Fraction.java,org.apache.commons.math3.fraction.Fraction,org.pitest.mutationtest.engine.gregor.mutators.RemoveConditionalMutator_ORDER_ELSE,<init>,211,KILLED,org.apache.commons.math3.fraction.Fraction_ESTest.test40
Fraction.java,org.apache.commons.math3.fraction.Fraction,org.pitest.mutationtest.engine.gregor.mutators.RemoveConditionalMutator_ORDER_ELSE,<init>,214,SURVIVED,none
Fraction.java,org.apache.commons.math3.fraction.Fraction,org.pitest.mutationtest.engine.gregor.mutators.RemoveConditionalMutator_ORDER_ELSE,<init>,221,KILLED,org.apache.commons.math3.fraction.Fraction_ESTest.test53
Fraction.java,org.apache.commons.math3.fraction.Fraction,org.pitest.mutationtest.engine.gregor.mutators.RemoveConditionalMutator_ORDER_ELSE,<init>,221,KILLED,org.apache.commons.math3.fraction.Fraction_ESTest.test53
Fraction.java,org.apache.commons.math3.fraction.Fraction,org.pitest.mutationtest.engine.gregor.mutators.RemoveConditionalMutator_ORDER_ELSE,<init>,221,KILLED,org.apache.commons.math3.fraction.Fraction_ESTest.test53
Fraction.java,org.apache.commons.math3.fraction.Fraction,org.pitest.mutationtest.engine.gregor.mutators.RemoveConditionalMutator_ORDER_ELSE,<init>,233,KILLED,org.apache.commons.math3.fraction.Fraction_ESTest.test37
Fraction.java,org.apache.commons.math3.fraction.Fraction,org.pitest.mutationtest.engine.gregor.mutators.RemoveConditionalMutator_ORDER_ELSE,<init>,237,KILLED,org.apache.commons.math3.fraction.Fraction_ESTest.test43
Fraction.java,org.apache.commons.math3.fraction.Fraction,org.pitest.mutationtest.engine.gregor.mutators.RemoveConditionalMutator_ORDER_IF,<init>,183,KILLED,org.apache.commons.math3.fraction.Fraction_ESTest.test41
Fraction.java,org.apache.commons.math3.fraction.Fraction,org.pitest.mutationtest.engine.gregor.mutators.RemoveConditionalMutator_ORDER_IF,<init>,188,KILLED,org.apache.commons.math3.fraction.Fraction_ESTest.test37
Fraction.java,org.apache.commons.math3.fraction.Fraction,org.pitest.mutationtest.engine.gregor.mutators.RemoveConditionalMutator_ORDER_IF,<init>,211,SURVIVED,none
Fraction.java,org.apache.commons.math3.fraction.Fraction,org.pitest.mutationtest.engine.gregor.mutators.RemoveConditionalMutator_ORDER_IF,<init>,211,KILLED,org.apache.commons.math3.fraction.Fraction_ESTest.test53
Fraction.java,org.apache.commons.math3.fraction.Fraction,org.pitest.mutationtest.engine.gregor.mutators.RemoveConditionalMutator_ORDER_IF,<init>,214,KILLED,org.apache.commons.math3.fraction.Fraction_ESTest.test40
Fraction.java,org.apache.commons.math3.fraction.Fraction,org.pitest.mutationtest.engine.gregor.mutators.RemoveConditionalMutator_ORDER_IF,<init>,221,SURVIVED,none
Fraction.java,org.apache.commons.math3.fraction.Fraction,org.pitest.mutationtest.engine.gregor.mutators.RemoveConditionalMutator_ORDER_IF,<init>,221,KILLED,org.apache.commons.math3.fraction.Fraction_ESTest.test43
Fraction.java,org.apache.commons.math3.fraction.Fraction,org.pitest.mutationtest.engine.gregor.mutators.RemoveConditionalMutator_ORDER_IF,<init>,221,KILLED,org.apache.commons.math3.fraction.Fraction_ESTest.test36
Fraction.java,org.apache.commons.math3.fraction.Fraction,org.pitest.mutationtest.engine.gregor.mutators.RemoveConditionalMutator_ORDER_IF,<init>,233,KILLED,org.apache.commons.math3.fraction.Fraction_ESTest.test43
Fraction.java,org.apache.commons.math3.fraction.Fraction,org.pitest.mutationtest.engine.gregor.mutators.RemoveConditionalMutator_ORDER_IF,<init>,237,KILLED,org.apache.commons.math3.fraction.Fraction_ESTest.test36
Fraction.java,org.apache.commons.math3.fraction.Fraction,org.pitest.mutationtest.engine.gregor.mutators.experimental.MemberVariableMutator,<init>,189,KILLED,org.apache.commons.math3.fraction.Fraction_ESTest.test41
Fraction.java,org.apache.commons.math3.fraction.Fraction,org.pitest.mutationtest.engine.gregor.mutators.experimental.MemberVariableMutator,<init>,190,KILLED,org.apache.commons.math3.fraction.Fraction_ESTest.test41
Fraction.java,org.apache.commons.math3.fraction.Fraction,org.pitest.mutationtest.engine.gregor.mutators.experimental.MemberVariableMutator,<init>,238,SURVIVED,none
Fraction.java,org.apache.commons.math3.fraction.Fraction,org.pitest.mutationtest.engine.gregor.mutators.experimental.MemberVariableMutator,<init>,239,KILLED,org.apache.commons.math3.fraction.Fraction_ESTest.test53
Fraction.java,org.apache.commons.math3.fraction.Fraction,org.pitest.mutationtest.engine.gregor.mutators.experimental.MemberVariableMutator,<init>,241,SURVIVED,none
Fraction.java,org.apache.commons.math3.fraction.Fraction,org.pitest.mutationtest.engine.gregor.mutators.experimental.MemberVariableMutator,<init>,242,KILLED,org.apache.commons.math3.fraction.Fraction_ESTest.test36
Fraction.java,org.apache.commons.math3.fraction.Fraction,org.pitest.mutationtest.engine.gregor.mutators.experimental.RemoveIncrementsMutator,<init>,205,SURVIVED,none
Fraction.java,org.apache.commons.math3.fraction.Fraction,org.pitest.mutationtest.engine.gregor.mutators.InlineConstantMutator,<init>,143,KILLED,org.apache.commons.math3.fraction.Fraction_ESTest.test40
Fraction.java,org.apache.commons.math3.fraction.Fraction,org.pitest.mutationtest.engine.gregor.mutators.InlineConstantMutator,<init>,143,SURVIVED,none
Fraction.java,org.apache.commons.math3.fraction.Fraction,org.pitest.mutationtest.engine.gregor.mutators.InlineConstantMutator,<init>,253,KILLED,org.apache.commons.math3.fraction.Fraction_ESTest.test45
Fraction.java,org.apache.commons.math3.fraction.Fraction,org.pitest.mutationtest.engine.gregor.mutators.ArgumentPropagationMutator,<init>,278,KILLED,org.apache.commons.math3.fraction.Fraction_ESTest.test09
Fraction.java,org.apache.commons.math3.fraction.Fraction,org.pitest.mutationtest.engine.gregor.mutators.ConditionalsBoundaryMutator,<init>,268,SURVIVED,none
Fraction.java,org.apache.commons.math3.fraction.Fraction,org.pitest.mutationtest.engine.gregor.mutators.ConditionalsBoundaryMutator,<init>,279,SURVIVED,none
Fraction.java,org.apache.commons.math3.fraction.Fraction,org.pitest.mutationtest.engine.gregor.mutators.ConditionalsBoundaryMutator,<init>,285,SURVIVED,none
Fraction.java,org.apache.commons.math3.fraction.Fraction,org.pitest.mutationtest.engine.gregor.mutators.ConstructorCallMutator,<init>,265,KILLED,org.apache.commons.math3.fraction.Fraction_ESTest.test43
Fraction.java,org.apache.commons.math3.fraction.Fraction,org.pitest.mutationtest.engine.gregor.mutators.ConstructorCallMutator,<init>,271,KILLED,org.apache.commons.math3.fraction.Fraction_ESTest.test35
Fraction.java,org.apache.commons.math3.fraction.Fraction,org.pitest.mutationtest.engine.gregor.mutators.InlineConstantMutator,<init>,265,SURVIVED,none
Fraction.java,org.apache.commons.math3.fraction.Fraction,org.pitest.mutationtest.engine.gregor.mutators.InlineConstantMutator,<init>,265,SURVIVED,none
Fraction.java,org.apache.commons.math3.fraction.Fraction,org.pitest.mutationtest.engine.gregor.mutators.InlineConstantMutator,<init>,265,SURVIVED,none
Fraction.java,org.apache.commons.math3.fraction.Fraction,org.pitest.mutationtest.engine.gregor.mutators.InlineConstantMutator,<init>,269,KILLED,org.apache.commons.math3.fraction.Fraction_ESTest.test35
Fraction.java,org.apache.commons.math3.fraction.Fraction,org.pitest.mutationtest.engine.gregor.mutators.InlineConstantMutator,<init>,269,KILLED,org.apache.commons.math3.fraction.Fraction_ESTest.test34
Fraction.java,org.apache.commons.math3.fraction.Fraction,org.pitest.mutationtest.engine.gregor.mutators.InlineConstantMutator,<init>,271,SURVIVED,none
Fraction.java,org.apache.commons.math3.fraction.Fraction,org.pitest.mutationtest.engine.gregor.mutators.InlineConstantMutator,<init>,271,SURVIVED,none
Fraction.java,org.apache.commons.math3.fraction.Fraction,org.pitest.mutationtest.engine.gregor.mutators.InlineConstantMutator,<init>,271,SURVIVED,none
Fraction.java,org.apache.commons.math3.fraction.Fraction,org.pitest.mutationtest.engine.gregor.mutators.InlineConstantMutator,<init>,279,SURVIVED,none
Fraction.java,org.apache.commons.math3.fraction.Fraction,org.pitest.mutationtest.engine.gregor.mutators.InvertNegsMutator,<init>,274,KILLED,org.apache.commons.math3.fraction.Fraction_ESTest.test46
Fraction.java,org.apache.commons.math3.fraction.Fraction,org.pitest.mutationtest.engine.gregor.mutators.InvertNegsMutator,<init>,275,KILLED,org.apache.commons.math3.fraction.Fraction_ESTest.test46
Fraction.java,org.apache.commons.math3.fraction.Fraction,org.pitest.mutationtest.engine.gregor.mutators.InvertNegsMutator,<init>,286,NO_COVERAGE,none
Fraction.java,org.apache.commons.math3.fraction.Fraction,org.pitest.mutationtest.engine.gregor.mutators.InvertNegsMutator,<init>,287,NO_COVERAGE,none
Fraction.java,org.apache.commons.math3.fraction.Fraction,org.pitest.mutationtest.engine.gregor.mutators.MathMutator,<init>,280,KILLED,org.apache.commons.math3.fraction.Fraction_ESTest.test46
Fraction.java,org.apache.commons.math3.fraction.Fraction,org.pitest.mutationtest.engine.gregor.mutators.MathMutator,<init>,281,KILLED,org.apache.commons.math3.fraction.Fraction_ESTest.test46
Fraction.java,org.apache.commons.math3.fraction.Fraction,org.pitest.mutationtest.engine.gregor.mutators.NegateConditionalsMutator,<init>,264,KILLED,org.apache.commons.math3.fraction.Fraction_ESTest.test45
Fraction.java,org.apache.commons.math3.fraction.Fraction,org.pitest.mutationtest.engine.gregor.mutators.NegateConditionalsMutator,<init>,268,KILLED,org.apache.commons.math3.fraction.Fraction_ESTest.test35
Fraction.java,org.apache.commons.math3.fraction.Fraction,org.pitest.mutationtest.engine.gregor.mutators.NegateConditionalsMutator,<init>,269,KILLED,org.apache.commons.math3.fraction.Fraction_ESTest.test46
Fraction.java,org.apache.commons.math3.fraction.Fraction,org.pitest.mutationtest.engine.gregor.mutators.NegateConditionalsMutator,<init>,269,KILLED,org.apache.commons.math3.fraction.Fraction_ESTest.test46
Fraction.java,org.apache.commons.math3.fraction.Fraction,org.pitest.mutationtest.engine.gregor.mutators.NegateConditionalsMutator,<init>,279,KILLED,org.apache.commons.math3.fraction.Fraction_ESTest.test46
Fraction.java,org.apache.commons.math3.fraction.Fraction,org.pitest.mutationtest.engine.gregor.mutators.NegateConditionalsMutator,<init>,285,KILLED,org.apache.commons.math3.fraction.Fraction_ESTest.test45
Fraction.java,org.apache.commons.math3.fraction.Fraction,org.pitest.mutationtest.engine.gregor.mutators.NonVoidMethodCallMutator,<init>,265,SURVIVED,none
Fraction.java,org.apache.commons.math3.fraction.Fraction,org.pitest.mutationtest.engine.gregor.mutators.NonVoidMethodCallMutator,<init>,265,SURVIVED,none
Fraction.java,org.apache.commons.math3.fraction.Fraction,org.pitest.mutationtest.engine.gregor.mutators.NonVoidMethodCallMutator,<init>,271,SURVIVED,none
Fraction.java,org.apache.commons.math3.fraction.Fraction,org.pitest.mutationtest.engine.gregor.mutators.NonVoidMethodCallMutator,<init>,271,SURVIVED,none
Fraction.java,org.apache.commons.math3.fraction.Fraction,org.pitest.mutationtest.engine.gregor.mutators.NonVoidMethodCallMutator,<init>,278,KILLED,org.apache.commons.math3.fraction.Fraction_ESTest.test46
Fraction.java,org.apache.commons.math3.fraction.Fraction,org.pitest.mutationtest.engine.gregor.mutators.RemoveConditionalMutator_EQUAL_ELSE,<init>,264,KILLED,org.apache.commons.math3.fraction.Fraction_ESTest.test43
Fraction.java,org.apache.commons.math3.fraction.Fraction,org.pitest.mutationtest.engine.gregor.mutators.RemoveConditionalMutator_EQUAL_ELSE,<init>,269,KILLED,org.apache.commons.math3.fraction.Fraction_ESTest.test46
Fraction.java,org.apache.commons.math3.fraction.Fraction,org.pitest.mutationtest.engine.gregor.mutators.RemoveConditionalMutator_EQUAL_ELSE,<init>,269,KILLED,org.apache.commons.math3.fraction.Fraction_ESTest.test34
Fraction.java,org.apache.commons.math3.fraction.Fraction,org.pitest.mutationtest.engine.gregor.mutators.RemoveConditionalMutator_EQUAL_IF,<init>,264,KILLED,org.apache.commons.math3.fraction.Fraction_ESTest.test45
Fraction.java,org.apache.commons.math3.fraction.Fraction,org.pitest.mutationtest.engine.gregor.mutators.RemoveConditionalMutator_EQUAL_IF,<init>,269,KILLED,org.apache.commons.math3.fraction.Fraction_ESTest.test35
Fraction.java,org.apache.commons.math3.fraction.Fraction,org.pitest.mutationtest.engine.gregor.mutators.RemoveConditionalMutator_EQUAL_IF,<init>,269,KILLED,org.apache.commons.math3.fraction.Fraction_ESTest.test46
Fraction.java,org.apache.commons.math3.fraction.Fraction,org.pitest.mutationtest.engine.gregor.mutators.RemoveConditionalMutator_ORDER_ELSE,<init>,268,KILLED,org.apache.commons.math3.fraction.Fraction_ESTest.test35
Fraction.java,org.apache.commons.math3.fraction.Fraction,org.pitest.mutationtest.engine.gregor.mutators.RemoveConditionalMutator_ORDER_ELSE,<init>,279,KILLED,org.apache.commons.math3.fraction.Fraction_ESTest.test46
Fraction.java,org.apache.commons.math3.fraction.Fraction,org.pitest.mutationtest.engine.gregor.mutators.RemoveConditionalMutator_ORDER_ELSE,<init>,285,SURVIVED,none
Fraction.java,org.apache.commons.math3.fraction.Fraction,org.pitest.mutationtest.engine.gregor.mutators.RemoveConditionalMutator_ORDER_IF,<init>,268,KILLED,org.apache.commons.math3.fraction.Fraction_ESTest.test24
Fraction.java,org.apache.commons.math3.fraction.Fraction,org.pitest.mutationtest.engine.gregor.mutators.RemoveConditionalMutator_ORDER_IF,<init>,279,SURVIVED,none
Fraction.java,org.apache.commons.math3.fraction.Fraction,org.pitest.mutationtest.engine.gregor.mutators.RemoveConditionalMutator_ORDER_IF,<init>,285,KILLED,org.apache.commons.math3.fraction.Fraction_ESTest.test45
Fraction.java,org.apache.commons.math3.fraction.Fraction,org.pitest.mutationtest.engine.gregor.mutators.experimental.MemberVariableMutator,<init>,289,KILLED,org.apache.commons.math3.fraction.Fraction_ESTest.test45
Fraction.java,org.apache.commons.math3.fraction.Fraction,org.pitest.mutationtest.engine.gregor.mutators.experimental.MemberVariableMutator,<init>,290,KILLED,org.apache.commons.math3.fraction.Fraction_ESTest.test45
Fraction.java,org.apache.commons.math3.fraction.Fraction,org.pitest.mutationtest.engine.gregor.mutators.ConditionalsBoundaryMutator,abs,299,SURVIVED,none
Fraction.java,org.apache.commons.math3.fraction.Fraction,org.pitest.mutationtest.engine.gregor.mutators.NegateConditionalsMutator,abs,299,KILLED,org.apache.commons.math3.fraction.Fraction_ESTest.test24
Fraction.java,org.apache.commons.math3.fraction.Fraction,org.pitest.mutationtest.engine.gregor.mutators.NonVoidMethodCallMutator,abs,302,KILLED,org.apache.commons.math3.fraction.Fraction_ESTest.test24
Fraction.java,org.apache.commons.math3.fraction.Fraction,org.pitest.mutationtest.engine.gregor.mutators.NullReturnValsMutator,abs,304,KILLED,org.apache.commons.math3.fraction.Fraction_ESTest.test33
Fraction.java,org.apache.commons.math3.fraction.Fraction,org.pitest.mutationtest.engine.gregor.mutators.RemoveConditionalMutator_ORDER_ELSE,abs,299,KILLED,org.apache.commons.math3.fraction.Fraction_ESTest.test33
Fraction.java,org.apache.commons.math3.fraction.Fraction,org.pitest.mutationtest.engine.gregor.mutators.RemoveConditionalMutator_ORDER_IF,abs,299,KILLED,org.apache.commons.math3.fraction.Fraction_ESTest.test24
Fraction.java,org.apache.commons.math3.fraction.Fraction,org.pitest.mutationtest.engine.gregor.mutators.ReturnValsMutator,abs,304,KILLED,org.apache.commons.math3.fraction.Fraction_ESTest.test33
Fraction.java,org.apache.commons.math3.fraction.Fraction,org.pitest.mutationtest.engine.gregor.mutators.experimental.NakedReceiverMutator,abs,302,KILLED,org.apache.commons.math3.fraction.Fraction_ESTest.test24
Fraction.java,org.apache.commons.math3.fraction.Fraction,org.pitest.mutationtest.engine.gregor.mutators.ConstructorCallMutator,add,447,KILLED,org.apache.commons.math3.fraction.Fraction_ESTest.test52
Fraction.java,org.apache.commons.math3.fraction.Fraction,org.pitest.mutationtest.engine.gregor.mutators.MathMutator,add,447,SURVIVED,none
Fraction.java,org.apache.commons.math3.fraction.Fraction,org.pitest.mutationtest.engine.gregor.mutators.MathMutator,add,447,KILLED,org.apache.commons.math3.fraction.Fraction_ESTest.test52
Fraction.java,org.apache.commons.math3.fraction.Fraction,org.pitest.mutationtest.engine.gregor.mutators.NullReturnValsMutator,add,447,KILLED,org.apache.commons.math3.fraction.Fraction_ESTest.test52
Fraction.java,org.apache.commons.math3.fraction.Fraction,org.pitest.mutationtest.engine.gregor.mutators.ReturnValsMutator,add,447,KILLED,org.apache.commons.math3.fraction.Fraction_ESTest.test52
Fraction.java,org.apache.commons.math3.fraction.Fraction,org.pitest.mutationtest.engine.gregor.mutators.ArgumentPropagationMutator,add,438,KILLED,org.apache.commons.math3.fraction.Fraction_ESTest.test30
Fraction.java,org.apache.commons.math3.fraction.Fraction,org.pitest.mutationtest.engine.gregor.mutators.InlineConstantMutator,add,438,KILLED,org.apache.commons.math3.fraction.Fraction_ESTest.test30
Fraction.java,org.apache.commons.math3.fraction.Fraction,org.pitest.mutationtest.engine.gregor.mutators.NonVoidMethodCallMutator,add,438,KILLED,org.apache.commons.math3.fraction.Fraction_ESTest.test30
Fraction.java,org.apache.commons.math3.fraction.Fraction,org.pitest.mutationtest.engine.gregor.mutators.NullReturnValsMutator,add,438,KILLED,org.apache.commons.math3.fraction.Fraction_ESTest.test30
Fraction.java,org.apache.commons.math3.fraction.Fraction,org.pitest.mutationtest.engine.gregor.mutators.ReturnValsMutator,add,438,KILLED,org.apache.commons.math3.fraction.Fraction_ESTest.test30
Fraction.java,org.apache.commons.math3.fraction.Fraction,org.pitest.mutationtest.engine.gregor.mutators.experimental.NakedReceiverMutator,add,438,KILLED,org.apache.commons.math3.fraction.Fraction_ESTest.test30
Fraction.java,org.apache.commons.math3.fraction.Fraction,org.pitest.mutationtest.engine.gregor.mutators.ArgumentPropagationMutator,addSub,496,KILLED,org.apache.commons.math3.fraction.Fraction_ESTest.test19
Fraction.java,org.apache.commons.math3.fraction.Fraction,org.pitest.mutationtest.engine.gregor.mutators.ArgumentPropagationMutator,addSub,499,KILLED,org.apache.commons.math3.fraction.Fraction_ESTest.test51
Fraction.java,org.apache.commons.math3.fraction.Fraction,org.pitest.mutationtest.engine.gregor.mutators.ArgumentPropagationMutator,addSub,500,KILLED,org.apache.commons.math3.fraction.Fraction_ESTest.test51
Fraction.java,org.apache.commons.math3.fraction.Fraction,org.pitest.mutationtest.engine.gregor.mutators.ArgumentPropagationMutator,addSub,501,KILLED,org.apache.commons.math3.fraction.Fraction_ESTest.test30
Fraction.java,org.apache.commons.math3.fraction.Fraction,org.pitest.mutationtest.engine.gregor.mutators.ArgumentPropagationMutator,addSub,501,KILLED,org.apache.commons.math3.fraction.Fraction_ESTest.test51
Fraction.java,org.apache.commons.math3.fraction.Fraction,org.pitest.mutationtest.engine.gregor.mutators.ArgumentPropagationMutator,addSub,501,KILLED,org.apache.commons.math3.fraction.Fraction_ESTest.test30
Fraction.java,org.apache.commons.math3.fraction.Fraction,org.pitest.mutationtest.engine.gregor.mutators.ArgumentPropagationMutator,addSub,509,SURVIVED,none
Fraction.java,org.apache.commons.math3.fraction.Fraction,org.pitest.mutationtest.engine.gregor.mutators.ArgumentPropagationMutator,addSub,511,KILLED,org.apache.commons.math3.fraction.Fraction_ESTest.test17
Fraction.java,org.apache.commons.math3.fraction.Fraction,org.pitest.mutationtest.engine.gregor.mutators.ArgumentPropagationMutator,addSub,513,KILLED,org.apache.commons.math3.fraction.Fraction_ESTest.test18
Fraction.java,org.apache.commons.math3.fraction.Fraction,org.pitest.mutationtest.engine.gregor.mutators.ArgumentPropagationMutator,addSub,513,SURVIVED,none
Fraction.java,org.apache.commons.math3.fraction.Fraction,org.pitest.mutationtest.engine.gregor.mutators.ArgumentPropagationMutator,addSub,516,KILLED,org.apache.commons.math3.fraction.Fraction_ESTest.test19
Fraction.java,org.apache.commons.math3.fraction.Fraction,org.pitest.mutationtest.engine.gregor.mutators.ArgumentPropagationMutator,addSub,517,KILLED,org.apache.commons.math3.fraction.Fraction_ESTest.test19
Fraction.java,org.apache.commons.math3.fraction.Fraction,org.pitest.mutationtest.engine.gregor.mutators.ArgumentPropagationMutator,addSub,520,KILLED,org.apache.commons.math3.fraction.Fraction_ESTest.test18
Fraction.java,org.apache.commons.math3.fraction.Fraction,org.pitest.mutationtest.engine.gregor.mutators.ArgumentPropagationMutator,addSub,525,SURVIVED,none
Fraction.java,org.apache.commons.math3.fraction.Fraction,org.pitest.mutationtest.engine.gregor.mutators.ConditionalsBoundaryMutator,addSub,521,SURVIVED,none
Fraction.java,org.apache.commons.math3.fraction.Fraction,org.pitest.mutationtest.engine.gregor.mutators.ConstructorCallMutator,addSub,485,KILLED,org.apache.commons.math3.fraction.Fraction_ESTest.test04
Fraction.java,org.apache.commons.math3.fraction.Fraction,org.pitest.mutationtest.engine.gregor.mutators.ConstructorCallMutator,addSub,501,KILLED,org.apache.commons.math3.fraction.Fraction_ESTest.test51
Fraction.java,org.apache.commons.math3.fraction.Fraction,org.pitest.mutationtest.engine.gregor.mutators.ConstructorCallMutator,addSub,522,KILLED,org.apache.commons.math3.fraction.Fraction_ESTest.test17
Fraction.java,org.apache.commons.math3.fraction.Fraction,org.pitest.mutationtest.engine.gregor.mutators.ConstructorCallMutator,addSub,525,KILLED,org.apache.commons.math3.fraction.Fraction_ESTest.test18
Fraction.java,org.apache.commons.math3.fraction.Fraction,org.pitest.mutationtest.engine.gregor.mutators.InlineConstantMutator,addSub,485,SURVIVED,none
Fraction.java,org.apache.commons.math3.fraction.Fraction,org.pitest.mutationtest.engine.gregor.mutators.InlineConstantMutator,addSub,497,SURVIVED,none
Fraction.java,org.apache.commons.math3.fraction.Fraction,org.pitest.mutationtest.engine.gregor.mutators.InlineConstantMutator,addSub,521,KILLED,org.apache.commons.math3.fraction.Fraction_ESTest.test17
Fraction.java,org.apache.commons.math3.fraction.Fraction,org.pitest.mutationtest.engine.gregor.mutators.InlineConstantMutator,addSub,522,KILLED,org.apache.commons.math3.fraction.Fraction_ESTest.test17
Fraction.java,org.apache.commons.math3.fraction.Fraction,org.pitest.mutationtest.engine.gregor.mutators.InlineConstantMutator,addSub,522,KILLED,org.apache.commons.math3.fraction.Fraction_ESTest.test17
Fraction.java,org.apache.commons.math3.fraction.Fraction,org.pitest.mutationtest.engine.gregor.mutators.MathMutator,addSub,509,KILLED,org.apache.commons.math3.fraction.Fraction_ESTest.test18
Fraction.java,org.apache.commons.math3.fraction.Fraction,org.pitest.mutationtest.engine.gregor.mutators.MathMutator,addSub,511,KILLED,org.apache.commons.math3.fraction.Fraction_ESTest.test18
Fraction.java,org.apache.commons.math3.fraction.Fraction,org.pitest.mutationtest.engine.gregor.mutators.MathMutator,addSub,525,KILLED,org.apache.commons.math3.fraction.Fraction_ESTest.test18
Fraction.java,org.apache.commons.math3.fraction.Fraction,org.pitest.mutationtest.engine.gregor.mutators.MathMutator,addSub,525,KILLED,org.apache.commons.math3.fraction.Fraction_ESTest.test18
Fraction.java,org.apache.commons.math3.fraction.Fraction,org.pitest.mutationtest.engine.gregor.mutators.NegateConditionalsMutator,addSub,484,KILLED,org.apache.commons.math3.fraction.Fraction_ESTest.test51
Fraction.java,org.apache.commons.math3.fraction.Fraction,org.pitest.mutationtest.engine.gregor.mutators.NegateConditionalsMutator,addSub,488,KILLED,org.apache.commons.math3.fraction.Fraction_ESTest.test51
Fraction.java,org.apache.commons.math3.fraction.Fraction,org.pitest.mutationtest.engine.gregor.mutators.NegateConditionalsMutator,addSub,489,KILLED,org.apache.commons.math3.fraction.Fraction_ESTest.test22
Fraction.java,org.apache.commons.math3.fraction.Fraction,org.pitest.mutationtest.engine.gregor.mutators.NegateConditionalsMutator,addSub,491,KILLED,org.apache.commons.math3.fraction.Fraction_ESTest.test51
Fraction.java,org.apache.commons.math3.fraction.Fraction,org.pitest.mutationtest.engine.gregor.mutators.NegateConditionalsMutator,addSub,497,KILLED,org.apache.commons.math3.fraction.Fraction_ESTest.test17
Fraction.java,org.apache.commons.math3.fraction.Fraction,org.pitest.mutationtest.engine.gregor.mutators.NegateConditionalsMutator,addSub,501,KILLED,org.apache.commons.math3.fraction.Fraction_ESTest.test51
Fraction.java,org.apache.commons.math3.fraction.Fraction,org.pitest.mutationtest.engine.gregor.mutators.NegateConditionalsMutator,addSub,513,KILLED,org.apache.commons.math3.fraction.Fraction_ESTest.test18
Fraction.java,org.apache.commons.math3.fraction.Fraction,org.pitest.mutationtest.engine.gregor.mutators.NegateConditionalsMutator,addSub,517,KILLED,org.apache.commons.math3.fraction.Fraction_ESTest.test19
Fraction.java,org.apache.commons.math3.fraction.Fraction,org.pitest.mutationtest.engine.gregor.mutators.NegateConditionalsMutator,addSub,521,KILLED,org.apache.commons.math3.fraction.Fraction_ESTest.test18
Fraction.java,org.apache.commons.math3.fraction.Fraction,org.pitest.mutationtest.engine.gregor.mutators.NonVoidMethodCallMutator,addSub,489,KILLED,org.apache.commons.math3.fraction.Fraction_ESTest.test22
Fraction.java,org.apache.commons.math3.fraction.Fraction,org.pitest.mutationtest.engine.gregor.mutators.NonVoidMethodCallMutator,addSub,496,KILLED,org.apache.commons.math3.fraction.Fraction_ESTest.test51
Fraction.java,org.apache.commons.math3.fraction.Fraction,org.pitest.mutationtest.engine.gregor.mutators.NonVoidMethodCallMutator,addSub,499,KILLED,org.apache.commons.math3.fraction.Fraction_ESTest.test51
Fraction.java,org.apache.commons.math3.fraction.Fraction,org.pitest.mutationtest.engine.gregor.mutators.NonVoidMethodCallMutator,addSub,500,KILLED,org.apache.commons.math3.fraction.Fraction_ESTest.test51
Fraction.java,org.apache.commons.math3.fraction.Fraction,org.pitest.mutationtest.engine.gregor.mutators.NonVoidMethodCallMutator,addSub,501,KILLED,org.apache.commons.math3.fraction.Fraction_ESTest.test30
Fraction.java,org.apache.commons.math3.fraction.Fraction,org.pitest.mutationtest.engine.gregor.mutators.NonVoidMethodCallMutator,addSub,501,SURVIVED,none
Fraction.java,org.apache.commons.math3.fraction.Fraction,org.pitest.mutationtest.engine.gregor.mutators.NonVoidMethodCallMutator,addSub,501,KILLED,org.apache.commons.math3.fraction.Fraction_ESTest.test51
Fraction.java,org.apache.commons.math3.fraction.Fraction,org.pitest.mutationtest.engine.gregor.mutators.NonVoidMethodCallMutator,addSub,509,KILLED,org.apache.commons.math3.fraction.Fraction_ESTest.test18
Fraction.java,org.apache.commons.math3.fraction.Fraction,org.pitest.mutationtest.engine.gregor.mutators.NonVoidMethodCallMutator,addSub,509,KILLED,org.apache.commons.math3.fraction.Fraction_ESTest.test18
Fraction.java,org.apache.commons.math3.fraction.Fraction,org.pitest.mutationtest.engine.gregor.mutators.NonVoidMethodCallMutator,addSub,509,KILLED,org.apache.commons.math3.fraction.Fraction_ESTest.test18
Fraction.java,org.apache.commons.math3.fraction.Fraction,org.pitest.mutationtest.engine.gregor.mutators.NonVoidMethodCallMutator,addSub,511,KILLED,org.apache.commons.math3.fraction.Fraction_ESTest.test18
Fraction.java,org.apache.commons.math3.fraction.Fraction,org.pitest.mutationtest.engine.gregor.mutators.NonVoidMethodCallMutator,addSub,511,KILLED,org.apache.commons.math3.fraction.Fraction_ESTest.test18
Fraction.java,org.apache.commons.math3.fraction.Fraction,org.pitest.mutationtest.engine.gregor.mutators.NonVoidMethodCallMutator,addSub,511,KILLED,org.apache.commons.math3.fraction.Fraction_ESTest.test18
Fraction.java,org.apache.commons.math3.fraction.Fraction,org.pitest.mutationtest.engine.gregor.mutators.NonVoidMethodCallMutator,addSub,513,KILLED,org.apache.commons.math3.fraction.Fraction_ESTest.test18
Fraction.java,org.apache.commons.math3.fraction.Fraction,org.pitest.mutationtest.engine.gregor.mutators.NonVoidMethodCallMutator,addSub,513,KILLED,org.apache.commons.math3.fraction.Fraction_ESTest.test19
Fraction.java,org.apache.commons.math3.fraction.Fraction,org.pitest.mutationtest.engine.gregor.mutators.NonVoidMethodCallMutator,addSub,516,KILLED,org.apache.commons.math3.fraction.Fraction_ESTest.test18
Fraction.java,org.apache.commons.math3.fraction.Fraction,org.pitest.mutationtest.engine.gregor.mutators.NonVoidMethodCallMutator,addSub,516,KILLED,org.apache.commons.math3.fraction.Fraction_ESTest.test18
Fraction.java,org.apache.commons.math3.fraction.Fraction,org.pitest.mutationtest.engine.gregor.mutators.NonVoidMethodCallMutator,addSub,516,KILLED,org.apache.commons.math3.fraction.Fraction_ESTest.test19
Fraction.java,org.apache.commons.math3.fraction.Fraction,org.pitest.mutationtest.engine.gregor.mutators.NonVoidMethodCallMutator,addSub,517,KILLED,org.apache.commons.math3.fraction.Fraction_ESTest.test19
Fraction.java,org.apache.commons.math3.fraction.Fraction,org.pitest.mutationtest.engine.gregor.mutators.NonVoidMethodCallMutator,addSub,520,KILLED,org.apache.commons.math3.fraction.Fraction_ESTest.test18
Fraction.java,org.apache.commons.math3.fraction.Fraction,org.pitest.mutationtest.engine.gregor.mutators.NonVoidMethodCallMutator,addSub,520,KILLED,org.apache.commons.math3.fraction.Fraction_ESTest.test18
Fraction.java,org.apache.commons.math3.fraction.Fraction,org.pitest.mutationtest.engine.gregor.mutators.NonVoidMethodCallMutator,addSub,521,KILLED,org.apache.commons.math3.fraction.Fraction_ESTest.test17
Fraction.java,org.apache.commons.math3.fraction.Fraction,org.pitest.mutationtest.engine.gregor.mutators.NonVoidMethodCallMutator,addSub,525,KILLED,org.apache.commons.math3.fraction.Fraction_ESTest.test18
Fraction.java,org.apache.commons.math3.fraction.Fraction,org.pitest.mutationtest.engine.gregor.mutators.NonVoidMethodCallMutator,addSub,525,KILLED,org.apache.commons.math3.fraction.Fraction_ESTest.test18
Fraction.java,org.apache.commons.math3.fraction.Fraction,org.pitest.mutationtest.engine.gregor.mutators.NullReturnValsMutator,addSub,489,KILLED,org.apache.commons.math3.fraction.Fraction_ESTest.test22
Fraction.java,org.apache.commons.math3.fraction.Fraction,org.pitest.mutationtest.engine.gregor.mutators.NullReturnValsMutator,addSub,492,KILLED,org.apache.commons.math3.fraction.Fraction_ESTest.test20
Fraction.java,org.apache.commons.math3.fraction.Fraction,org.pitest.mutationtest.engine.gregor.mutators.NullReturnValsMutator,addSub,501,KILLED,org.apache.commons.math3.fraction.Fraction_ESTest.test51
Fraction.java,org.apache.commons.math3.fraction.Fraction,org.pitest.mutationtest.engine.gregor.mutators.NullReturnValsMutator,addSub,525,KILLED,org.apache.commons.math3.fraction.Fraction_ESTest.test18
Fraction.java,org.apache.commons.math3.fraction.Fraction,org.pitest.mutationtest.engine.gregor.mutators.RemoveConditionalMutator_EQUAL_ELSE,addSub,484,KILLED,org.apache.commons.math3.fraction.Fraction_ESTest.test04
Fraction.java,org.apache.commons.math3.fraction.Fraction,org.pitest.mutationtest.engine.gregor.mutators.RemoveConditionalMutator_EQUAL_ELSE,addSub,488,KILLED,org.apache.commons.math3.fraction.Fraction_ESTest.test21
Fraction.java,org.apache.commons.math3.fraction.Fraction,org.pitest.mutationtest.engine.gregor.mutators.RemoveConditionalMutator_EQUAL_ELSE,addSub,489,KILLED,org.apache.commons.math3.fraction.Fraction_ESTest.test21
Fraction.java,org.apache.commons.math3.fraction.Fraction,org.pitest.mutationtest.engine.gregor.mutators.RemoveConditionalMutator_EQUAL_ELSE,addSub,491,SURVIVED,none
Fraction.java,org.apache.commons.math3.fraction.Fraction,org.pitest.mutationtest.engine.gregor.mutators.RemoveConditionalMutator_EQUAL_ELSE,addSub,497,SURVIVED,none
Fraction.java,org.apache.commons.math3.fraction.Fraction,org.pitest.mutationtest.engine.gregor.mutators.RemoveConditionalMutator_EQUAL_ELSE,addSub,501,KILLED,org.apache.commons.math3.fraction.Fraction_ESTest.test30
Fraction.java,org.apache.commons.math3.fraction.Fraction,org.pitest.mutationtest.engine.gregor.mutators.RemoveConditionalMutator_EQUAL_ELSE,addSub,513,KILLED,org.apache.commons.math3.fraction.Fraction_ESTest.test18
Fraction.java,org.apache.commons.math3.fraction.Fraction,org.pitest.mutationtest.engine.gregor.mutators.RemoveConditionalMutator_EQUAL_ELSE,addSub,517,SURVIVED,none
Fraction.java,org.apache.commons.math3.fraction.Fraction,org.pitest.mutationtest.engine.gregor.mutators.RemoveConditionalMutator_EQUAL_IF,addSub,484,KILLED,org.apache.commons.math3.fraction.Fraction_ESTest.test51
Fraction.java,org.apache.commons.math3.fraction.Fraction,org.pitest.mutationtest.engine.gregor.mutators.RemoveConditionalMutator_EQUAL_IF,addSub,488,KILLED,org.apache.commons.math3.fraction.Fraction_ESTest.test51
Fraction.java,org.apache.commons.math3.fraction.Fraction,org.pitest.mutationtest.engine.gregor.mutators.RemoveConditionalMutator_EQUAL_IF,addSub,489,KILLED,org.apache.commons.math3.fraction.Fraction_ESTest.test22
Fraction.java,org.apache.commons.math3.fraction.Fraction,org.pitest.mutationtest.engine.gregor.mutators.RemoveConditionalMutator_EQUAL_IF,addSub,491,KILLED,org.apache.commons.math3.fraction.Fraction_ESTest.test51
Fraction.java,org.apache.commons.math3.fraction.Fraction,org.pitest.mutationtest.engine.gregor.mutators.RemoveConditionalMutator_EQUAL_IF,addSub,497,KILLED,org.apache.commons.math3.fraction.Fraction_ESTest.test17
Fraction.java,org.apache.commons.math3.fraction.Fraction,org.pitest.mutationtest.engine.gregor.mutators.RemoveConditionalMutator_EQUAL_IF,addSub,501,KILLED,org.apache.commons.math3.fraction.Fraction_ESTest.test51
Fraction.java,org.apache.commons.math3.fraction.Fraction,org.pitest.mutationtest.engine.gregor.mutators.RemoveConditionalMutator_EQUAL_IF,addSub,513,KILLED,org.apache.commons.math3.fraction.Fraction_ESTest.test19
Fraction.java,org.apache.commons.math3.fraction.Fraction,org.pitest.mutationtest.engine.gregor.mutators.RemoveConditionalMutator_EQUAL_IF,addSub,517,KILLED,org.apache.commons.math3.fraction.Fraction_ESTest.test19
Fraction.java,org.apache.commons.math3.fraction.Fraction,org.pitest.mutationtest.engine.gregor.mutators.RemoveConditionalMutator_ORDER_ELSE,addSub,521,KILLED,org.apache.commons.math3.fraction.Fraction_ESTest.test17
Fraction.java,org.apache.commons.math3.fraction.Fraction,org.pitest.mutationtest.engine.gregor.mutators.RemoveConditionalMutator_ORDER_IF,addSub,521,KILLED,org.apache.commons.math3.fraction.Fraction_ESTest.test18
Fraction.java,org.apache.commons.math3.fraction.Fraction,org.pitest.mutationtest.engine.gregor.mutators.ReturnValsMutator,addSub,489,KILLED,org.apache.commons.math3.fraction.Fraction_ESTest.test22
Fraction.java,org.apache.commons.math3.fraction.Fraction,org.pitest.mutationtest.engine.gregor.mutators.ReturnValsMutator,addSub,492,KILLED,org.apache.commons.math3.fraction.Fraction_ESTest.test20
Fraction.java,org.apache.commons.math3.fraction.Fraction,org.pitest.mutationtest.engine.gregor.mutators.ReturnValsMutator,addSub,501,KILLED,org.apache.commons.math3.fraction.Fraction_ESTest.test51
Fraction.java,org.apache.commons.math3.fraction.Fraction,org.pitest.mutationtest.engine.gregor.mutators.ReturnValsMutator,addSub,525,KILLED,org.apache.commons.math3.fraction.Fraction_ESTest.test18
Fraction.java,org.apache.commons.math3.fraction.Fraction,org.pitest.mutationtest.engine.gregor.mutators.experimental.NakedReceiverMutator,addSub,489,KILLED,org.apache.commons.math3.fraction.Fraction_ESTest.test22
Fraction.java,org.apache.commons.math3.fraction.Fraction,org.pitest.mutationtest.engine.gregor.mutators.experimental.NakedReceiverMutator,addSub,509,KILLED,org.apache.commons.math3.fraction.Fraction_ESTest.test19
Fraction.java,org.apache.commons.math3.fraction.Fraction,org.pitest.mutationtest.engine.gregor.mutators.experimental.NakedReceiverMutator,addSub,511,KILLED,org.apache.commons.math3.fraction.Fraction_ESTest.test17
Fraction.java,org.apache.commons.math3.fraction.Fraction,org.pitest.mutationtest.engine.gregor.mutators.experimental.NakedReceiverMutator,addSub,513,KILLED,org.apache.commons.math3.fraction.Fraction_ESTest.test18
Fraction.java,org.apache.commons.math3.fraction.Fraction,org.pitest.mutationtest.engine.gregor.mutators.experimental.NakedReceiverMutator,addSub,513,KILLED,org.apache.commons.math3.fraction.Fraction_ESTest.test19
Fraction.java,org.apache.commons.math3.fraction.Fraction,org.pitest.mutationtest.engine.gregor.mutators.experimental.NakedReceiverMutator,addSub,516,SURVIVED,none
Fraction.java,org.apache.commons.math3.fraction.Fraction,org.pitest.mutationtest.engine.gregor.mutators.experimental.NakedReceiverMutator,addSub,520,KILLED,org.apache.commons.math3.fraction.Fraction_ESTest.test18
Fraction.java,org.apache.commons.math3.fraction.Fraction,org.pitest.mutationtest.engine.gregor.mutators.ConditionalsBoundaryMutator,compareTo,316,KILLED,org.apache.commons.math3.fraction.Fraction_ESTest.test32
Fraction.java,org.apache.commons.math3.fraction.Fraction,org.pitest.mutationtest.engine.gregor.mutators.ConditionalsBoundaryMutator,compareTo,316,KILLED,org.apache.commons.math3.fraction.Fraction_ESTest.test32
Fraction.java,org.apache.commons.math3.fraction.Fraction,org.pitest.mutationtest.engine.gregor.mutators.InlineConstantMutator,compareTo,316,KILLED,org.apache.commons.math3.fraction.Fraction_ESTest.test31
Fraction.java,org.apache.commons.math3.fraction.Fraction,org.pitest.mutationtest.engine.gregor.mutators.InlineConstantMutator,compareTo,316,KILLED,org.apache.commons.math3.fraction.Fraction_ESTest.test30
Fraction.java,org.apache.commons.math3.fraction.Fraction,org.pitest.mutationtest.engine.gregor.mutators.InlineConstantMutator,compareTo,316,KILLED,org.apache.commons.math3.fraction.Fraction_ESTest.test32
Fraction.java,org.apache.commons.math3.fraction.Fraction,org.pitest.mutationtest.engine.gregor.mutators.MathMutator,compareTo,314,KILLED,org.apache.commons.math3.fraction.Fraction_ESTest.test32
Fraction.java,org.apache.commons.math3.fraction.Fraction,org.pitest.mutationtest.engine.gregor.mutators.MathMutator,compareTo,315,SURVIVED,none
Fraction.java,org.apache.commons.math3.fraction.Fraction,org.pitest.mutationtest.engine.gregor.mutators.NegateConditionalsMutator,compareTo,316,KILLED,org.apache.commons.math3.fraction.Fraction_ESTest.test30
Fraction.java,org.apache.commons.math3.fraction.Fraction,org.pitest.mutationtest.engine.gregor.mutators.NegateConditionalsMutator,compareTo,316,KILLED,org.apache.commons.math3.fraction.Fraction_ESTest.test30
Fraction.java,org.apache.commons.math3.fraction.Fraction,org.pitest.mutationtest.engine.gregor.mutators.RemoveConditionalMutator_ORDER_ELSE,compareTo,316,KILLED,org.apache.commons.math3.fraction.Fraction_ESTest.test31
Fraction.java,org.apache.commons.math3.fraction.Fraction,org.pitest.mutationtest.engine.gregor.mutators.RemoveConditionalMutator_ORDER_ELSE,compareTo,316,KILLED,org.apache.commons.math3.fraction.Fraction_ESTest.test30
Fraction.java,org.apache.commons.math3.fraction.Fraction,org.pitest.mutationtest.engine.gregor.mutators.RemoveConditionalMutator_ORDER_IF,compareTo,316,KILLED,org.apache.commons.math3.fraction.Fraction_ESTest.test30
Fraction.java,org.apache.commons.math3.fraction.Fraction,org.pitest.mutationtest.engine.gregor.mutators.RemoveConditionalMutator_ORDER_IF,compareTo,316,KILLED,org.apache.commons.math3.fraction.Fraction_ESTest.test32
Fraction.java,org.apache.commons.math3.fraction.Fraction,org.pitest.mutationtest.engine.gregor.mutators.ReturnValsMutator,compareTo,316,KILLED,org.apache.commons.math3.fraction.Fraction_ESTest.test30
Fraction.java,org.apache.commons.math3.fraction.Fraction,org.pitest.mutationtest.engine.gregor.mutators.ArgumentPropagationMutator,divide,592,KILLED,org.apache.commons.math3.fraction.Fraction_ESTest.test03
Fraction.java,org.apache.commons.math3.fraction.Fraction,org.pitest.mutationtest.engine.gregor.mutators.ConstructorCallMutator,divide,592,KILLED,org.apache.commons.math3.fraction.Fraction_ESTest.test03
Fraction.java,org.apache.commons.math3.fraction.Fraction,org.pitest.mutationtest.engine.gregor.mutators.NonVoidMethodCallMutator,divide,592,KILLED,org.apache.commons.math3.fraction.Fraction_ESTest.test03
Fraction.java,org.apache.commons.math3.fraction.Fraction,org.pitest.mutationtest.engine.gregor.mutators.NullReturnValsMutator,divide,592,SURVIVED,none
Fraction.java,org.apache.commons.math3.fraction.Fraction,org.pitest.mutationtest.engine.gregor.mutators.ReturnValsMutator,divide,592,SURVIVED,none
Fraction.java,org.apache.commons.math3.fraction.Fraction,org.pitest.mutationtest.engine.gregor.mutators.experimental.NakedReceiverMutator,divide,592,KILLED,org.apache.commons.math3.fraction.Fraction_ESTest.test03
Fraction.java,org.apache.commons.math3.fraction.Fraction,org.pitest.mutationtest.engine.gregor.mutators.ArgumentPropagationMutator,divide,583,KILLED,org.apache.commons.math3.fraction.Fraction_ESTest.test17
Fraction.java,org.apache.commons.math3.fraction.Fraction,org.pitest.mutationtest.engine.gregor.mutators.ConstructorCallMutator,divide,577,KILLED,org.apache.commons.math3.fraction.Fraction_ESTest.test13
Fraction.java,org.apache.commons.math3.fraction.Fraction,org.pitest.mutationtest.engine.gregor.mutators.ConstructorCallMutator,divide,580,KILLED,org.apache.commons.math3.fraction.Fraction_ESTest.test12
Fraction.java,org.apache.commons.math3.fraction.Fraction,org.pitest.mutationtest.engine.gregor.mutators.InlineConstantMutator,divide,577,SURVIVED,none
Fraction.java,org.apache.commons.math3.fraction.Fraction,org.pitest.mutationtest.engine.gregor.mutators.InlineConstantMutator,divide,580,SURVIVED,none
Fraction.java,org.apache.commons.math3.fraction.Fraction,org.pitest.mutationtest.engine.gregor.mutators.InlineConstantMutator,divide,580,SURVIVED,none
Fraction.java,org.apache.commons.math3.fraction.Fraction,org.pitest.mutationtest.engine.gregor.mutators.InlineConstantMutator,divide,580,SURVIVED,none
Fraction.java,org.apache.commons.math3.fraction.Fraction,org.pitest.mutationtest.engine.gregor.mutators.NegateConditionalsMutator,divide,576,KILLED,org.apache.commons.math3.fraction.Fraction_ESTest.test13
Fraction.java,org.apache.commons.math3.fraction.Fraction,org.pitest.mutationtest.engine.gregor.mutators.NegateConditionalsMutator,divide,579,KILLED,org.apache.commons.math3.fraction.Fraction_ESTest.test17
Fraction.java,org.apache.commons.math3.fraction.Fraction,org.pitest.mutationtest.engine.gregor.mutators.NonVoidMethodCallMutator,divide,580,SURVIVED,none
Fraction.java,org.apache.commons.math3.fraction.Fraction,org.pitest.mutationtest.engine.gregor.mutators.NonVoidMethodCallMutator,divide,580,SURVIVED,none
Fraction.java,org.apache.commons.math3.fraction.Fraction,org.pitest.mutationtest.engine.gregor.mutators.NonVoidMethodCallMutator,divide,583,KILLED,org.apache.commons.math3.fraction.Fraction_ESTest.test17
Fraction.java,org.apache.commons.math3.fraction.Fraction,org.pitest.mutationtest.engine.gregor.mutators.NonVoidMethodCallMutator,divide,583,KILLED,org.apache.commons.math3.fraction.Fraction_ESTest.test17
Fraction.java,org.apache.commons.math3.fraction.Fraction,org.pitest.mutationtest.engine.gregor.mutators.NullReturnValsMutator,divide,583,KILLED,org.apache.commons.math3.fraction.Fraction_ESTest.test17
Fraction.java,org.apache.commons.math3.fraction.Fraction,org.pitest.mutationtest.engine.gregor.mutators.RemoveConditionalMutator_EQUAL_ELSE,divide,576,KILLED,org.apache.commons.math3.fraction.Fraction_ESTest.test13
Fraction.java,org.apache.commons.math3.fraction.Fraction,org.pitest.mutationtest.engine.gregor.mutators.RemoveConditionalMutator_EQUAL_ELSE,divide,579,SURVIVED,none
Fraction.java,org.apache.commons.math3.fraction.Fraction,org.pitest.mutationtest.engine.gregor.mutators.RemoveConditionalMutator_EQUAL_IF,divide,576,KILLED,org.apache.commons.math3.fraction.Fraction_ESTest.test12
Fraction.java,org.apache.commons.math3.fraction.Fraction,org.pitest.mutationtest.engine.gregor.mutators.RemoveConditionalMutator_EQUAL_IF,divide,579,KILLED,org.apache.commons.math3.fraction.Fraction_ESTest.test17
Fraction.java,org.apache.commons.math3.fraction.Fraction,org.pitest.mutationtest.engine.gregor.mutators.ReturnValsMutator,divide,583,KILLED,org.apache.commons.math3.fraction.Fraction_ESTest.test17
Fraction.java,org.apache.commons.math3.fraction.Fraction,org.pitest.mutationtest.engine.gregor.mutators.experimental.NakedReceiverMutator,divide,583,KILLED,org.apache.commons.math3.fraction.Fraction_ESTest.test17
Fraction.java,org.apache.commons.math3.fraction.Fraction,org.pitest.mutationtest.engine.gregor.mutators.experimental.NakedReceiverMutator,divide,583,KILLED,org.apache.commons.math3.fraction.Fraction_ESTest.test17
Fraction.java,org.apache.commons.math3.fraction.Fraction,org.pitest.mutationtest.engine.gregor.mutators.MathMutator,doubleValue,326,KILLED,org.apache.commons.math3.fraction.Fraction_ESTest.test44
Fraction.java,org.apache.commons.math3.fraction.Fraction,org.pitest.mutationtest.engine.gregor.mutators.PrimitiveReturnsMutator,doubleValue,326,KILLED,org.apache.commons.math3.fraction.Fraction_ESTest.test44
Fraction.java,org.apache.commons.math3.fraction.Fraction,org.pitest.mutationtest.engine.gregor.mutators.ReturnValsMutator,doubleValue,326,KILLED,org.apache.commons.math3.fraction.Fraction_ESTest.test44
Fraction.java,org.apache.commons.math3.fraction.Fraction,org.pitest.mutationtest.engine.gregor.mutators.BooleanFalseReturnValsMutator,equals,341,KILLED,org.apache.commons.math3.fraction.Fraction_ESTest.test28
Fraction.java,org.apache.commons.math3.fraction.Fraction,org.pitest.mutationtest.engine.gregor.mutators.BooleanTrueReturnValsMutator,equals,347,KILLED,org.apache.commons.math3.fraction.Fraction_ESTest.test26
Fraction.java,org.apache.commons.math3.fraction.Fraction,org.pitest.mutationtest.engine.gregor.mutators.BooleanTrueReturnValsMutator,equals,350,KILLED,org.apache.commons.math3.fraction.Fraction_ESTest.test29
Fraction.java,org.apache.commons.math3.fraction.Fraction,org.pitest.mutationtest.engine.gregor.mutators.InlineConstantMutator,equals,341,KILLED,org.apache.commons.math3.fraction.Fraction_ESTest.test28
Fraction.java,org.apache.commons.math3.fraction.Fraction,org.pitest.mutationtest.engine.gregor.mutators.InlineConstantMutator,equals,347,KILLED,org.apache.commons.math3.fraction.Fraction_ESTest.test18
Fraction.java,org.apache.commons.math3.fraction.Fraction,org.pitest.mutationtest.engine.gregor.mutators.InlineConstantMutator,equals,347,KILLED,org.apache.commons.math3.fraction.Fraction_ESTest.test26
Fraction.java,org.apache.commons.math3.fraction.Fraction,org.pitest.mutationtest.engine.gregor.mutators.InlineConstantMutator,equals,350,KILLED,org.apache.commons.math3.fraction.Fraction_ESTest.test29
Fraction.java,org.apache.commons.math3.fraction.Fraction,org.pitest.mutationtest.engine.gregor.mutators.NegateConditionalsMutator,equals,340,KILLED,org.apache.commons.math3.fraction.Fraction_ESTest.test29
Fraction.java,org.apache.commons.math3.fraction.Fraction,org.pitest.mutationtest.engine.gregor.mutators.NegateConditionalsMutator,equals,343,KILLED,org.apache.commons.math3.fraction.Fraction_ESTest.test29
Fraction.java,org.apache.commons.math3.fraction.Fraction,org.pitest.mutationtest.engine.gregor.mutators.NegateConditionalsMutator,equals,347,KILLED,org.apache.commons.math3.fraction.Fraction_ESTest.test18
Fraction.java,org.apache.commons.math3.fraction.Fraction,org.pitest.mutationtest.engine.gregor.mutators.NegateConditionalsMutator,equals,347,KILLED,org.apache.commons.math3.fraction.Fraction_ESTest.test18
Fraction.java,org.apache.commons.math3.fraction.Fraction,org.pitest.mutationtest.engine.gregor.mutators.RemoveConditionalMutator_EQUAL_ELSE,equals,343,KILLED,org.apache.commons.math3.fraction.Fraction_ESTest.test18
Fraction.java,org.apache.commons.math3.fraction.Fraction,org.pitest.mutationtest.engine.gregor.mutators.RemoveConditionalMutator_EQUAL_ELSE,equals,347,KILLED,org.apache.commons.math3.fraction.Fraction_ESTest.test18
Fraction.java,org.apache.commons.math3.fraction.Fraction,org.pitest.mutationtest.engine.gregor.mutators.RemoveConditionalMutator_EQUAL_ELSE,equals,347,KILLED,org.apache.commons.math3.fraction.Fraction_ESTest.test18
Fraction.java,org.apache.commons.math3.fraction.Fraction,org.pitest.mutationtest.engine.gregor.mutators.RemoveConditionalMutator_EQUAL_IF,equals,340,KILLED,org.apache.commons.math3.fraction.Fraction_ESTest.test29
Fraction.java,org.apache.commons.math3.fraction.Fraction,org.pitest.mutationtest.engine.gregor.mutators.RemoveConditionalMutator_EQUAL_IF,equals,343,KILLED,org.apache.commons.math3.fraction.Fraction_ESTest.test29
Fraction.java,org.apache.commons.math3.fraction.Fraction,org.pitest.mutationtest.engine.gregor.mutators.RemoveConditionalMutator_EQUAL_IF,equals,347,KILLED,org.apache.commons.math3.fraction.Fraction_ESTest.test27
Fraction.java,org.apache.commons.math3.fraction.Fraction,org.pitest.mutationtest.engine.gregor.mutators.RemoveConditionalMutator_EQUAL_IF,equals,347,KILLED,org.apache.commons.math3.fraction.Fraction_ESTest.test26
Fraction.java,org.apache.commons.math3.fraction.Fraction,org.pitest.mutationtest.engine.gregor.mutators.ReturnValsMutator,equals,341,KILLED,org.apache.commons.math3.fraction.Fraction_ESTest.test28
Fraction.java,org.apache.commons.math3.fraction.Fraction,org.pitest.mutationtest.engine.gregor.mutators.ReturnValsMutator,equals,347,KILLED,org.apache.commons.math3.fraction.Fraction_ESTest.test18
Fraction.java,org.apache.commons.math3.fraction.Fraction,org.pitest.mutationtest.engine.gregor.mutators.ReturnValsMutator,equals,350,KILLED,org.apache.commons.math3.fraction.Fraction_ESTest.test29
Fraction.java,org.apache.commons.math3.fraction.Fraction,org.pitest.mutationtest.engine.gregor.mutators.NonVoidMethodCallMutator,floatValue,360,KILLED,org.apache.commons.math3.fraction.Fraction_ESTest.test45
Fraction.java,org.apache.commons.math3.fraction.Fraction,org.pitest.mutationtest.engine.gregor.mutators.PrimitiveReturnsMutator,floatValue,360,KILLED,org.apache.commons.math3.fraction.Fraction_ESTest.test45
Fraction.java,org.apache.commons.math3.fraction.Fraction,org.pitest.mutationtest.engine.gregor.mutators.ReturnValsMutator,floatValue,360,KILLED,org.apache.commons.math3.fraction.Fraction_ESTest.test45
Fraction.java,org.apache.commons.math3.fraction.Fraction,org.pitest.mutationtest.engine.gregor.mutators.PrimitiveReturnsMutator,getDenominator,368,KILLED,org.apache.commons.math3.fraction.Fraction_ESTest.test51
Fraction.java,org.apache.commons.math3.fraction.Fraction,org.pitest.mutationtest.engine.gregor.mutators.ReturnValsMutator,getDenominator,368,KILLED,org.apache.commons.math3.fraction.Fraction_ESTest.test51
Fraction.java,org.apache.commons.math3.fraction.Fraction,org.pitest.mutationtest.engine.gregor.mutators.NonVoidMethodCallMutator,getField,670,KILLED,org.apache.commons.math3.fraction.Fraction_ESTest.test50
Fraction.java,org.apache.commons.math3.fraction.Fraction,org.pitest.mutationtest.engine.gregor.mutators.NullReturnValsMutator,getField,670,KILLED,org.apache.commons.math3.fraction.Fraction_ESTest.test50
Fraction.java,org.apache.commons.math3.fraction.Fraction,org.pitest.mutationtest.engine.gregor.mutators.ReturnValsMutator,getField,670,KILLED,org.apache.commons.math3.fraction.Fraction_ESTest.test50
Fraction.java,org.apache.commons.math3.fraction.Fraction,org.pitest.mutationtest.engine.gregor.mutators.PrimitiveReturnsMutator,getNumerator,376,KILLED,org.apache.commons.math3.fraction.Fraction_ESTest.test45
Fraction.java,org.apache.commons.math3.fraction.Fraction,org.pitest.mutationtest.engine.gregor.mutators.ReturnValsMutator,getNumerator,376,KILLED,org.apache.commons.math3.fraction.Fraction_ESTest.test45
Fraction.java,org.apache.commons.math3.fraction.Fraction,org.pitest.mutationtest.engine.gregor.mutators.ArgumentPropagationMutator,getReducedFraction,640,KILLED,org.apache.commons.math3.fraction.Fraction_ESTest.test09
Fraction.java,org.apache.commons.math3.fraction.Fraction,org.pitest.mutationtest.engine.gregor.mutators.ConditionalsBoundaryMutator,getReducedFraction,630,SURVIVED,none
Fraction.java,org.apache.commons.math3.fraction.Fraction,org.pitest.mutationtest.engine.gregor.mutators.ConstructorCallMutator,getReducedFraction,620,KILLED,org.apache.commons.math3.fraction.Fraction_ESTest.test11
Fraction.java,org.apache.commons.math3.fraction.Fraction,org.pitest.mutationtest.engine.gregor.mutators.ConstructorCallMutator,getReducedFraction,633,KILLED,org.apache.commons.math3.fraction.Fraction_ESTest.test08
Fraction.java,org.apache.commons.math3.fraction.Fraction,org.pitest.mutationtest.engine.gregor.mutators.ConstructorCallMutator,getReducedFraction,643,KILLED,org.apache.commons.math3.fraction.Fraction_ESTest.test09
Fraction.java,org.apache.commons.math3.fraction.Fraction,org.pitest.mutationtest.engine.gregor.mutators.InlineConstantMutator,getReducedFraction,620,SURVIVED,none
Fraction.java,org.apache.commons.math3.fraction.Fraction,org.pitest.mutationtest.engine.gregor.mutators.InlineConstantMutator,getReducedFraction,620,SURVIVED,none
Fraction.java,org.apache.commons.math3.fraction.Fraction,org.pitest.mutationtest.engine.gregor.mutators.InlineConstantMutator,getReducedFraction,620,SURVIVED,none
Fraction.java,org.apache.commons.math3.fraction.Fraction,org.pitest.mutationtest.engine.gregor.mutators.InlineConstantMutator,getReducedFraction,627,KILLED,org.apache.commons.math3.fraction.Fraction_ESTest.test09
Fraction.java,org.apache.commons.math3.fraction.Fraction,org.pitest.mutationtest.engine.gregor.mutators.InlineConstantMutator,getReducedFraction,627,KILLED,org.apache.commons.math3.fraction.Fraction_ESTest.test08
Fraction.java,org.apache.commons.math3.fraction.Fraction,org.pitest.mutationtest.engine.gregor.mutators.InlineConstantMutator,getReducedFraction,628,KILLED,org.apache.commons.math3.fraction.Fraction_ESTest.test09
Fraction.java,org.apache.commons.math3.fraction.Fraction,org.pitest.mutationtest.engine.gregor.mutators.InlineConstantMutator,getReducedFraction,628,KILLED,org.apache.commons.math3.fraction.Fraction_ESTest.test09
Fraction.java,org.apache.commons.math3.fraction.Fraction,org.pitest.mutationtest.engine.gregor.mutators.InlineConstantMutator,getReducedFraction,631,KILLED,org.apache.commons.math3.fraction.Fraction_ESTest.test07
Fraction.java,org.apache.commons.math3.fraction.Fraction,org.pitest.mutationtest.engine.gregor.mutators.InlineConstantMutator,getReducedFraction,631,SURVIVED,none
Fraction.java,org.apache.commons.math3.fraction.Fraction,org.pitest.mutationtest.engine.gregor.mutators.InlineConstantMutator,getReducedFraction,633,SURVIVED,none
Fraction.java,org.apache.commons.math3.fraction.Fraction,org.pitest.mutationtest.engine.gregor.mutators.InlineConstantMutator,getReducedFraction,633,SURVIVED,none
Fraction.java,org.apache.commons.math3.fraction.Fraction,org.pitest.mutationtest.engine.gregor.mutators.InlineConstantMutator,getReducedFraction,633,SURVIVED,none
Fraction.java,org.apache.commons.math3.fraction.Fraction,org.pitest.mutationtest.engine.gregor.mutators.InvertNegsMutator,getReducedFraction,636,SURVIVED,none
Fraction.java,org.apache.commons.math3.fraction.Fraction,org.pitest.mutationtest.engine.gregor.mutators.InvertNegsMutator,getReducedFraction,637,SURVIVED,none
Fraction.java,org.apache.commons.math3.fraction.Fraction,org.pitest.mutationtest.engine.gregor.mutators.MathMutator,getReducedFraction,627,KILLED,org.apache.commons.math3.fraction.Fraction_ESTest.test09
Fraction.java,org.apache.commons.math3.fraction.Fraction,org.pitest.mutationtest.engine.gregor.mutators.MathMutator,getReducedFraction,628,KILLED,org.apache.commons.math3.fraction.Fraction_ESTest.test09
Fraction.java,org.apache.commons.math3.fraction.Fraction,org.pitest.mutationtest.engine.gregor.mutators.MathMutator,getReducedFraction,628,KILLED,org.apache.commons.math3.fraction.Fraction_ESTest.test09
Fraction.java,org.apache.commons.math3.fraction.Fraction,org.pitest.mutationtest.engine.gregor.mutators.MathMutator,getReducedFraction,641,SURVIVED,none
Fraction.java,org.apache.commons.math3.fraction.Fraction,org.pitest.mutationtest.engine.gregor.mutators.MathMutator,getReducedFraction,642,SURVIVED,none
Fraction.java,org.apache.commons.math3.fraction.Fraction,org.pitest.mutationtest.engine.gregor.mutators.NegateConditionalsMutator,getReducedFraction,619,KILLED,org.apache.commons.math3.fraction.Fraction_ESTest.test09
Fraction.java,org.apache.commons.math3.fraction.Fraction,org.pitest.mutationtest.engine.gregor.mutators.NegateConditionalsMutator,getReducedFraction,623,KILLED,org.apache.commons.math3.fraction.Fraction_ESTest.test09
Fraction.java,org.apache.commons.math3.fraction.Fraction,org.pitest.mutationtest.engine.gregor.mutators.NegateConditionalsMutator,getReducedFraction,627,KILLED,org.apache.commons.math3.fraction.Fraction_ESTest.test09
Fraction.java,org.apache.commons.math3.fraction.Fraction,org.pitest.mutationtest.engine.gregor.mutators.NegateConditionalsMutator,getReducedFraction,627,KILLED,org.apache.commons.math3.fraction.Fraction_ESTest.test09
Fraction.java,org.apache.commons.math3.fraction.Fraction,org.pitest.mutationtest.engine.gregor.mutators.NegateConditionalsMutator,getReducedFraction,630,SURVIVED,none
Fraction.java,org.apache.commons.math3.fraction.Fraction,org.pitest.mutationtest.engine.gregor.mutators.NegateConditionalsMutator,getReducedFraction,631,KILLED,org.apache.commons.math3.fraction.Fraction_ESTest.test09
Fraction.java,org.apache.commons.math3.fraction.Fraction,org.pitest.mutationtest.engine.gregor.mutators.NegateConditionalsMutator,getReducedFraction,631,KILLED,org.apache.commons.math3.fraction.Fraction_ESTest.test09
Fraction.java,org.apache.commons.math3.fraction.Fraction,org.pitest.mutationtest.engine.gregor.mutators.NonVoidMethodCallMutator,getReducedFraction,620,SURVIVED,none
Fraction.java,org.apache.commons.math3.fraction.Fraction,org.pitest.mutationtest.engine.gregor.mutators.NonVoidMethodCallMutator,getReducedFraction,620,SURVIVED,none
Fraction.java,org.apache.commons.math3.fraction.Fraction,org.pitest.mutationtest.engine.gregor.mutators.NonVoidMethodCallMutator,getReducedFraction,633,SURVIVED,none
Fraction.java,org.apache.commons.math3.fraction.Fraction,org.pitest.mutationtest.engine.gregor.mutators.NonVoidMethodCallMutator,getReducedFraction,633,SURVIVED,none
Fraction.java,org.apache.commons.math3.fraction.Fraction,org.pitest.mutationtest.engine.gregor.mutators.NonVoidMethodCallMutator,getReducedFraction,640,KILLED,org.apache.commons.math3.fraction.Fraction_ESTest.test09
Fraction.java,org.apache.commons.math3.fraction.Fraction,org.pitest.mutationtest.engine.gregor.mutators.NullReturnValsMutator,getReducedFraction,624,KILLED,org.apache.commons.math3.fraction.Fraction_ESTest.test10
Fraction.java,org.apache.commons.math3.fraction.Fraction,org.pitest.mutationtest.engine.gregor.mutators.NullReturnValsMutator,getReducedFraction,643,KILLED,org.apache.commons.math3.fraction.Fraction_ESTest.test09
Fraction.java,org.apache.commons.math3.fraction.Fraction,org.pitest.mutationtest.engine.gregor.mutators.RemoveConditionalMutator_EQUAL_ELSE,getReducedFraction,619,KILLED,org.apache.commons.math3.fraction.Fraction_ESTest.test11
Fraction.java,org.apache.commons.math3.fraction.Fraction,org.pitest.mutationtest.engine.gregor.mutators.RemoveConditionalMutator_EQUAL_ELSE,getReducedFraction,623,SURVIVED,none
Fraction.java,org.apache.commons.math3.fraction.Fraction,org.pitest.mutationtest.engine.gregor.mutators.RemoveConditionalMutator_EQUAL_ELSE,getReducedFraction,627,KILLED,org.apache.commons.math3.fraction.Fraction_ESTest.test09
Fraction.java,org.apache.commons.math3.fraction.Fraction,org.pitest.mutationtest.engine.gregor.mutators.RemoveConditionalMutator_EQUAL_ELSE,getReducedFraction,627,KILLED,org.apache.commons.math3.fraction.Fraction_ESTest.test09
Fraction.java,org.apache.commons.math3.fraction.Fraction,org.pitest.mutationtest.engine.gregor.mutators.RemoveConditionalMutator_EQUAL_ELSE,getReducedFraction,631,KILLED,org.apache.commons.math3.fraction.Fraction_ESTest.test09
Fraction.java,org.apache.commons.math3.fraction.Fraction,org.pitest.mutationtest.engine.gregor.mutators.RemoveConditionalMutator_EQUAL_ELSE,getReducedFraction,631,SURVIVED,none
Fraction.java,org.apache.commons.math3.fraction.Fraction,org.pitest.mutationtest.engine.gregor.mutators.RemoveConditionalMutator_EQUAL_IF,getReducedFraction,619,KILLED,org.apache.commons.math3.fraction.Fraction_ESTest.test09
Fraction.java,org.apache.commons.math3.fraction.Fraction,org.pitest.mutationtest.engine.gregor.mutators.RemoveConditionalMutator_EQUAL_IF,getReducedFraction,623,KILLED,org.apache.commons.math3.fraction.Fraction_ESTest.test09
Fraction.java,org.apache.commons.math3.fraction.Fraction,org.pitest.mutationtest.engine.gregor.mutators.RemoveConditionalMutator_EQUAL_IF,getReducedFraction,627,KILLED,org.apache.commons.math3.fraction.Fraction_ESTest.test07
Fraction.java,org.apache.commons.math3.fraction.Fraction,org.pitest.mutationtest.engine.gregor.mutators.RemoveConditionalMutator_EQUAL_IF,getReducedFraction,627,KILLED,org.apache.commons.math3.fraction.Fraction_ESTest.test08
Fraction.java,org.apache.commons.math3.fraction.Fraction,org.pitest.mutationtest.engine.gregor.mutators.RemoveConditionalMutator_EQUAL_IF,getReducedFraction,631,KILLED,org.apache.commons.math3.fraction.Fraction_ESTest.test07
Fraction.java,org.apache.commons.math3.fraction.Fraction,org.pitest.mutationtest.engine.gregor.mutators.RemoveConditionalMutator_EQUAL_IF,getReducedFraction,631,KILLED,org.apache.commons.math3.fraction.Fraction_ESTest.test09
Fraction.java,org.apache.commons.math3.fraction.Fraction,org.pitest.mutationtest.engine.gregor.mutators.RemoveConditionalMutator_ORDER_ELSE,getReducedFraction,630,SURVIVED,none
Fraction.java,org.apache.commons.math3.fraction.Fraction,org.pitest.mutationtest.engine.gregor.mutators.RemoveConditionalMutator_ORDER_IF,getReducedFraction,630,SURVIVED,none
Fraction.java,org.apache.commons.math3.fraction.Fraction,org.pitest.mutationtest.engine.gregor.mutators.ReturnValsMutator,getReducedFraction,624,KILLED,org.apache.commons.math3.fraction.Fraction_ESTest.test10
Fraction.java,org.apache.commons.math3.fraction.Fraction,org.pitest.mutationtest.engine.gregor.mutators.ReturnValsMutator,getReducedFraction,643,KILLED,org.apache.commons.math3.fraction.Fraction_ESTest.test09
Fraction.java,org.apache.commons.math3.fraction.Fraction,org.pitest.mutationtest.engine.gregor.mutators.InlineConstantMutator,hashCode,385,SURVIVED,none
Fraction.java,org.apache.commons.math3.fraction.Fraction,org.pitest.mutationtest.engine.gregor.mutators.InlineConstantMutator,hashCode,385,SURVIVED,none
Fraction.java,org.apache.commons.math3.fraction.Fraction,org.pitest.mutationtest.engine.gregor.mutators.MathMutator,hashCode,385,SURVIVED,none
Fraction.java,org.apache.commons.math3.fraction.Fraction,org.pitest.mutationtest.engine.gregor.mutators.MathMutator,hashCode,385,SURVIVED,none
Fraction.java,org.apache.commons.math3.fraction.Fraction,org.pitest.mutationtest.engine.gregor.mutators.MathMutator,hashCode,385,SURVIVED,none
Fraction.java,org.apache.commons.math3.fraction.Fraction,org.pitest.mutationtest.engine.gregor.mutators.PrimitiveReturnsMutator,hashCode,385,SURVIVED,none
Fraction.java,org.apache.commons.math3.fraction.Fraction,org.pitest.mutationtest.engine.gregor.mutators.ReturnValsMutator,hashCode,385,SURVIVED,none
Fraction.java,org.apache.commons.math3.fraction.Fraction,org.pitest.mutationtest.engine.gregor.mutators.NonVoidMethodCallMutator,intValue,395,SURVIVED,none
Fraction.java,org.apache.commons.math3.fraction.Fraction,org.pitest.mutationtest.engine.gregor.mutators.PrimitiveReturnsMutator,intValue,395,SURVIVED,none
Fraction.java,org.apache.commons.math3.fraction.Fraction,org.pitest.mutationtest.engine.gregor.mutators.ReturnValsMutator,intValue,395,KILLED,org.apache.commons.math3.fraction.Fraction_ESTest.test48
Fraction.java,org.apache.commons.math3.fraction.Fraction,org.pitest.mutationtest.engine.gregor.mutators.NonVoidMethodCallMutator,longValue,405,KILLED,org.apache.commons.math3.fraction.Fraction_ESTest.test47
Fraction.java,org.apache.commons.math3.fraction.Fraction,org.pitest.mutationtest.engine.gregor.mutators.PrimitiveReturnsMutator,longValue,405,KILLED,org.apache.commons.math3.fraction.Fraction_ESTest.test47
Fraction.java,org.apache.commons.math3.fraction.Fraction,org.pitest.mutationtest.engine.gregor.mutators.ReturnValsMutator,longValue,405,KILLED,org.apache.commons.math3.fraction.Fraction_ESTest.test47
Fraction.java,org.apache.commons.math3.fraction.Fraction,org.pitest.mutationtest.engine.gregor.mutators.ArgumentPropagationMutator,multiply,562,KILLED,org.apache.commons.math3.fraction.Fraction_ESTest.test54
Fraction.java,org.apache.commons.math3.fraction.Fraction,org.pitest.mutationtest.engine.gregor.mutators.ConstructorCallMutator,multiply,562,KILLED,org.apache.commons.math3.fraction.Fraction_ESTest.test54
Fraction.java,org.apache.commons.math3.fraction.Fraction,org.pitest.mutationtest.engine.gregor.mutators.NonVoidMethodCallMutator,multiply,562,KILLED,org.apache.commons.math3.fraction.Fraction_ESTest.test54
Fraction.java,org.apache.commons.math3.fraction.Fraction,org.pitest.mutationtest.engine.gregor.mutators.NullReturnValsMutator,multiply,562,KILLED,org.apache.commons.math3.fraction.Fraction_ESTest.test31
Fraction.java,org.apache.commons.math3.fraction.Fraction,org.pitest.mutationtest.engine.gregor.mutators.ReturnValsMutator,multiply,562,KILLED,org.apache.commons.math3.fraction.Fraction_ESTest.test31
Fraction.java,org.apache.commons.math3.fraction.Fraction,org.pitest.mutationtest.engine.gregor.mutators.experimental.NakedReceiverMutator,multiply,562,KILLED,org.apache.commons.math3.fraction.Fraction_ESTest.test54
Fraction.java,org.apache.commons.math3.fraction.Fraction,org.pitest.mutationtest.engine.gregor.mutators.ArgumentPropagationMutator,multiply,549,KILLED,org.apache.commons.math3.fraction.Fraction_ESTest.test17
Fraction.java,org.apache.commons.math3.fraction.Fraction,org.pitest.mutationtest.engine.gregor.mutators.ArgumentPropagationMutator,multiply,550,KILLED,org.apache.commons.math3.fraction.Fraction_ESTest.test54
Fraction.java,org.apache.commons.math3.fraction.Fraction,org.pitest.mutationtest.engine.gregor.mutators.ArgumentPropagationMutator,multiply,551,KILLED,org.apache.commons.math3.fraction.Fraction_ESTest.test54
Fraction.java,org.apache.commons.math3.fraction.Fraction,org.pitest.mutationtest.engine.gregor.mutators.ArgumentPropagationMutator,multiply,551,KILLED,org.apache.commons.math3.fraction.Fraction_ESTest.test31
Fraction.java,org.apache.commons.math3.fraction.Fraction,org.pitest.mutationtest.engine.gregor.mutators.ConstructorCallMutator,multiply,542,KILLED,org.apache.commons.math3.fraction.Fraction_ESTest.test16
Fraction.java,org.apache.commons.math3.fraction.Fraction,org.pitest.mutationtest.engine.gregor.mutators.InlineConstantMutator,multiply,542,SURVIVED,none
Fraction.java,org.apache.commons.math3.fraction.Fraction,org.pitest.mutationtest.engine.gregor.mutators.MathMutator,multiply,551,KILLED,org.apache.commons.math3.fraction.Fraction_ESTest.test17
Fraction.java,org.apache.commons.math3.fraction.Fraction,org.pitest.mutationtest.engine.gregor.mutators.MathMutator,multiply,551,SURVIVED,none
Fraction.java,org.apache.commons.math3.fraction.Fraction,org.pitest.mutationtest.engine.gregor.mutators.MathMutator,multiply,551,SURVIVED,none
Fraction.java,org.apache.commons.math3.fraction.Fraction,org.pitest.mutationtest.engine.gregor.mutators.MathMutator,multiply,551,KILLED,org.apache.commons.math3.fraction.Fraction_ESTest.test17
Fraction.java,org.apache.commons.math3.fraction.Fraction,org.pitest.mutationtest.engine.gregor.mutators.NegateConditionalsMutator,multiply,541,KILLED,org.apache.commons.math3.fraction.Fraction_ESTest.test16
Fraction.java,org.apache.commons.math3.fraction.Fraction,org.pitest.mutationtest.engine.gregor.mutators.NegateConditionalsMutator,multiply,544,KILLED,org.apache.commons.math3.fraction.Fraction_ESTest.test54
Fraction.java,org.apache.commons.math3.fraction.Fraction,org.pitest.mutationtest.engine.gregor.mutators.NegateConditionalsMutator,multiply,544,KILLED,org.apache.commons.math3.fraction.Fraction_ESTest.test54
Fraction.java,org.apache.commons.math3.fraction.Fraction,org.pitest.mutationtest.engine.gregor.mutators.NonVoidMethodCallMutator,multiply,549,KILLED,org.apache.commons.math3.fraction.Fraction_ESTest.test54
Fraction.java,org.apache.commons.math3.fraction.Fraction,org.pitest.mutationtest.engine.gregor.mutators.NonVoidMethodCallMutator,multiply,550,KILLED,org.apache.commons.math3.fraction.Fraction_ESTest.test54
Fraction.java,org.apache.commons.math3.fraction.Fraction,org.pitest.mutationtest.engine.gregor.mutators.NonVoidMethodCallMutator,multiply,551,KILLED,org.apache.commons.math3.fraction.Fraction_ESTest.test54
Fraction.java,org.apache.commons.math3.fraction.Fraction,org.pitest.mutationtest.engine.gregor.mutators.NonVoidMethodCallMutator,multiply,551,KILLED,org.apache.commons.math3.fraction.Fraction_ESTest.test31
Fraction.java,org.apache.commons.math3.fraction.Fraction,org.pitest.mutationtest.engine.gregor.mutators.NonVoidMethodCallMutator,multiply,551,KILLED,org.apache.commons.math3.fraction.Fraction_ESTest.test31
Fraction.java,org.apache.commons.math3.fraction.Fraction,org.pitest.mutationtest.engine.gregor.mutators.NullReturnValsMutator,multiply,545,KILLED,org.apache.commons.math3.fraction.Fraction_ESTest.test14
Fraction.java,org.apache.commons.math3.fraction.Fraction,org.pitest.mutationtest.engine.gregor.mutators.NullReturnValsMutator,multiply,551,KILLED,org.apache.commons.math3.fraction.Fraction_ESTest.test31
Fraction.java,org.apache.commons.math3.fraction.Fraction,org.pitest.mutationtest.engine.gregor.mutators.RemoveConditionalMutator_EQUAL_ELSE,multiply,541,KILLED,org.apache.commons.math3.fraction.Fraction_ESTest.test16
Fraction.java,org.apache.commons.math3.fraction.Fraction,org.pitest.mutationtest.engine.gregor.mutators.RemoveConditionalMutator_EQUAL_ELSE,multiply,544,KILLED,org.apache.commons.math3.fraction.Fraction_ESTest.test54
Fraction.java,org.apache.commons.math3.fraction.Fraction,org.pitest.mutationtest.engine.gregor.mutators.RemoveConditionalMutator_EQUAL_ELSE,multiply,544,SURVIVED,none
Fraction.java,org.apache.commons.math3.fraction.Fraction,org.pitest.mutationtest.engine.gregor.mutators.RemoveConditionalMutator_EQUAL_IF,multiply,541,KILLED,org.apache.commons.math3.fraction.Fraction_ESTest.test54
Fraction.java,org.apache.commons.math3.fraction.Fraction,org.pitest.mutationtest.engine.gregor.mutators.RemoveConditionalMutator_EQUAL_IF,multiply,544,SURVIVED,none
Fraction.java,org.apache.commons.math3.fraction.Fraction,org.pitest.mutationtest.engine.gregor.mutators.RemoveConditionalMutator_EQUAL_IF,multiply,544,KILLED,org.apache.commons.math3.fraction.Fraction_ESTest.test54
Fraction.java,org.apache.commons.math3.fraction.Fraction,org.pitest.mutationtest.engine.gregor.mutators.ReturnValsMutator,multiply,545,KILLED,org.apache.commons.math3.fraction.Fraction_ESTest.test14
Fraction.java,org.apache.commons.math3.fraction.Fraction,org.pitest.mutationtest.engine.gregor.mutators.ReturnValsMutator,multiply,551,KILLED,org.apache.commons.math3.fraction.Fraction_ESTest.test31
Fraction.java,org.apache.commons.math3.fraction.Fraction,org.pitest.mutationtest.engine.gregor.mutators.ConstructorCallMutator,negate,414,KILLED,org.apache.commons.math3.fraction.Fraction_ESTest.test24
Fraction.java,org.apache.commons.math3.fraction.Fraction,org.pitest.mutationtest.engine.gregor.mutators.ConstructorCallMutator,negate,416,KILLED,org.apache.commons.math3.fraction.Fraction_ESTest.test22
Fraction.java,org.apache.commons.math3.fraction.Fraction,org.pitest.mutationtest.engine.gregor.mutators.InlineConstantMutator,negate,413,KILLED,org.apache.commons.math3.fraction.Fraction_ESTest.test24
Fraction.java,org.apache.commons.math3.fraction.Fraction,org.pitest.mutationtest.engine.gregor.mutators.InlineConstantMutator,negate,414,SURVIVED,none
Fraction.java,org.apache.commons.math3.fraction.Fraction,org.pitest.mutationtest.engine.gregor.mutators.InlineConstantMutator,negate,414,SURVIVED,none
Fraction.java,org.apache.commons.math3.fraction.Fraction,org.pitest.mutationtest.engine.gregor.mutators.InlineConstantMutator,negate,414,SURVIVED,none
Fraction.java,org.apache.commons.math3.fraction.Fraction,org.pitest.mutationtest.engine.gregor.mutators.InvertNegsMutator,negate,416,KILLED,org.apache.commons.math3.fraction.Fraction_ESTest.test22
Fraction.java,org.apache.commons.math3.fraction.Fraction,org.pitest.mutationtest.engine.gregor.mutators.NegateConditionalsMutator,negate,413,KILLED,org.apache.commons.math3.fraction.Fraction_ESTest.test24
Fraction.java,org.apache.commons.math3.fraction.Fraction,org.pitest.mutationtest.engine.gregor.mutators.NonVoidMethodCallMutator,negate,414,SURVIVED,none
Fraction.java,org.apache.commons.math3.fraction.Fraction,org.pitest.mutationtest.engine.gregor.mutators.NonVoidMethodCallMutator,negate,414,SURVIVED,none
Fraction.java,org.apache.commons.math3.fraction.Fraction,org.pitest.mutationtest.engine.gregor.mutators.NullReturnValsMutator,negate,416,KILLED,org.apache.commons.math3.fraction.Fraction_ESTest.test22
Fraction.java,org.apache.commons.math3.fraction.Fraction,org.pitest.mutationtest.engine.gregor.mutators.RemoveConditionalMutator_EQUAL_ELSE,negate,413,KILLED,org.apache.commons.math3.fraction.Fraction_ESTest.test24
Fraction.java,org.apache.commons.math3.fraction.Fraction,org.pitest.mutationtest.engine.gregor.mutators.RemoveConditionalMutator_EQUAL_IF,negate,413,KILLED,org.apache.commons.math3.fraction.Fraction_ESTest.test22
Fraction.java,org.apache.commons.math3.fraction.Fraction,org.pitest.mutationtest.engine.gregor.mutators.ReturnValsMutator,negate,416,KILLED,org.apache.commons.math3.fraction.Fraction_ESTest.test22
Fraction.java,org.apache.commons.math3.fraction.Fraction,org.pitest.mutationtest.engine.gregor.mutators.InlineConstantMutator,percentageValue,604,KILLED,org.apache.commons.math3.fraction.Fraction_ESTest.test44
Fraction.java,org.apache.commons.math3.fraction.Fraction,org.pitest.mutationtest.engine.gregor.mutators.MathMutator,percentageValue,604,KILLED,org.apache.commons.math3.fraction.Fraction_ESTest.test44
Fraction.java,org.apache.commons.math3.fraction.Fraction,org.pitest.mutationtest.engine.gregor.mutators.NonVoidMethodCallMutator,percentageValue,604,KILLED,org.apache.commons.math3.fraction.Fraction_ESTest.test44
Fraction.java,org.apache.commons.math3.fraction.Fraction,org.pitest.mutationtest.engine.gregor.mutators.PrimitiveReturnsMutator,percentageValue,604,KILLED,org.apache.commons.math3.fraction.Fraction_ESTest.test44
Fraction.java,org.apache.commons.math3.fraction.Fraction,org.pitest.mutationtest.engine.gregor.mutators.ReturnValsMutator,percentageValue,604,KILLED,org.apache.commons.math3.fraction.Fraction_ESTest.test44
Fraction.java,org.apache.commons.math3.fraction.Fraction,org.pitest.mutationtest.engine.gregor.mutators.ConstructorCallMutator,reciprocal,424,KILLED,org.apache.commons.math3.fraction.Fraction_ESTest.test17
Fraction.java,org.apache.commons.math3.fraction.Fraction,org.pitest.mutationtest.engine.gregor.mutators.NullReturnValsMutator,reciprocal,424,KILLED,org.apache.commons.math3.fraction.Fraction_ESTest.test17
Fraction.java,org.apache.commons.math3.fraction.Fraction,org.pitest.mutationtest.engine.gregor.mutators.ReturnValsMutator,reciprocal,424,KILLED,org.apache.commons.math3.fraction.Fraction_ESTest.test17
Fraction.java,org.apache.commons.math3.fraction.Fraction,org.pitest.mutationtest.engine.gregor.mutators.ConstructorCallMutator,subtract,470,KILLED,org.apache.commons.math3.fraction.Fraction_ESTest.test43
Fraction.java,org.apache.commons.math3.fraction.Fraction,org.pitest.mutationtest.engine.gregor.mutators.MathMutator,subtract,470,SURVIVED,none
Fraction.java,org.apache.commons.math3.fraction.Fraction,org.pitest.mutationtest.engine.gregor.mutators.MathMutator,subtract,470,KILLED,org.apache.commons.math3.fraction.Fraction_ESTest.test24
Fraction.java,org.apache.commons.math3.fraction.Fraction,org.pitest.mutationtest.engine.gregor.mutators.NullReturnValsMutator,subtract,470,KILLED,org.apache.commons.math3.fraction.Fraction_ESTest.test24
Fraction.java,org.apache.commons.math3.fraction.Fraction,org.pitest.mutationtest.engine.gregor.mutators.ReturnValsMutator,subtract,470,KILLED,org.apache.commons.math3.fraction.Fraction_ESTest.test24
Fraction.java,org.apache.commons.math3.fraction.Fraction,org.pitest.mutationtest.engine.gregor.mutators.ArgumentPropagationMutator,subtract,461,KILLED,org.apache.commons.math3.fraction.Fraction_ESTest.test51
Fraction.java,org.apache.commons.math3.fraction.Fraction,org.pitest.mutationtest.engine.gregor.mutators.InlineConstantMutator,subtract,461,KILLED,org.apache.commons.math3.fraction.Fraction_ESTest.test51
Fraction.java,org.apache.commons.math3.fraction.Fraction,org.pitest.mutationtest.engine.gregor.mutators.NonVoidMethodCallMutator,subtract,461,KILLED,org.apache.commons.math3.fraction.Fraction_ESTest.test51
Fraction.java,org.apache.commons.math3.fraction.Fraction,org.pitest.mutationtest.engine.gregor.mutators.NullReturnValsMutator,subtract,461,KILLED,org.apache.commons.math3.fraction.Fraction_ESTest.test51
Fraction.java,org.apache.commons.math3.fraction.Fraction,org.pitest.mutationtest.engine.gregor.mutators.ReturnValsMutator,subtract,461,KILLED,org.apache.commons.math3.fraction.Fraction_ESTest.test51
Fraction.java,org.apache.commons.math3.fraction.Fraction,org.pitest.mutationtest.engine.gregor.mutators.experimental.NakedReceiverMutator,subtract,461,KILLED,org.apache.commons.math3.fraction.Fraction_ESTest.test51
Fraction.java,org.apache.commons.math3.fraction.Fraction,org.pitest.mutationtest.engine.gregor.mutators.ConstructorCallMutator,toString,663,KILLED,org.apache.commons.math3.fraction.Fraction_ESTest.test06
Fraction.java,org.apache.commons.math3.fraction.Fraction,org.pitest.mutationtest.engine.gregor.mutators.EmptyObjectReturnValsMutator,toString,665,KILLED,org.apache.commons.math3.fraction.Fraction_ESTest.test06
Fraction.java,org.apache.commons.math3.fraction.Fraction,org.pitest.mutationtest.engine.gregor.mutators.InlineConstantMutator,toString,658,KILLED,org.apache.commons.math3.fraction.Fraction_ESTest.test05
Fraction.java,org.apache.commons.math3.fraction.Fraction,org.pitest.mutationtest.engine.gregor.mutators.NegateConditionalsMutator,toString,658,KILLED,org.apache.commons.math3.fraction.Fraction_ESTest.test06
Fraction.java,org.apache.commons.math3.fraction.Fraction,org.pitest.mutationtest.engine.gregor.mutators.NegateConditionalsMutator,toString,660,KILLED,org.apache.commons.math3.fraction.Fraction_ESTest.test06
Fraction.java,org.apache.commons.math3.fraction.Fraction,org.pitest.mutationtest.engine.gregor.mutators.NonVoidMethodCallMutator,toString,659,KILLED,org.apache.commons.math3.fraction.Fraction_ESTest.test05
Fraction.java,org.apache.commons.math3.fraction.Fraction,org.pitest.mutationtest.engine.gregor.mutators.NonVoidMethodCallMutator,toString,663,KILLED,org.apache.commons.math3.fraction.Fraction_ESTest.test06
Fraction.java,org.apache.commons.math3.fraction.Fraction,org.pitest.mutationtest.engine.gregor.mutators.NonVoidMethodCallMutator,toString,663,KILLED,org.apache.commons.math3.fraction.Fraction_ESTest.test06
Fraction.java,org.apache.commons.math3.fraction.Fraction,org.pitest.mutationtest.engine.gregor.mutators.NonVoidMethodCallMutator,toString,663,KILLED,org.apache.commons.math3.fraction.Fraction_ESTest.test06
Fraction.java,org.apache.commons.math3.fraction.Fraction,org.pitest.mutationtest.engine.gregor.mutators.NonVoidMethodCallMutator,toString,663,KILLED,org.apache.commons.math3.fraction.Fraction_ESTest.test06
Fraction.java,org.apache.commons.math3.fraction.Fraction,org.pitest.mutationtest.engine.gregor.mutators.RemoveConditionalMutator_EQUAL_ELSE,toString,658,KILLED,org.apache.commons.math3.fraction.Fraction_ESTest.test05
Fraction.java,org.apache.commons.math3.fraction.Fraction,org.pitest.mutationtest.engine.gregor.mutators.RemoveConditionalMutator_EQUAL_ELSE,toString,660,SURVIVED,none
Fraction.java,org.apache.commons.math3.fraction.Fraction,org.pitest.mutationtest.engine.gregor.mutators.RemoveConditionalMutator_EQUAL_IF,toString,658,KILLED,org.apache.commons.math3.fraction.Fraction_ESTest.test06
Fraction.java,org.apache.commons.math3.fraction.Fraction,org.pitest.mutationtest.engine.gregor.mutators.RemoveConditionalMutator_EQUAL_IF,toString,660,KILLED,org.apache.commons.math3.fraction.Fraction_ESTest.test06
Fraction.java,org.apache.commons.math3.fraction.Fraction,org.pitest.mutationtest.engine.gregor.mutators.ReturnValsMutator,toString,665,KILLED,org.apache.commons.math3.fraction.Fraction_ESTest.test06
Fraction.java,org.apache.commons.math3.fraction.Fraction,org.pitest.mutationtest.engine.gregor.mutators.experimental.NakedReceiverMutator,toString,663,KILLED,org.apache.commons.math3.fraction.Fraction_ESTest.test06
Fraction.java,org.apache.commons.math3.fraction.Fraction,org.pitest.mutationtest.engine.gregor.mutators.experimental.NakedReceiverMutator,toString,663,KILLED,org.apache.commons.math3.fraction.Fraction_ESTest.test06
Fraction.java,org.apache.commons.math3.fraction.Fraction,org.pitest.mutationtest.engine.gregor.mutators.experimental.NakedReceiverMutator,toString,663,KILLED,org.apache.commons.math3.fraction.Fraction_ESTest.test06
