Password.java,httpanalyzer.Password,org.pitest.mutationtest.engine.gregor.mutators.ConditionalsBoundaryMutator,crypt,228,KILLED,httpanalyzer.Password_ESTest.test6
Password.java,httpanalyzer.Password,org.pitest.mutationtest.engine.gregor.mutators.ConditionalsBoundaryMutator,crypt,228,KILLED,httpanalyzer.Password_ESTest.test4
Password.java,httpanalyzer.Password,org.pitest.mutationtest.engine.gregor.mutators.ConditionalsBoundaryMutator,crypt,229,KILLED,httpanalyzer.Password_ESTest.test4
Password.java,httpanalyzer.Password,org.pitest.mutationtest.engine.gregor.mutators.ConditionalsBoundaryMutator,crypt,236,SURVIVED,none
Password.java,httpanalyzer.Password,org.pitest.mutationtest.engine.gregor.mutators.ConditionalsBoundaryMutator,crypt,242,KILLED,httpanalyzer.Password_ESTest.test6
Password.java,httpanalyzer.Password,org.pitest.mutationtest.engine.gregor.mutators.ConditionalsBoundaryMutator,crypt,249,SURVIVED,none
Password.java,httpanalyzer.Password,org.pitest.mutationtest.engine.gregor.mutators.ConditionalsBoundaryMutator,crypt,254,SURVIVED,none
Password.java,httpanalyzer.Password,org.pitest.mutationtest.engine.gregor.mutators.ConditionalsBoundaryMutator,crypt,256,SURVIVED,none
Password.java,httpanalyzer.Password,org.pitest.mutationtest.engine.gregor.mutators.ConditionalsBoundaryMutator,crypt,262,SURVIVED,none
Password.java,httpanalyzer.Password,org.pitest.mutationtest.engine.gregor.mutators.ConditionalsBoundaryMutator,crypt,276,SURVIVED,none
Password.java,httpanalyzer.Password,org.pitest.mutationtest.engine.gregor.mutators.ConditionalsBoundaryMutator,crypt,283,NO_COVERAGE,none
Password.java,httpanalyzer.Password,org.pitest.mutationtest.engine.gregor.mutators.ConditionalsBoundaryMutator,crypt,287,NO_COVERAGE,none
Password.java,httpanalyzer.Password,org.pitest.mutationtest.engine.gregor.mutators.ConditionalsBoundaryMutator,crypt,293,NO_COVERAGE,none
Password.java,httpanalyzer.Password,org.pitest.mutationtest.engine.gregor.mutators.ConditionalsBoundaryMutator,crypt,297,NO_COVERAGE,none
Password.java,httpanalyzer.Password,org.pitest.mutationtest.engine.gregor.mutators.ConstructorCallMutator,crypt,303,NO_COVERAGE,none
Password.java,httpanalyzer.Password,org.pitest.mutationtest.engine.gregor.mutators.EmptyObjectReturnValsMutator,crypt,303,NO_COVERAGE,none
Password.java,httpanalyzer.Password,org.pitest.mutationtest.engine.gregor.mutators.IncrementsMutator,crypt,230,KILLED,httpanalyzer.Password_ESTest.test6
Password.java,httpanalyzer.Password,org.pitest.mutationtest.engine.gregor.mutators.IncrementsMutator,crypt,229,KILLED,httpanalyzer.Password_ESTest.test6
Password.java,httpanalyzer.Password,org.pitest.mutationtest.engine.gregor.mutators.IncrementsMutator,crypt,232,KILLED,httpanalyzer.Password_ESTest.test6
Password.java,httpanalyzer.Password,org.pitest.mutationtest.engine.gregor.mutators.IncrementsMutator,crypt,233,KILLED,httpanalyzer.Password_ESTest.test4
Password.java,httpanalyzer.Password,org.pitest.mutationtest.engine.gregor.mutators.IncrementsMutator,crypt,237,KILLED,httpanalyzer.Password_ESTest.test6
Password.java,httpanalyzer.Password,org.pitest.mutationtest.engine.gregor.mutators.IncrementsMutator,crypt,262,KILLED,httpanalyzer.Password_ESTest.test6
Password.java,httpanalyzer.Password,org.pitest.mutationtest.engine.gregor.mutators.IncrementsMutator,crypt,249,KILLED,httpanalyzer.Password_ESTest.test6
Password.java,httpanalyzer.Password,org.pitest.mutationtest.engine.gregor.mutators.IncrementsMutator,crypt,289,NO_COVERAGE,none
Password.java,httpanalyzer.Password,org.pitest.mutationtest.engine.gregor.mutators.IncrementsMutator,crypt,287,NO_COVERAGE,none
Password.java,httpanalyzer.Password,org.pitest.mutationtest.engine.gregor.mutators.IncrementsMutator,crypt,292,NO_COVERAGE,none
Password.java,httpanalyzer.Password,org.pitest.mutationtest.engine.gregor.mutators.IncrementsMutator,crypt,294,NO_COVERAGE,none
Password.java,httpanalyzer.Password,org.pitest.mutationtest.engine.gregor.mutators.IncrementsMutator,crypt,298,NO_COVERAGE,none
Password.java,httpanalyzer.Password,org.pitest.mutationtest.engine.gregor.mutators.IncrementsMutator,crypt,301,NO_COVERAGE,none
Password.java,httpanalyzer.Password,org.pitest.mutationtest.engine.gregor.mutators.InlineConstantMutator,crypt,222,SURVIVED,none
Password.java,httpanalyzer.Password,org.pitest.mutationtest.engine.gregor.mutators.InlineConstantMutator,crypt,223,SURVIVED,none
Password.java,httpanalyzer.Password,org.pitest.mutationtest.engine.gregor.mutators.InlineConstantMutator,crypt,225,SURVIVED,none
Password.java,httpanalyzer.Password,org.pitest.mutationtest.engine.gregor.mutators.InlineConstantMutator,crypt,226,SURVIVED,none
Password.java,httpanalyzer.Password,org.pitest.mutationtest.engine.gregor.mutators.InlineConstantMutator,crypt,228,KILLED,httpanalyzer.Password_ESTest.test4
Password.java,httpanalyzer.Password,org.pitest.mutationtest.engine.gregor.mutators.InlineConstantMutator,crypt,229,KILLED,httpanalyzer.Password_ESTest.test4
Password.java,httpanalyzer.Password,org.pitest.mutationtest.engine.gregor.mutators.InlineConstantMutator,crypt,230,SURVIVED,none
Password.java,httpanalyzer.Password,org.pitest.mutationtest.engine.gregor.mutators.InlineConstantMutator,crypt,233,SURVIVED,none
Password.java,httpanalyzer.Password,org.pitest.mutationtest.engine.gregor.mutators.InlineConstantMutator,crypt,236,SURVIVED,none
Password.java,httpanalyzer.Password,org.pitest.mutationtest.engine.gregor.mutators.InlineConstantMutator,crypt,237,SURVIVED,none
Password.java,httpanalyzer.Password,org.pitest.mutationtest.engine.gregor.mutators.InlineConstantMutator,crypt,242,SURVIVED,none
Password.java,httpanalyzer.Password,org.pitest.mutationtest.engine.gregor.mutators.InlineConstantMutator,crypt,242,KILLED,httpanalyzer.Password_ESTest.test6
Password.java,httpanalyzer.Password,org.pitest.mutationtest.engine.gregor.mutators.InlineConstantMutator,crypt,243,SURVIVED,none
Password.java,httpanalyzer.Password,org.pitest.mutationtest.engine.gregor.mutators.InlineConstantMutator,crypt,246,KILLED,httpanalyzer.Password_ESTest.test6
Password.java,httpanalyzer.Password,org.pitest.mutationtest.engine.gregor.mutators.InlineConstantMutator,crypt,246,KILLED,httpanalyzer.Password_ESTest.test6
Password.java,httpanalyzer.Password,org.pitest.mutationtest.engine.gregor.mutators.InlineConstantMutator,crypt,249,SURVIVED,none
Password.java,httpanalyzer.Password,org.pitest.mutationtest.engine.gregor.mutators.InlineConstantMutator,crypt,249,SURVIVED,none
Password.java,httpanalyzer.Password,org.pitest.mutationtest.engine.gregor.mutators.InlineConstantMutator,crypt,254,SURVIVED,none
Password.java,httpanalyzer.Password,org.pitest.mutationtest.engine.gregor.mutators.InlineConstantMutator,crypt,255,SURVIVED,none
Password.java,httpanalyzer.Password,org.pitest.mutationtest.engine.gregor.mutators.InlineConstantMutator,crypt,256,SURVIVED,none
Password.java,httpanalyzer.Password,org.pitest.mutationtest.engine.gregor.mutators.InlineConstantMutator,crypt,257,SURVIVED,none
Password.java,httpanalyzer.Password,org.pitest.mutationtest.engine.gregor.mutators.InlineConstantMutator,crypt,259,SURVIVED,none
Password.java,httpanalyzer.Password,org.pitest.mutationtest.engine.gregor.mutators.InlineConstantMutator,crypt,262,SURVIVED,none
Password.java,httpanalyzer.Password,org.pitest.mutationtest.engine.gregor.mutators.InlineConstantMutator,crypt,262,SURVIVED,none
Password.java,httpanalyzer.Password,org.pitest.mutationtest.engine.gregor.mutators.InlineConstantMutator,crypt,263,SURVIVED,none
Password.java,httpanalyzer.Password,org.pitest.mutationtest.engine.gregor.mutators.InlineConstantMutator,crypt,263,SURVIVED,none
Password.java,httpanalyzer.Password,org.pitest.mutationtest.engine.gregor.mutators.InlineConstantMutator,crypt,264,SURVIVED,none
Password.java,httpanalyzer.Password,org.pitest.mutationtest.engine.gregor.mutators.InlineConstantMutator,crypt,266,SURVIVED,none
Password.java,httpanalyzer.Password,org.pitest.mutationtest.engine.gregor.mutators.InlineConstantMutator,crypt,267,SURVIVED,none
Password.java,httpanalyzer.Password,org.pitest.mutationtest.engine.gregor.mutators.InlineConstantMutator,crypt,272,SURVIVED,none
Password.java,httpanalyzer.Password,org.pitest.mutationtest.engine.gregor.mutators.InlineConstantMutator,crypt,273,NO_COVERAGE,none
Password.java,httpanalyzer.Password,org.pitest.mutationtest.engine.gregor.mutators.InlineConstantMutator,crypt,273,NO_COVERAGE,none
Password.java,httpanalyzer.Password,org.pitest.mutationtest.engine.gregor.mutators.InlineConstantMutator,crypt,276,SURVIVED,none
Password.java,httpanalyzer.Password,org.pitest.mutationtest.engine.gregor.mutators.InlineConstantMutator,crypt,276,SURVIVED,none
Password.java,httpanalyzer.Password,org.pitest.mutationtest.engine.gregor.mutators.InlineConstantMutator,crypt,277,SURVIVED,none
Password.java,httpanalyzer.Password,org.pitest.mutationtest.engine.gregor.mutators.InlineConstantMutator,crypt,281,NO_COVERAGE,none
Password.java,httpanalyzer.Password,org.pitest.mutationtest.engine.gregor.mutators.InlineConstantMutator,crypt,282,NO_COVERAGE,none
Password.java,httpanalyzer.Password,org.pitest.mutationtest.engine.gregor.mutators.InlineConstantMutator,crypt,283,NO_COVERAGE,none
Password.java,httpanalyzer.Password,org.pitest.mutationtest.engine.gregor.mutators.InlineConstantMutator,crypt,284,NO_COVERAGE,none
Password.java,httpanalyzer.Password,org.pitest.mutationtest.engine.gregor.mutators.InlineConstantMutator,crypt,287,NO_COVERAGE,none
Password.java,httpanalyzer.Password,org.pitest.mutationtest.engine.gregor.mutators.InlineConstantMutator,crypt,288,NO_COVERAGE,none
Password.java,httpanalyzer.Password,org.pitest.mutationtest.engine.gregor.mutators.InlineConstantMutator,crypt,293,NO_COVERAGE,none
Password.java,httpanalyzer.Password,org.pitest.mutationtest.engine.gregor.mutators.InlineConstantMutator,crypt,297,NO_COVERAGE,none
Password.java,httpanalyzer.Password,org.pitest.mutationtest.engine.gregor.mutators.MathMutator,crypt,230,SURVIVED,none
Password.java,httpanalyzer.Password,org.pitest.mutationtest.engine.gregor.mutators.MathMutator,crypt,230,KILLED,httpanalyzer.Password_ESTest.test6
Password.java,httpanalyzer.Password,org.pitest.mutationtest.engine.gregor.mutators.MathMutator,crypt,255,SURVIVED,none
Password.java,httpanalyzer.Password,org.pitest.mutationtest.engine.gregor.mutators.MathMutator,crypt,257,SURVIVED,none
Password.java,httpanalyzer.Password,org.pitest.mutationtest.engine.gregor.mutators.MathMutator,crypt,259,SURVIVED,none
Password.java,httpanalyzer.Password,org.pitest.mutationtest.engine.gregor.mutators.MathMutator,crypt,263,SURVIVED,none
Password.java,httpanalyzer.Password,org.pitest.mutationtest.engine.gregor.mutators.MathMutator,crypt,263,SURVIVED,none
Password.java,httpanalyzer.Password,org.pitest.mutationtest.engine.gregor.mutators.MathMutator,crypt,264,KILLED,httpanalyzer.Password_ESTest.test6
Password.java,httpanalyzer.Password,org.pitest.mutationtest.engine.gregor.mutators.MathMutator,crypt,264,KILLED,httpanalyzer.Password_ESTest.test6
Password.java,httpanalyzer.Password,org.pitest.mutationtest.engine.gregor.mutators.MathMutator,crypt,266,KILLED,httpanalyzer.Password_ESTest.test6
Password.java,httpanalyzer.Password,org.pitest.mutationtest.engine.gregor.mutators.MathMutator,crypt,267,KILLED,httpanalyzer.Password_ESTest.test6
Password.java,httpanalyzer.Password,org.pitest.mutationtest.engine.gregor.mutators.MathMutator,crypt,288,NO_COVERAGE,none
Password.java,httpanalyzer.Password,org.pitest.mutationtest.engine.gregor.mutators.MathMutator,crypt,289,NO_COVERAGE,none
Password.java,httpanalyzer.Password,org.pitest.mutationtest.engine.gregor.mutators.NegateConditionalsMutator,crypt,228,SURVIVED,none
Password.java,httpanalyzer.Password,org.pitest.mutationtest.engine.gregor.mutators.NegateConditionalsMutator,crypt,228,SURVIVED,none
Password.java,httpanalyzer.Password,org.pitest.mutationtest.engine.gregor.mutators.NegateConditionalsMutator,crypt,229,SURVIVED,none
Password.java,httpanalyzer.Password,org.pitest.mutationtest.engine.gregor.mutators.NegateConditionalsMutator,crypt,236,KILLED,httpanalyzer.Password_ESTest.test4
Password.java,httpanalyzer.Password,org.pitest.mutationtest.engine.gregor.mutators.NegateConditionalsMutator,crypt,242,SURVIVED,none
Password.java,httpanalyzer.Password,org.pitest.mutationtest.engine.gregor.mutators.NegateConditionalsMutator,crypt,249,KILLED,httpanalyzer.Password_ESTest.test2
Password.java,httpanalyzer.Password,org.pitest.mutationtest.engine.gregor.mutators.NegateConditionalsMutator,crypt,254,SURVIVED,none
Password.java,httpanalyzer.Password,org.pitest.mutationtest.engine.gregor.mutators.NegateConditionalsMutator,crypt,256,SURVIVED,none
Password.java,httpanalyzer.Password,org.pitest.mutationtest.engine.gregor.mutators.NegateConditionalsMutator,crypt,262,SURVIVED,none
Password.java,httpanalyzer.Password,org.pitest.mutationtest.engine.gregor.mutators.NegateConditionalsMutator,crypt,263,SURVIVED,none
Password.java,httpanalyzer.Password,org.pitest.mutationtest.engine.gregor.mutators.NegateConditionalsMutator,crypt,272,SURVIVED,none
Password.java,httpanalyzer.Password,org.pitest.mutationtest.engine.gregor.mutators.NegateConditionalsMutator,crypt,276,SURVIVED,none
Password.java,httpanalyzer.Password,org.pitest.mutationtest.engine.gregor.mutators.NegateConditionalsMutator,crypt,283,NO_COVERAGE,none
Password.java,httpanalyzer.Password,org.pitest.mutationtest.engine.gregor.mutators.NegateConditionalsMutator,crypt,287,NO_COVERAGE,none
Password.java,httpanalyzer.Password,org.pitest.mutationtest.engine.gregor.mutators.NegateConditionalsMutator,crypt,293,NO_COVERAGE,none
Password.java,httpanalyzer.Password,org.pitest.mutationtest.engine.gregor.mutators.NegateConditionalsMutator,crypt,297,NO_COVERAGE,none
Password.java,httpanalyzer.Password,org.pitest.mutationtest.engine.gregor.mutators.NonVoidMethodCallMutator,crypt,220,KILLED,httpanalyzer.Password_ESTest.test2
Password.java,httpanalyzer.Password,org.pitest.mutationtest.engine.gregor.mutators.NonVoidMethodCallMutator,crypt,221,KILLED,httpanalyzer.Password_ESTest.test2
Password.java,httpanalyzer.Password,org.pitest.mutationtest.engine.gregor.mutators.RemoveConditionalMutator_EQUAL_ELSE,crypt,263,SURVIVED,none
Password.java,httpanalyzer.Password,org.pitest.mutationtest.engine.gregor.mutators.RemoveConditionalMutator_EQUAL_ELSE,crypt,272,SURVIVED,none
Password.java,httpanalyzer.Password,org.pitest.mutationtest.engine.gregor.mutators.RemoveConditionalMutator_EQUAL_IF,crypt,263,SURVIVED,none
Password.java,httpanalyzer.Password,org.pitest.mutationtest.engine.gregor.mutators.RemoveConditionalMutator_EQUAL_IF,crypt,272,SURVIVED,none
Password.java,httpanalyzer.Password,org.pitest.mutationtest.engine.gregor.mutators.RemoveConditionalMutator_ORDER_ELSE,crypt,228,SURVIVED,none
Password.java,httpanalyzer.Password,org.pitest.mutationtest.engine.gregor.mutators.RemoveConditionalMutator_ORDER_ELSE,crypt,228,SURVIVED,none
Password.java,httpanalyzer.Password,org.pitest.mutationtest.engine.gregor.mutators.RemoveConditionalMutator_ORDER_ELSE,crypt,229,SURVIVED,none
Password.java,httpanalyzer.Password,org.pitest.mutationtest.engine.gregor.mutators.RemoveConditionalMutator_ORDER_ELSE,crypt,236,SURVIVED,none
Password.java,httpanalyzer.Password,org.pitest.mutationtest.engine.gregor.mutators.RemoveConditionalMutator_ORDER_ELSE,crypt,242,SURVIVED,none
Password.java,httpanalyzer.Password,org.pitest.mutationtest.engine.gregor.mutators.RemoveConditionalMutator_ORDER_ELSE,crypt,249,KILLED,httpanalyzer.Password_ESTest.test2
Password.java,httpanalyzer.Password,org.pitest.mutationtest.engine.gregor.mutators.RemoveConditionalMutator_ORDER_ELSE,crypt,254,SURVIVED,none
Password.java,httpanalyzer.Password,org.pitest.mutationtest.engine.gregor.mutators.RemoveConditionalMutator_ORDER_ELSE,crypt,256,SURVIVED,none
Password.java,httpanalyzer.Password,org.pitest.mutationtest.engine.gregor.mutators.RemoveConditionalMutator_ORDER_ELSE,crypt,262,SURVIVED,none
Password.java,httpanalyzer.Password,org.pitest.mutationtest.engine.gregor.mutators.RemoveConditionalMutator_ORDER_ELSE,crypt,276,SURVIVED,none
Password.java,httpanalyzer.Password,org.pitest.mutationtest.engine.gregor.mutators.RemoveConditionalMutator_ORDER_ELSE,crypt,283,NO_COVERAGE,none
Password.java,httpanalyzer.Password,org.pitest.mutationtest.engine.gregor.mutators.RemoveConditionalMutator_ORDER_ELSE,crypt,287,NO_COVERAGE,none
Password.java,httpanalyzer.Password,org.pitest.mutationtest.engine.gregor.mutators.RemoveConditionalMutator_ORDER_ELSE,crypt,293,NO_COVERAGE,none
Password.java,httpanalyzer.Password,org.pitest.mutationtest.engine.gregor.mutators.RemoveConditionalMutator_ORDER_ELSE,crypt,297,NO_COVERAGE,none
Password.java,httpanalyzer.Password,org.pitest.mutationtest.engine.gregor.mutators.RemoveConditionalMutator_ORDER_IF,crypt,228,KILLED,httpanalyzer.Password_ESTest.test6
Password.java,httpanalyzer.Password,org.pitest.mutationtest.engine.gregor.mutators.RemoveConditionalMutator_ORDER_IF,crypt,228,KILLED,httpanalyzer.Password_ESTest.test4
Password.java,httpanalyzer.Password,org.pitest.mutationtest.engine.gregor.mutators.RemoveConditionalMutator_ORDER_IF,crypt,229,KILLED,httpanalyzer.Password_ESTest.test6
Password.java,httpanalyzer.Password,org.pitest.mutationtest.engine.gregor.mutators.RemoveConditionalMutator_ORDER_IF,crypt,236,KILLED,httpanalyzer.Password_ESTest.test6
Password.java,httpanalyzer.Password,org.pitest.mutationtest.engine.gregor.mutators.RemoveConditionalMutator_ORDER_IF,crypt,242,KILLED,httpanalyzer.Password_ESTest.test6
Password.java,httpanalyzer.Password,org.pitest.mutationtest.engine.gregor.mutators.RemoveConditionalMutator_ORDER_IF,crypt,249,KILLED,httpanalyzer.Password_ESTest.test6
Password.java,httpanalyzer.Password,org.pitest.mutationtest.engine.gregor.mutators.RemoveConditionalMutator_ORDER_IF,crypt,254,SURVIVED,none
Password.java,httpanalyzer.Password,org.pitest.mutationtest.engine.gregor.mutators.RemoveConditionalMutator_ORDER_IF,crypt,256,SURVIVED,none
Password.java,httpanalyzer.Password,org.pitest.mutationtest.engine.gregor.mutators.RemoveConditionalMutator_ORDER_IF,crypt,262,KILLED,httpanalyzer.Password_ESTest.test6
Password.java,httpanalyzer.Password,org.pitest.mutationtest.engine.gregor.mutators.RemoveConditionalMutator_ORDER_IF,crypt,276,KILLED,httpanalyzer.Password_ESTest.test6
Password.java,httpanalyzer.Password,org.pitest.mutationtest.engine.gregor.mutators.RemoveConditionalMutator_ORDER_IF,crypt,283,NO_COVERAGE,none
Password.java,httpanalyzer.Password,org.pitest.mutationtest.engine.gregor.mutators.RemoveConditionalMutator_ORDER_IF,crypt,287,NO_COVERAGE,none
Password.java,httpanalyzer.Password,org.pitest.mutationtest.engine.gregor.mutators.RemoveConditionalMutator_ORDER_IF,crypt,293,NO_COVERAGE,none
Password.java,httpanalyzer.Password,org.pitest.mutationtest.engine.gregor.mutators.RemoveConditionalMutator_ORDER_IF,crypt,297,NO_COVERAGE,none
Password.java,httpanalyzer.Password,org.pitest.mutationtest.engine.gregor.mutators.ReturnValsMutator,crypt,303,NO_COVERAGE,none
Password.java,httpanalyzer.Password,org.pitest.mutationtest.engine.gregor.mutators.VoidMethodCallMutator,crypt,240,SURVIVED,none
Password.java,httpanalyzer.Password,org.pitest.mutationtest.engine.gregor.mutators.VoidMethodCallMutator,crypt,246,KILLED,httpanalyzer.Password_ESTest.test6
Password.java,httpanalyzer.Password,org.pitest.mutationtest.engine.gregor.mutators.VoidMethodCallMutator,crypt,277,SURVIVED,none
Password.java,httpanalyzer.Password,org.pitest.mutationtest.engine.gregor.mutators.experimental.RemoveIncrementsMutator,crypt,230,SURVIVED,none
Password.java,httpanalyzer.Password,org.pitest.mutationtest.engine.gregor.mutators.experimental.RemoveIncrementsMutator,crypt,229,KILLED,httpanalyzer.Password_ESTest.test6
Password.java,httpanalyzer.Password,org.pitest.mutationtest.engine.gregor.mutators.experimental.RemoveIncrementsMutator,crypt,233,KILLED,httpanalyzer.Password_ESTest.test4
Password.java,httpanalyzer.Password,org.pitest.mutationtest.engine.gregor.mutators.experimental.RemoveIncrementsMutator,crypt,237,TIMED_OUT,none
Password.java,httpanalyzer.Password,org.pitest.mutationtest.engine.gregor.mutators.experimental.RemoveIncrementsMutator,crypt,249,KILLED,httpanalyzer.Password_ESTest.test6
Password.java,httpanalyzer.Password,org.pitest.mutationtest.engine.gregor.mutators.experimental.RemoveIncrementsMutator,crypt,289,NO_COVERAGE,none
Password.java,httpanalyzer.Password,org.pitest.mutationtest.engine.gregor.mutators.experimental.RemoveIncrementsMutator,crypt,287,NO_COVERAGE,none
Password.java,httpanalyzer.Password,org.pitest.mutationtest.engine.gregor.mutators.experimental.RemoveIncrementsMutator,crypt,292,NO_COVERAGE,none
Password.java,httpanalyzer.Password,org.pitest.mutationtest.engine.gregor.mutators.experimental.RemoveIncrementsMutator,crypt,294,NO_COVERAGE,none
Password.java,httpanalyzer.Password,org.pitest.mutationtest.engine.gregor.mutators.experimental.RemoveIncrementsMutator,crypt,298,NO_COVERAGE,none
Password.java,httpanalyzer.Password,org.pitest.mutationtest.engine.gregor.mutators.experimental.RemoveIncrementsMutator,crypt,301,NO_COVERAGE,none
Password.java,httpanalyzer.Password,org.pitest.mutationtest.engine.gregor.mutators.InlineConstantMutator,definekey,181,SURVIVED,none
Password.java,httpanalyzer.Password,org.pitest.mutationtest.engine.gregor.mutators.InlineConstantMutator,definekey,181,KILLED,httpanalyzer.Password_ESTest.test6
Password.java,httpanalyzer.Password,org.pitest.mutationtest.engine.gregor.mutators.InlineConstantMutator,definekey,182,KILLED,httpanalyzer.Password_ESTest.test6
Password.java,httpanalyzer.Password,org.pitest.mutationtest.engine.gregor.mutators.VoidMethodCallMutator,definekey,181,SURVIVED,none
Password.java,httpanalyzer.Password,org.pitest.mutationtest.engine.gregor.mutators.VoidMethodCallMutator,definekey,182,SURVIVED,none
Password.java,httpanalyzer.Password,org.pitest.mutationtest.engine.gregor.mutators.ConditionalsBoundaryMutator,encrypt,190,SURVIVED,none
Password.java,httpanalyzer.Password,org.pitest.mutationtest.engine.gregor.mutators.ConditionalsBoundaryMutator,encrypt,191,SURVIVED,none
Password.java,httpanalyzer.Password,org.pitest.mutationtest.engine.gregor.mutators.ConditionalsBoundaryMutator,encrypt,196,SURVIVED,none
Password.java,httpanalyzer.Password,org.pitest.mutationtest.engine.gregor.mutators.ConditionalsBoundaryMutator,encrypt,201,SURVIVED,none
Password.java,httpanalyzer.Password,org.pitest.mutationtest.engine.gregor.mutators.IncrementsMutator,encrypt,196,KILLED,httpanalyzer.Password_ESTest.test6
Password.java,httpanalyzer.Password,org.pitest.mutationtest.engine.gregor.mutators.IncrementsMutator,encrypt,201,KILLED,httpanalyzer.Password_ESTest.test6
Password.java,httpanalyzer.Password,org.pitest.mutationtest.engine.gregor.mutators.IncrementsMutator,encrypt,190,KILLED,httpanalyzer.Password_ESTest.test6
Password.java,httpanalyzer.Password,org.pitest.mutationtest.engine.gregor.mutators.InlineConstantMutator,encrypt,188,KILLED,httpanalyzer.Password_ESTest.test6
Password.java,httpanalyzer.Password,org.pitest.mutationtest.engine.gregor.mutators.InlineConstantMutator,encrypt,190,KILLED,httpanalyzer.Password_ESTest.test6
Password.java,httpanalyzer.Password,org.pitest.mutationtest.engine.gregor.mutators.InlineConstantMutator,encrypt,191,KILLED,httpanalyzer.Password_ESTest.test6
Password.java,httpanalyzer.Password,org.pitest.mutationtest.engine.gregor.mutators.InlineConstantMutator,encrypt,192,SURVIVED,none
Password.java,httpanalyzer.Password,org.pitest.mutationtest.engine.gregor.mutators.InlineConstantMutator,encrypt,193,SURVIVED,none
Password.java,httpanalyzer.Password,org.pitest.mutationtest.engine.gregor.mutators.InlineConstantMutator,encrypt,193,KILLED,httpanalyzer.Password_ESTest.test6
Password.java,httpanalyzer.Password,org.pitest.mutationtest.engine.gregor.mutators.InlineConstantMutator,encrypt,194,SURVIVED,none
Password.java,httpanalyzer.Password,org.pitest.mutationtest.engine.gregor.mutators.InlineConstantMutator,encrypt,196,KILLED,httpanalyzer.Password_ESTest.test6
Password.java,httpanalyzer.Password,org.pitest.mutationtest.engine.gregor.mutators.InlineConstantMutator,encrypt,197,KILLED,httpanalyzer.Password_ESTest.test6
Password.java,httpanalyzer.Password,org.pitest.mutationtest.engine.gregor.mutators.InlineConstantMutator,encrypt,201,SURVIVED,none
Password.java,httpanalyzer.Password,org.pitest.mutationtest.engine.gregor.mutators.InlineConstantMutator,encrypt,202,SURVIVED,none
Password.java,httpanalyzer.Password,org.pitest.mutationtest.engine.gregor.mutators.InlineConstantMutator,encrypt,206,KILLED,httpanalyzer.Password_ESTest.test6
Password.java,httpanalyzer.Password,org.pitest.mutationtest.engine.gregor.mutators.InlineConstantMutator,encrypt,207,KILLED,httpanalyzer.Password_ESTest.test6
Password.java,httpanalyzer.Password,org.pitest.mutationtest.engine.gregor.mutators.MathMutator,encrypt,191,KILLED,httpanalyzer.Password_ESTest.test6
Password.java,httpanalyzer.Password,org.pitest.mutationtest.engine.gregor.mutators.MathMutator,encrypt,197,KILLED,httpanalyzer.Password_ESTest.test6
Password.java,httpanalyzer.Password,org.pitest.mutationtest.engine.gregor.mutators.MathMutator,encrypt,202,KILLED,httpanalyzer.Password_ESTest.test6
Password.java,httpanalyzer.Password,org.pitest.mutationtest.engine.gregor.mutators.MathMutator,encrypt,202,SURVIVED,none
Password.java,httpanalyzer.Password,org.pitest.mutationtest.engine.gregor.mutators.NegateConditionalsMutator,encrypt,190,SURVIVED,none
Password.java,httpanalyzer.Password,org.pitest.mutationtest.engine.gregor.mutators.NegateConditionalsMutator,encrypt,191,SURVIVED,none
Password.java,httpanalyzer.Password,org.pitest.mutationtest.engine.gregor.mutators.NegateConditionalsMutator,encrypt,196,SURVIVED,none
Password.java,httpanalyzer.Password,org.pitest.mutationtest.engine.gregor.mutators.NegateConditionalsMutator,encrypt,201,SURVIVED,none
Password.java,httpanalyzer.Password,org.pitest.mutationtest.engine.gregor.mutators.RemoveConditionalMutator_ORDER_ELSE,encrypt,190,SURVIVED,none
Password.java,httpanalyzer.Password,org.pitest.mutationtest.engine.gregor.mutators.RemoveConditionalMutator_ORDER_ELSE,encrypt,191,SURVIVED,none
Password.java,httpanalyzer.Password,org.pitest.mutationtest.engine.gregor.mutators.RemoveConditionalMutator_ORDER_ELSE,encrypt,196,SURVIVED,none
Password.java,httpanalyzer.Password,org.pitest.mutationtest.engine.gregor.mutators.RemoveConditionalMutator_ORDER_ELSE,encrypt,201,SURVIVED,none
Password.java,httpanalyzer.Password,org.pitest.mutationtest.engine.gregor.mutators.RemoveConditionalMutator_ORDER_IF,encrypt,190,KILLED,httpanalyzer.Password_ESTest.test6
Password.java,httpanalyzer.Password,org.pitest.mutationtest.engine.gregor.mutators.RemoveConditionalMutator_ORDER_IF,encrypt,191,SURVIVED,none
Password.java,httpanalyzer.Password,org.pitest.mutationtest.engine.gregor.mutators.RemoveConditionalMutator_ORDER_IF,encrypt,196,KILLED,httpanalyzer.Password_ESTest.test6
Password.java,httpanalyzer.Password,org.pitest.mutationtest.engine.gregor.mutators.RemoveConditionalMutator_ORDER_IF,encrypt,201,KILLED,httpanalyzer.Password_ESTest.test6
Password.java,httpanalyzer.Password,org.pitest.mutationtest.engine.gregor.mutators.VoidMethodCallMutator,encrypt,188,SURVIVED,none
Password.java,httpanalyzer.Password,org.pitest.mutationtest.engine.gregor.mutators.VoidMethodCallMutator,encrypt,193,SURVIVED,none
Password.java,httpanalyzer.Password,org.pitest.mutationtest.engine.gregor.mutators.VoidMethodCallMutator,encrypt,200,SURVIVED,none
Password.java,httpanalyzer.Password,org.pitest.mutationtest.engine.gregor.mutators.VoidMethodCallMutator,encrypt,206,SURVIVED,none
Password.java,httpanalyzer.Password,org.pitest.mutationtest.engine.gregor.mutators.VoidMethodCallMutator,encrypt,207,SURVIVED,none
Password.java,httpanalyzer.Password,org.pitest.mutationtest.engine.gregor.mutators.experimental.RemoveIncrementsMutator,encrypt,196,TIMED_OUT,none
Password.java,httpanalyzer.Password,org.pitest.mutationtest.engine.gregor.mutators.experimental.RemoveIncrementsMutator,encrypt,201,KILLED,httpanalyzer.Password_ESTest.test6
Password.java,httpanalyzer.Password,org.pitest.mutationtest.engine.gregor.mutators.experimental.RemoveIncrementsMutator,encrypt,190,TIMED_OUT,none
Password.java,httpanalyzer.Password,org.pitest.mutationtest.engine.gregor.mutators.ConditionalsBoundaryMutator,f,150,SURVIVED,none
Password.java,httpanalyzer.Password,org.pitest.mutationtest.engine.gregor.mutators.ConditionalsBoundaryMutator,f,157,SURVIVED,none
Password.java,httpanalyzer.Password,org.pitest.mutationtest.engine.gregor.mutators.ConditionalsBoundaryMutator,f,161,KILLED,httpanalyzer.Password_ESTest.test6
Password.java,httpanalyzer.Password,org.pitest.mutationtest.engine.gregor.mutators.IncrementsMutator,f,150,TIMED_OUT,none
Password.java,httpanalyzer.Password,org.pitest.mutationtest.engine.gregor.mutators.IncrementsMutator,f,161,KILLED,httpanalyzer.Password_ESTest.test6
Password.java,httpanalyzer.Password,org.pitest.mutationtest.engine.gregor.mutators.InlineConstantMutator,f,143,SURVIVED,none
Password.java,httpanalyzer.Password,org.pitest.mutationtest.engine.gregor.mutators.InlineConstantMutator,f,144,KILLED,httpanalyzer.Password_ESTest.test6
Password.java,httpanalyzer.Password,org.pitest.mutationtest.engine.gregor.mutators.InlineConstantMutator,f,145,SURVIVED,none
Password.java,httpanalyzer.Password,org.pitest.mutationtest.engine.gregor.mutators.InlineConstantMutator,f,147,SURVIVED,none
Password.java,httpanalyzer.Password,org.pitest.mutationtest.engine.gregor.mutators.InlineConstantMutator,f,147,KILLED,httpanalyzer.Password_ESTest.test6
Password.java,httpanalyzer.Password,org.pitest.mutationtest.engine.gregor.mutators.InlineConstantMutator,f,148,KILLED,httpanalyzer.Password_ESTest.test6
Password.java,httpanalyzer.Password,org.pitest.mutationtest.engine.gregor.mutators.InlineConstantMutator,f,154,KILLED,httpanalyzer.Password_ESTest.test6
Password.java,httpanalyzer.Password,org.pitest.mutationtest.engine.gregor.mutators.InlineConstantMutator,f,154,KILLED,httpanalyzer.Password_ESTest.test6
Password.java,httpanalyzer.Password,org.pitest.mutationtest.engine.gregor.mutators.InlineConstantMutator,f,155,KILLED,httpanalyzer.Password_ESTest.test6
Password.java,httpanalyzer.Password,org.pitest.mutationtest.engine.gregor.mutators.InlineConstantMutator,f,157,SURVIVED,none
Password.java,httpanalyzer.Password,org.pitest.mutationtest.engine.gregor.mutators.InlineConstantMutator,f,157,SURVIVED,none
Password.java,httpanalyzer.Password,org.pitest.mutationtest.engine.gregor.mutators.InlineConstantMutator,f,161,SURVIVED,none
Password.java,httpanalyzer.Password,org.pitest.mutationtest.engine.gregor.mutators.InlineConstantMutator,f,161,KILLED,httpanalyzer.Password_ESTest.test6
Password.java,httpanalyzer.Password,org.pitest.mutationtest.engine.gregor.mutators.InlineConstantMutator,f,162,KILLED,httpanalyzer.Password_ESTest.test6
Password.java,httpanalyzer.Password,org.pitest.mutationtest.engine.gregor.mutators.InlineConstantMutator,f,163,KILLED,httpanalyzer.Password_ESTest.test6
Password.java,httpanalyzer.Password,org.pitest.mutationtest.engine.gregor.mutators.InlineConstantMutator,f,163,SURVIVED,none
Password.java,httpanalyzer.Password,org.pitest.mutationtest.engine.gregor.mutators.InlineConstantMutator,f,163,KILLED,httpanalyzer.Password_ESTest.test6
Password.java,httpanalyzer.Password,org.pitest.mutationtest.engine.gregor.mutators.InlineConstantMutator,f,163,KILLED,httpanalyzer.Password_ESTest.test6
Password.java,httpanalyzer.Password,org.pitest.mutationtest.engine.gregor.mutators.InlineConstantMutator,f,163,SURVIVED,none
Password.java,httpanalyzer.Password,org.pitest.mutationtest.engine.gregor.mutators.InlineConstantMutator,f,163,SURVIVED,none
Password.java,httpanalyzer.Password,org.pitest.mutationtest.engine.gregor.mutators.InlineConstantMutator,f,163,KILLED,httpanalyzer.Password_ESTest.test6
Password.java,httpanalyzer.Password,org.pitest.mutationtest.engine.gregor.mutators.InlineConstantMutator,f,163,SURVIVED,none
Password.java,httpanalyzer.Password,org.pitest.mutationtest.engine.gregor.mutators.InlineConstantMutator,f,163,SURVIVED,none
Password.java,httpanalyzer.Password,org.pitest.mutationtest.engine.gregor.mutators.InlineConstantMutator,f,163,KILLED,httpanalyzer.Password_ESTest.test6
Password.java,httpanalyzer.Password,org.pitest.mutationtest.engine.gregor.mutators.InlineConstantMutator,f,163,SURVIVED,none
Password.java,httpanalyzer.Password,org.pitest.mutationtest.engine.gregor.mutators.InlineConstantMutator,f,163,SURVIVED,none
Password.java,httpanalyzer.Password,org.pitest.mutationtest.engine.gregor.mutators.InlineConstantMutator,f,163,SURVIVED,none
Password.java,httpanalyzer.Password,org.pitest.mutationtest.engine.gregor.mutators.InlineConstantMutator,f,163,SURVIVED,none
Password.java,httpanalyzer.Password,org.pitest.mutationtest.engine.gregor.mutators.InlineConstantMutator,f,163,KILLED,httpanalyzer.Password_ESTest.test6
Password.java,httpanalyzer.Password,org.pitest.mutationtest.engine.gregor.mutators.InlineConstantMutator,f,163,SURVIVED,none
Password.java,httpanalyzer.Password,org.pitest.mutationtest.engine.gregor.mutators.InlineConstantMutator,f,163,SURVIVED,none
Password.java,httpanalyzer.Password,org.pitest.mutationtest.engine.gregor.mutators.InlineConstantMutator,f,172,SURVIVED,none
Password.java,httpanalyzer.Password,org.pitest.mutationtest.engine.gregor.mutators.InlineConstantMutator,f,172,KILLED,httpanalyzer.Password_ESTest.test6
Password.java,httpanalyzer.Password,org.pitest.mutationtest.engine.gregor.mutators.InlineConstantMutator,f,172,SURVIVED,none
Password.java,httpanalyzer.Password,org.pitest.mutationtest.engine.gregor.mutators.InlineConstantMutator,f,172,SURVIVED,none
Password.java,httpanalyzer.Password,org.pitest.mutationtest.engine.gregor.mutators.InlineConstantMutator,f,173,SURVIVED,none
Password.java,httpanalyzer.Password,org.pitest.mutationtest.engine.gregor.mutators.InlineConstantMutator,f,173,SURVIVED,none
Password.java,httpanalyzer.Password,org.pitest.mutationtest.engine.gregor.mutators.InlineConstantMutator,f,173,SURVIVED,none
Password.java,httpanalyzer.Password,org.pitest.mutationtest.engine.gregor.mutators.InlineConstantMutator,f,173,SURVIVED,none
Password.java,httpanalyzer.Password,org.pitest.mutationtest.engine.gregor.mutators.InlineConstantMutator,f,174,SURVIVED,none
Password.java,httpanalyzer.Password,org.pitest.mutationtest.engine.gregor.mutators.InlineConstantMutator,f,174,SURVIVED,none
Password.java,httpanalyzer.Password,org.pitest.mutationtest.engine.gregor.mutators.InlineConstantMutator,f,174,SURVIVED,none
Password.java,httpanalyzer.Password,org.pitest.mutationtest.engine.gregor.mutators.InlineConstantMutator,f,174,SURVIVED,none
Password.java,httpanalyzer.Password,org.pitest.mutationtest.engine.gregor.mutators.InlineConstantMutator,f,175,SURVIVED,none
Password.java,httpanalyzer.Password,org.pitest.mutationtest.engine.gregor.mutators.InlineConstantMutator,f,175,SURVIVED,none
Password.java,httpanalyzer.Password,org.pitest.mutationtest.engine.gregor.mutators.InlineConstantMutator,f,175,SURVIVED,none
Password.java,httpanalyzer.Password,org.pitest.mutationtest.engine.gregor.mutators.InlineConstantMutator,f,177,KILLED,httpanalyzer.Password_ESTest.test6
Password.java,httpanalyzer.Password,org.pitest.mutationtest.engine.gregor.mutators.MathMutator,f,158,SURVIVED,none
Password.java,httpanalyzer.Password,org.pitest.mutationtest.engine.gregor.mutators.MathMutator,f,162,KILLED,httpanalyzer.Password_ESTest.test6
Password.java,httpanalyzer.Password,org.pitest.mutationtest.engine.gregor.mutators.MathMutator,f,163,KILLED,httpanalyzer.Password_ESTest.test6
Password.java,httpanalyzer.Password,org.pitest.mutationtest.engine.gregor.mutators.MathMutator,f,163,SURVIVED,none
Password.java,httpanalyzer.Password,org.pitest.mutationtest.engine.gregor.mutators.MathMutator,f,163,KILLED,httpanalyzer.Password_ESTest.test6
Password.java,httpanalyzer.Password,org.pitest.mutationtest.engine.gregor.mutators.MathMutator,f,163,KILLED,httpanalyzer.Password_ESTest.test6
Password.java,httpanalyzer.Password,org.pitest.mutationtest.engine.gregor.mutators.MathMutator,f,163,SURVIVED,none
Password.java,httpanalyzer.Password,org.pitest.mutationtest.engine.gregor.mutators.MathMutator,f,163,KILLED,httpanalyzer.Password_ESTest.test6
Password.java,httpanalyzer.Password,org.pitest.mutationtest.engine.gregor.mutators.MathMutator,f,163,KILLED,httpanalyzer.Password_ESTest.test6
Password.java,httpanalyzer.Password,org.pitest.mutationtest.engine.gregor.mutators.MathMutator,f,163,KILLED,httpanalyzer.Password_ESTest.test6
Password.java,httpanalyzer.Password,org.pitest.mutationtest.engine.gregor.mutators.MathMutator,f,163,SURVIVED,none
Password.java,httpanalyzer.Password,org.pitest.mutationtest.engine.gregor.mutators.MathMutator,f,163,KILLED,httpanalyzer.Password_ESTest.test6
Password.java,httpanalyzer.Password,org.pitest.mutationtest.engine.gregor.mutators.MathMutator,f,163,KILLED,httpanalyzer.Password_ESTest.test6
Password.java,httpanalyzer.Password,org.pitest.mutationtest.engine.gregor.mutators.MathMutator,f,163,KILLED,httpanalyzer.Password_ESTest.test6
Password.java,httpanalyzer.Password,org.pitest.mutationtest.engine.gregor.mutators.MathMutator,f,163,SURVIVED,none
Password.java,httpanalyzer.Password,org.pitest.mutationtest.engine.gregor.mutators.MathMutator,f,163,KILLED,httpanalyzer.Password_ESTest.test6
Password.java,httpanalyzer.Password,org.pitest.mutationtest.engine.gregor.mutators.MathMutator,f,163,KILLED,httpanalyzer.Password_ESTest.test6
Password.java,httpanalyzer.Password,org.pitest.mutationtest.engine.gregor.mutators.MathMutator,f,163,KILLED,httpanalyzer.Password_ESTest.test6
Password.java,httpanalyzer.Password,org.pitest.mutationtest.engine.gregor.mutators.MathMutator,f,163,SURVIVED,none
Password.java,httpanalyzer.Password,org.pitest.mutationtest.engine.gregor.mutators.MathMutator,f,163,KILLED,httpanalyzer.Password_ESTest.test6
Password.java,httpanalyzer.Password,org.pitest.mutationtest.engine.gregor.mutators.MathMutator,f,163,KILLED,httpanalyzer.Password_ESTest.test6
Password.java,httpanalyzer.Password,org.pitest.mutationtest.engine.gregor.mutators.MathMutator,f,163,SURVIVED,none
Password.java,httpanalyzer.Password,org.pitest.mutationtest.engine.gregor.mutators.MathMutator,f,163,KILLED,httpanalyzer.Password_ESTest.test6
Password.java,httpanalyzer.Password,org.pitest.mutationtest.engine.gregor.mutators.MathMutator,f,163,KILLED,httpanalyzer.Password_ESTest.test6
Password.java,httpanalyzer.Password,org.pitest.mutationtest.engine.gregor.mutators.MathMutator,f,172,KILLED,httpanalyzer.Password_ESTest.test6
Password.java,httpanalyzer.Password,org.pitest.mutationtest.engine.gregor.mutators.MathMutator,f,172,SURVIVED,none
Password.java,httpanalyzer.Password,org.pitest.mutationtest.engine.gregor.mutators.MathMutator,f,172,SURVIVED,none
Password.java,httpanalyzer.Password,org.pitest.mutationtest.engine.gregor.mutators.MathMutator,f,172,SURVIVED,none
Password.java,httpanalyzer.Password,org.pitest.mutationtest.engine.gregor.mutators.MathMutator,f,173,KILLED,httpanalyzer.Password_ESTest.test6
Password.java,httpanalyzer.Password,org.pitest.mutationtest.engine.gregor.mutators.MathMutator,f,173,SURVIVED,none
Password.java,httpanalyzer.Password,org.pitest.mutationtest.engine.gregor.mutators.MathMutator,f,173,SURVIVED,none
Password.java,httpanalyzer.Password,org.pitest.mutationtest.engine.gregor.mutators.MathMutator,f,173,KILLED,httpanalyzer.Password_ESTest.test6
Password.java,httpanalyzer.Password,org.pitest.mutationtest.engine.gregor.mutators.MathMutator,f,174,KILLED,httpanalyzer.Password_ESTest.test6
Password.java,httpanalyzer.Password,org.pitest.mutationtest.engine.gregor.mutators.MathMutator,f,174,SURVIVED,none
Password.java,httpanalyzer.Password,org.pitest.mutationtest.engine.gregor.mutators.MathMutator,f,174,SURVIVED,none
Password.java,httpanalyzer.Password,org.pitest.mutationtest.engine.gregor.mutators.MathMutator,f,174,KILLED,httpanalyzer.Password_ESTest.test6
Password.java,httpanalyzer.Password,org.pitest.mutationtest.engine.gregor.mutators.MathMutator,f,175,KILLED,httpanalyzer.Password_ESTest.test6
Password.java,httpanalyzer.Password,org.pitest.mutationtest.engine.gregor.mutators.MathMutator,f,175,SURVIVED,none
Password.java,httpanalyzer.Password,org.pitest.mutationtest.engine.gregor.mutators.MathMutator,f,175,KILLED,httpanalyzer.Password_ESTest.test6
Password.java,httpanalyzer.Password,org.pitest.mutationtest.engine.gregor.mutators.NegateConditionalsMutator,f,150,SURVIVED,none
Password.java,httpanalyzer.Password,org.pitest.mutationtest.engine.gregor.mutators.NegateConditionalsMutator,f,157,SURVIVED,none
Password.java,httpanalyzer.Password,org.pitest.mutationtest.engine.gregor.mutators.NegateConditionalsMutator,f,161,SURVIVED,none
Password.java,httpanalyzer.Password,org.pitest.mutationtest.engine.gregor.mutators.RemoveConditionalMutator_ORDER_ELSE,f,150,SURVIVED,none
Password.java,httpanalyzer.Password,org.pitest.mutationtest.engine.gregor.mutators.RemoveConditionalMutator_ORDER_ELSE,f,157,SURVIVED,none
Password.java,httpanalyzer.Password,org.pitest.mutationtest.engine.gregor.mutators.RemoveConditionalMutator_ORDER_ELSE,f,161,SURVIVED,none
Password.java,httpanalyzer.Password,org.pitest.mutationtest.engine.gregor.mutators.RemoveConditionalMutator_ORDER_IF,f,150,TIMED_OUT,none
Password.java,httpanalyzer.Password,org.pitest.mutationtest.engine.gregor.mutators.RemoveConditionalMutator_ORDER_IF,f,157,KILLED,httpanalyzer.Password_ESTest.test6
Password.java,httpanalyzer.Password,org.pitest.mutationtest.engine.gregor.mutators.RemoveConditionalMutator_ORDER_IF,f,161,KILLED,httpanalyzer.Password_ESTest.test6
Password.java,httpanalyzer.Password,org.pitest.mutationtest.engine.gregor.mutators.VoidMethodCallMutator,f,147,SURVIVED,none
Password.java,httpanalyzer.Password,org.pitest.mutationtest.engine.gregor.mutators.VoidMethodCallMutator,f,148,SURVIVED,none
Password.java,httpanalyzer.Password,org.pitest.mutationtest.engine.gregor.mutators.VoidMethodCallMutator,f,151,SURVIVED,none
Password.java,httpanalyzer.Password,org.pitest.mutationtest.engine.gregor.mutators.VoidMethodCallMutator,f,154,SURVIVED,none
Password.java,httpanalyzer.Password,org.pitest.mutationtest.engine.gregor.mutators.VoidMethodCallMutator,f,155,SURVIVED,none
Password.java,httpanalyzer.Password,org.pitest.mutationtest.engine.gregor.mutators.VoidMethodCallMutator,f,177,SURVIVED,none
Password.java,httpanalyzer.Password,org.pitest.mutationtest.engine.gregor.mutators.experimental.RemoveIncrementsMutator,f,150,KILLED,httpanalyzer.Password_ESTest.test6
Password.java,httpanalyzer.Password,org.pitest.mutationtest.engine.gregor.mutators.experimental.RemoveIncrementsMutator,f,161,KILLED,httpanalyzer.Password_ESTest.test6
Password.java,httpanalyzer.Password,org.pitest.mutationtest.engine.gregor.mutators.ConditionalsBoundaryMutator,hashMD5,314,KILLED,httpanalyzer.Password_ESTest.test3
Password.java,httpanalyzer.Password,org.pitest.mutationtest.engine.gregor.mutators.ConditionalsBoundaryMutator,hashMD5,315,SURVIVED,none
Password.java,httpanalyzer.Password,org.pitest.mutationtest.engine.gregor.mutators.ConstructorCallMutator,hashMD5,308,KILLED,httpanalyzer.Password_ESTest.test3
Password.java,httpanalyzer.Password,org.pitest.mutationtest.engine.gregor.mutators.ConstructorCallMutator,hashMD5,316,KILLED,httpanalyzer.Password_ESTest.test3
Password.java,httpanalyzer.Password,org.pitest.mutationtest.engine.gregor.mutators.EmptyObjectReturnValsMutator,hashMD5,324,KILLED,httpanalyzer.Password_ESTest.test3
Password.java,httpanalyzer.Password,org.pitest.mutationtest.engine.gregor.mutators.InlineConstantMutator,hashMD5,314,KILLED,httpanalyzer.Password_ESTest.test3
Password.java,httpanalyzer.Password,org.pitest.mutationtest.engine.gregor.mutators.InlineConstantMutator,hashMD5,315,KILLED,httpanalyzer.Password_ESTest.test3
Password.java,httpanalyzer.Password,org.pitest.mutationtest.engine.gregor.mutators.InlineConstantMutator,hashMD5,315,SURVIVED,none
Password.java,httpanalyzer.Password,org.pitest.mutationtest.engine.gregor.mutators.InlineConstantMutator,hashMD5,316,KILLED,httpanalyzer.Password_ESTest.test3
Password.java,httpanalyzer.Password,org.pitest.mutationtest.engine.gregor.mutators.InlineConstantMutator,hashMD5,318,KILLED,httpanalyzer.Password_ESTest.test3
Password.java,httpanalyzer.Password,org.pitest.mutationtest.engine.gregor.mutators.MathMutator,hashMD5,315,KILLED,httpanalyzer.Password_ESTest.test3
Password.java,httpanalyzer.Password,org.pitest.mutationtest.engine.gregor.mutators.MathMutator,hashMD5,316,KILLED,httpanalyzer.Password_ESTest.test3
Password.java,httpanalyzer.Password,org.pitest.mutationtest.engine.gregor.mutators.MathMutator,hashMD5,318,KILLED,httpanalyzer.Password_ESTest.test3
Password.java,httpanalyzer.Password,org.pitest.mutationtest.engine.gregor.mutators.NegateConditionalsMutator,hashMD5,314,KILLED,httpanalyzer.Password_ESTest.test3
Password.java,httpanalyzer.Password,org.pitest.mutationtest.engine.gregor.mutators.NegateConditionalsMutator,hashMD5,315,KILLED,httpanalyzer.Password_ESTest.test3
Password.java,httpanalyzer.Password,org.pitest.mutationtest.engine.gregor.mutators.NonVoidMethodCallMutator,hashMD5,310,KILLED,httpanalyzer.Password_ESTest.test3
Password.java,httpanalyzer.Password,org.pitest.mutationtest.engine.gregor.mutators.NonVoidMethodCallMutator,hashMD5,312,KILLED,httpanalyzer.Password_ESTest.test3
Password.java,httpanalyzer.Password,org.pitest.mutationtest.engine.gregor.mutators.NonVoidMethodCallMutator,hashMD5,313,KILLED,httpanalyzer.Password_ESTest.test3
Password.java,httpanalyzer.Password,org.pitest.mutationtest.engine.gregor.mutators.NonVoidMethodCallMutator,hashMD5,316,KILLED,httpanalyzer.Password_ESTest.test3
Password.java,httpanalyzer.Password,org.pitest.mutationtest.engine.gregor.mutators.NonVoidMethodCallMutator,hashMD5,316,KILLED,httpanalyzer.Password_ESTest.test3
Password.java,httpanalyzer.Password,org.pitest.mutationtest.engine.gregor.mutators.NonVoidMethodCallMutator,hashMD5,316,KILLED,httpanalyzer.Password_ESTest.test3
Password.java,httpanalyzer.Password,org.pitest.mutationtest.engine.gregor.mutators.NonVoidMethodCallMutator,hashMD5,316,KILLED,httpanalyzer.Password_ESTest.test3
Password.java,httpanalyzer.Password,org.pitest.mutationtest.engine.gregor.mutators.NonVoidMethodCallMutator,hashMD5,316,KILLED,httpanalyzer.Password_ESTest.test3
Password.java,httpanalyzer.Password,org.pitest.mutationtest.engine.gregor.mutators.NonVoidMethodCallMutator,hashMD5,318,KILLED,httpanalyzer.Password_ESTest.test3
Password.java,httpanalyzer.Password,org.pitest.mutationtest.engine.gregor.mutators.NonVoidMethodCallMutator,hashMD5,318,KILLED,httpanalyzer.Password_ESTest.test3
Password.java,httpanalyzer.Password,org.pitest.mutationtest.engine.gregor.mutators.NonVoidMethodCallMutator,hashMD5,324,KILLED,httpanalyzer.Password_ESTest.test3
Password.java,httpanalyzer.Password,org.pitest.mutationtest.engine.gregor.mutators.RemoveConditionalMutator_ORDER_ELSE,hashMD5,314,KILLED,httpanalyzer.Password_ESTest.test3
Password.java,httpanalyzer.Password,org.pitest.mutationtest.engine.gregor.mutators.RemoveConditionalMutator_ORDER_ELSE,hashMD5,315,KILLED,httpanalyzer.Password_ESTest.test3
Password.java,httpanalyzer.Password,org.pitest.mutationtest.engine.gregor.mutators.RemoveConditionalMutator_ORDER_IF,hashMD5,314,KILLED,httpanalyzer.Password_ESTest.test3
Password.java,httpanalyzer.Password,org.pitest.mutationtest.engine.gregor.mutators.RemoveConditionalMutator_ORDER_IF,hashMD5,315,KILLED,httpanalyzer.Password_ESTest.test3
Password.java,httpanalyzer.Password,org.pitest.mutationtest.engine.gregor.mutators.ReturnValsMutator,hashMD5,324,KILLED,httpanalyzer.Password_ESTest.test3
Password.java,httpanalyzer.Password,org.pitest.mutationtest.engine.gregor.mutators.VoidMethodCallMutator,hashMD5,312,KILLED,httpanalyzer.Password_ESTest.test3
Password.java,httpanalyzer.Password,org.pitest.mutationtest.engine.gregor.mutators.experimental.NakedReceiverMutator,hashMD5,316,KILLED,httpanalyzer.Password_ESTest.test3
Password.java,httpanalyzer.Password,org.pitest.mutationtest.engine.gregor.mutators.experimental.NakedReceiverMutator,hashMD5,316,KILLED,httpanalyzer.Password_ESTest.test3
Password.java,httpanalyzer.Password,org.pitest.mutationtest.engine.gregor.mutators.experimental.NakedReceiverMutator,hashMD5,316,KILLED,httpanalyzer.Password_ESTest.test3
Password.java,httpanalyzer.Password,org.pitest.mutationtest.engine.gregor.mutators.experimental.NakedReceiverMutator,hashMD5,318,KILLED,httpanalyzer.Password_ESTest.test3
Password.java,httpanalyzer.Password,org.pitest.mutationtest.engine.gregor.mutators.ConditionalsBoundaryMutator,rotate,134,SURVIVED,none
Password.java,httpanalyzer.Password,org.pitest.mutationtest.engine.gregor.mutators.InlineConstantMutator,rotate,131,KILLED,httpanalyzer.Password_ESTest.test6
Password.java,httpanalyzer.Password,org.pitest.mutationtest.engine.gregor.mutators.InlineConstantMutator,rotate,132,KILLED,httpanalyzer.Password_ESTest.test6
Password.java,httpanalyzer.Password,org.pitest.mutationtest.engine.gregor.mutators.InlineConstantMutator,rotate,132,KILLED,httpanalyzer.Password_ESTest.test6
Password.java,httpanalyzer.Password,org.pitest.mutationtest.engine.gregor.mutators.InlineConstantMutator,rotate,134,SURVIVED,none
Password.java,httpanalyzer.Password,org.pitest.mutationtest.engine.gregor.mutators.InlineConstantMutator,rotate,134,SURVIVED,none
Password.java,httpanalyzer.Password,org.pitest.mutationtest.engine.gregor.mutators.InlineConstantMutator,rotate,135,SURVIVED,none
Password.java,httpanalyzer.Password,org.pitest.mutationtest.engine.gregor.mutators.InlineConstantMutator,rotate,137,SURVIVED,none
Password.java,httpanalyzer.Password,org.pitest.mutationtest.engine.gregor.mutators.InlineConstantMutator,rotate,137,SURVIVED,none
Password.java,httpanalyzer.Password,org.pitest.mutationtest.engine.gregor.mutators.InlineConstantMutator,rotate,138,SURVIVED,none
Password.java,httpanalyzer.Password,org.pitest.mutationtest.engine.gregor.mutators.InlineConstantMutator,rotate,138,SURVIVED,none
Password.java,httpanalyzer.Password,org.pitest.mutationtest.engine.gregor.mutators.InlineConstantMutator,rotate,139,KILLED,httpanalyzer.Password_ESTest.test6
Password.java,httpanalyzer.Password,org.pitest.mutationtest.engine.gregor.mutators.InlineConstantMutator,rotate,139,KILLED,httpanalyzer.Password_ESTest.test6
Password.java,httpanalyzer.Password,org.pitest.mutationtest.engine.gregor.mutators.MathMutator,rotate,135,KILLED,httpanalyzer.Password_ESTest.test6
Password.java,httpanalyzer.Password,org.pitest.mutationtest.engine.gregor.mutators.NegateConditionalsMutator,rotate,134,SURVIVED,none
Password.java,httpanalyzer.Password,org.pitest.mutationtest.engine.gregor.mutators.RemoveConditionalMutator_ORDER_ELSE,rotate,134,SURVIVED,none
Password.java,httpanalyzer.Password,org.pitest.mutationtest.engine.gregor.mutators.RemoveConditionalMutator_ORDER_IF,rotate,134,KILLED,httpanalyzer.Password_ESTest.test6
Password.java,httpanalyzer.Password,org.pitest.mutationtest.engine.gregor.mutators.VoidMethodCallMutator,rotate,132,SURVIVED,none
Password.java,httpanalyzer.Password,org.pitest.mutationtest.engine.gregor.mutators.VoidMethodCallMutator,rotate,139,SURVIVED,none
Password.java,httpanalyzer.Password,org.pitest.mutationtest.engine.gregor.mutators.ConditionalsBoundaryMutator,transpose,125,KILLED,httpanalyzer.Password_ESTest.test6
Password.java,httpanalyzer.Password,org.pitest.mutationtest.engine.gregor.mutators.IncrementsMutator,transpose,125,KILLED,httpanalyzer.Password_ESTest.test6
Password.java,httpanalyzer.Password,org.pitest.mutationtest.engine.gregor.mutators.InlineConstantMutator,transpose,122,KILLED,httpanalyzer.Password_ESTest.test6
Password.java,httpanalyzer.Password,org.pitest.mutationtest.engine.gregor.mutators.InlineConstantMutator,transpose,123,KILLED,httpanalyzer.Password_ESTest.test6
Password.java,httpanalyzer.Password,org.pitest.mutationtest.engine.gregor.mutators.InlineConstantMutator,transpose,123,KILLED,httpanalyzer.Password_ESTest.test6
Password.java,httpanalyzer.Password,org.pitest.mutationtest.engine.gregor.mutators.InlineConstantMutator,transpose,126,KILLED,httpanalyzer.Password_ESTest.test6
Password.java,httpanalyzer.Password,org.pitest.mutationtest.engine.gregor.mutators.MathMutator,transpose,126,KILLED,httpanalyzer.Password_ESTest.test6
Password.java,httpanalyzer.Password,org.pitest.mutationtest.engine.gregor.mutators.NegateConditionalsMutator,transpose,125,SURVIVED,none
Password.java,httpanalyzer.Password,org.pitest.mutationtest.engine.gregor.mutators.RemoveConditionalMutator_ORDER_ELSE,transpose,125,SURVIVED,none
Password.java,httpanalyzer.Password,org.pitest.mutationtest.engine.gregor.mutators.RemoveConditionalMutator_ORDER_IF,transpose,125,KILLED,httpanalyzer.Password_ESTest.test6
Password.java,httpanalyzer.Password,org.pitest.mutationtest.engine.gregor.mutators.VoidMethodCallMutator,transpose,123,SURVIVED,none
Password.java,httpanalyzer.Password,org.pitest.mutationtest.engine.gregor.mutators.experimental.RemoveIncrementsMutator,transpose,125,KILLED,httpanalyzer.Password_ESTest.test6
