Robot.java,net.virtualinfinity.atrobots.robot.Robot,org.pitest.mutationtest.engine.gregor.mutators.ConstructorCallMutator,<init>,37,SURVIVED,none
Robot.java,net.virtualinfinity.atrobots.robot.Robot,org.pitest.mutationtest.engine.gregor.mutators.ConstructorCallMutator,<init>,38,SURVIVED,none
Robot.java,net.virtualinfinity.atrobots.robot.Robot,org.pitest.mutationtest.engine.gregor.mutators.ConstructorCallMutator,<init>,58,KILLED,net.virtualinfinity.atrobots.robot.Robot_ESTest.test36
Robot.java,net.virtualinfinity.atrobots.robot.Robot,org.pitest.mutationtest.engine.gregor.mutators.ConstructorCallMutator,<init>,60,KILLED,net.virtualinfinity.atrobots.robot.Robot_ESTest.test31
Robot.java,net.virtualinfinity.atrobots.robot.Robot,org.pitest.mutationtest.engine.gregor.mutators.ConstructorCallMutator,<init>,61,SURVIVED,none
Robot.java,net.virtualinfinity.atrobots.robot.Robot,org.pitest.mutationtest.engine.gregor.mutators.InlineConstantMutator,<init>,47,KILLED,net.virtualinfinity.atrobots.robot.Robot_ESTest.test77
Robot.java,net.virtualinfinity.atrobots.robot.Robot,org.pitest.mutationtest.engine.gregor.mutators.InlineConstantMutator,<init>,48,KILLED,net.virtualinfinity.atrobots.robot.Robot_ESTest.test47
Robot.java,net.virtualinfinity.atrobots.robot.Robot,org.pitest.mutationtest.engine.gregor.mutators.InlineConstantMutator,<init>,71,KILLED,net.virtualinfinity.atrobots.robot.Robot_ESTest.test51
Robot.java,net.virtualinfinity.atrobots.robot.Robot,org.pitest.mutationtest.engine.gregor.mutators.NonVoidMethodCallMutator,<init>,47,KILLED,net.virtualinfinity.atrobots.robot.Robot_ESTest.test77
Robot.java,net.virtualinfinity.atrobots.robot.Robot,org.pitest.mutationtest.engine.gregor.mutators.NonVoidMethodCallMutator,<init>,48,KILLED,net.virtualinfinity.atrobots.robot.Robot_ESTest.test47
Robot.java,net.virtualinfinity.atrobots.robot.Robot,org.pitest.mutationtest.engine.gregor.mutators.NonVoidMethodCallMutator,<init>,61,SURVIVED,none
Robot.java,net.virtualinfinity.atrobots.robot.Robot,org.pitest.mutationtest.engine.gregor.mutators.VoidMethodCallMutator,<init>,64,SURVIVED,none
Robot.java,net.virtualinfinity.atrobots.robot.Robot,org.pitest.mutationtest.engine.gregor.mutators.experimental.MemberVariableMutator,<init>,37,SURVIVED,none
Robot.java,net.virtualinfinity.atrobots.robot.Robot,org.pitest.mutationtest.engine.gregor.mutators.experimental.MemberVariableMutator,<init>,38,SURVIVED,none
Robot.java,net.virtualinfinity.atrobots.robot.Robot,org.pitest.mutationtest.engine.gregor.mutators.experimental.MemberVariableMutator,<init>,47,KILLED,net.virtualinfinity.atrobots.robot.Robot_ESTest.test77
Robot.java,net.virtualinfinity.atrobots.robot.Robot,org.pitest.mutationtest.engine.gregor.mutators.experimental.MemberVariableMutator,<init>,48,KILLED,net.virtualinfinity.atrobots.robot.Robot_ESTest.test47
Robot.java,net.virtualinfinity.atrobots.robot.Robot,org.pitest.mutationtest.engine.gregor.mutators.experimental.MemberVariableMutator,<init>,58,KILLED,net.virtualinfinity.atrobots.robot.Robot_ESTest.test36
Robot.java,net.virtualinfinity.atrobots.robot.Robot,org.pitest.mutationtest.engine.gregor.mutators.experimental.MemberVariableMutator,<init>,60,KILLED,net.virtualinfinity.atrobots.robot.Robot_ESTest.test31
Robot.java,net.virtualinfinity.atrobots.robot.Robot,org.pitest.mutationtest.engine.gregor.mutators.experimental.MemberVariableMutator,<init>,61,SURVIVED,none
Robot.java,net.virtualinfinity.atrobots.robot.Robot,org.pitest.mutationtest.engine.gregor.mutators.experimental.MemberVariableMutator,<init>,68,SURVIVED,none
Robot.java,net.virtualinfinity.atrobots.robot.Robot,org.pitest.mutationtest.engine.gregor.mutators.experimental.MemberVariableMutator,<init>,69,KILLED,net.virtualinfinity.atrobots.robot.Robot_ESTest.test51
Robot.java,net.virtualinfinity.atrobots.robot.Robot,org.pitest.mutationtest.engine.gregor.mutators.experimental.MemberVariableMutator,<init>,70,KILLED,net.virtualinfinity.atrobots.robot.Robot_ESTest.test31
Robot.java,net.virtualinfinity.atrobots.robot.Robot,org.pitest.mutationtest.engine.gregor.mutators.experimental.MemberVariableMutator,<init>,71,SURVIVED,none
Robot.java,net.virtualinfinity.atrobots.robot.Robot,org.pitest.mutationtest.engine.gregor.mutators.VoidMethodCallMutator,accept,456,SURVIVED,none
Robot.java,net.virtualinfinity.atrobots.robot.Robot,org.pitest.mutationtest.engine.gregor.mutators.NonVoidMethodCallMutator,addRobotListener,435,KILLED,net.virtualinfinity.atrobots.robot.Robot_ESTest.test31
Robot.java,net.virtualinfinity.atrobots.robot.Robot,org.pitest.mutationtest.engine.gregor.mutators.NonVoidMethodCallMutator,arenaConnected,440,KILLED,net.virtualinfinity.atrobots.robot.Robot_ESTest.test07
Robot.java,net.virtualinfinity.atrobots.robot.Robot,org.pitest.mutationtest.engine.gregor.mutators.VoidMethodCallMutator,arenaConnected,440,SURVIVED,none
Robot.java,net.virtualinfinity.atrobots.robot.Robot,org.pitest.mutationtest.engine.gregor.mutators.ConstructorCallMutator,armorDepleted,340,SURVIVED,none
Robot.java,net.virtualinfinity.atrobots.robot.Robot,org.pitest.mutationtest.engine.gregor.mutators.InlineConstantMutator,armorDepleted,340,SURVIVED,none
Robot.java,net.virtualinfinity.atrobots.robot.Robot,org.pitest.mutationtest.engine.gregor.mutators.InlineConstantMutator,armorDepleted,340,SURVIVED,none
Robot.java,net.virtualinfinity.atrobots.robot.Robot,org.pitest.mutationtest.engine.gregor.mutators.InlineConstantMutator,armorDepleted,340,SURVIVED,none
Robot.java,net.virtualinfinity.atrobots.robot.Robot,org.pitest.mutationtest.engine.gregor.mutators.NegateConditionalsMutator,armorDepleted,335,KILLED,net.virtualinfinity.atrobots.robot.Robot_ESTest.test58
Robot.java,net.virtualinfinity.atrobots.robot.Robot,org.pitest.mutationtest.engine.gregor.mutators.NegateConditionalsMutator,armorDepleted,340,SURVIVED,none
Robot.java,net.virtualinfinity.atrobots.robot.Robot,org.pitest.mutationtest.engine.gregor.mutators.NonVoidMethodCallMutator,armorDepleted,335,SURVIVED,none
Robot.java,net.virtualinfinity.atrobots.robot.Robot,org.pitest.mutationtest.engine.gregor.mutators.NonVoidMethodCallMutator,armorDepleted,340,SURVIVED,none
Robot.java,net.virtualinfinity.atrobots.robot.Robot,org.pitest.mutationtest.engine.gregor.mutators.NonVoidMethodCallMutator,armorDepleted,340,SURVIVED,none
Robot.java,net.virtualinfinity.atrobots.robot.Robot,org.pitest.mutationtest.engine.gregor.mutators.RemoveConditionalMutator_EQUAL_ELSE,armorDepleted,335,KILLED,net.virtualinfinity.atrobots.robot.Robot_ESTest.test58
Robot.java,net.virtualinfinity.atrobots.robot.Robot,org.pitest.mutationtest.engine.gregor.mutators.RemoveConditionalMutator_EQUAL_ELSE,armorDepleted,340,SURVIVED,none
Robot.java,net.virtualinfinity.atrobots.robot.Robot,org.pitest.mutationtest.engine.gregor.mutators.RemoveConditionalMutator_EQUAL_IF,armorDepleted,335,SURVIVED,none
Robot.java,net.virtualinfinity.atrobots.robot.Robot,org.pitest.mutationtest.engine.gregor.mutators.RemoveConditionalMutator_EQUAL_IF,armorDepleted,340,SURVIVED,none
Robot.java,net.virtualinfinity.atrobots.robot.Robot,org.pitest.mutationtest.engine.gregor.mutators.VoidMethodCallMutator,armorDepleted,337,SURVIVED,none
Robot.java,net.virtualinfinity.atrobots.robot.Robot,org.pitest.mutationtest.engine.gregor.mutators.VoidMethodCallMutator,armorDepleted,339,SURVIVED,none
Robot.java,net.virtualinfinity.atrobots.robot.Robot,org.pitest.mutationtest.engine.gregor.mutators.VoidMethodCallMutator,armorDepleted,340,KILLED,net.virtualinfinity.atrobots.robot.Robot_ESTest.test58
Robot.java,net.virtualinfinity.atrobots.robot.Robot,org.pitest.mutationtest.engine.gregor.mutators.ConditionalsBoundaryMutator,checkCollision,304,SURVIVED,none
Robot.java,net.virtualinfinity.atrobots.robot.Robot,org.pitest.mutationtest.engine.gregor.mutators.InlineConstantMutator,checkCollision,304,SURVIVED,none
Robot.java,net.virtualinfinity.atrobots.robot.Robot,org.pitest.mutationtest.engine.gregor.mutators.NegateConditionalsMutator,checkCollision,304,SURVIVED,none
Robot.java,net.virtualinfinity.atrobots.robot.Robot,org.pitest.mutationtest.engine.gregor.mutators.NonVoidMethodCallMutator,checkCollision,304,KILLED,net.virtualinfinity.atrobots.robot.Robot_ESTest.test24
Robot.java,net.virtualinfinity.atrobots.robot.Robot,org.pitest.mutationtest.engine.gregor.mutators.NonVoidMethodCallMutator,checkCollision,304,KILLED,net.virtualinfinity.atrobots.robot.Robot_ESTest.test24
Robot.java,net.virtualinfinity.atrobots.robot.Robot,org.pitest.mutationtest.engine.gregor.mutators.NonVoidMethodCallMutator,checkCollision,304,SURVIVED,none
Robot.java,net.virtualinfinity.atrobots.robot.Robot,org.pitest.mutationtest.engine.gregor.mutators.RemoveConditionalMutator_ORDER_ELSE,checkCollision,304,SURVIVED,none
Robot.java,net.virtualinfinity.atrobots.robot.Robot,org.pitest.mutationtest.engine.gregor.mutators.RemoveConditionalMutator_ORDER_IF,checkCollision,304,SURVIVED,none
Robot.java,net.virtualinfinity.atrobots.robot.Robot,org.pitest.mutationtest.engine.gregor.mutators.VoidMethodCallMutator,checkCollision,305,NO_COVERAGE,none
Robot.java,net.virtualinfinity.atrobots.robot.Robot,org.pitest.mutationtest.engine.gregor.mutators.VoidMethodCallMutator,checkCollision,306,NO_COVERAGE,none
Robot.java,net.virtualinfinity.atrobots.robot.Robot,org.pitest.mutationtest.engine.gregor.mutators.ConditionalsBoundaryMutator,collides,312,SURVIVED,none
Robot.java,net.virtualinfinity.atrobots.robot.Robot,org.pitest.mutationtest.engine.gregor.mutators.InlineConstantMutator,collides,312,SURVIVED,none
Robot.java,net.virtualinfinity.atrobots.robot.Robot,org.pitest.mutationtest.engine.gregor.mutators.InlineConstantMutator,collides,313,NO_COVERAGE,none
Robot.java,net.virtualinfinity.atrobots.robot.Robot,org.pitest.mutationtest.engine.gregor.mutators.InlineConstantMutator,collides,315,SURVIVED,none
Robot.java,net.virtualinfinity.atrobots.robot.Robot,org.pitest.mutationtest.engine.gregor.mutators.InlineConstantMutator,collides,316,SURVIVED,none
Robot.java,net.virtualinfinity.atrobots.robot.Robot,org.pitest.mutationtest.engine.gregor.mutators.NegateConditionalsMutator,collides,312,SURVIVED,none
Robot.java,net.virtualinfinity.atrobots.robot.Robot,org.pitest.mutationtest.engine.gregor.mutators.NonVoidMethodCallMutator,collides,312,SURVIVED,none
Robot.java,net.virtualinfinity.atrobots.robot.Robot,org.pitest.mutationtest.engine.gregor.mutators.NonVoidMethodCallMutator,collides,317,SURVIVED,none
Robot.java,net.virtualinfinity.atrobots.robot.Robot,org.pitest.mutationtest.engine.gregor.mutators.NonVoidMethodCallMutator,collides,317,SURVIVED,none
Robot.java,net.virtualinfinity.atrobots.robot.Robot,org.pitest.mutationtest.engine.gregor.mutators.RemoveConditionalMutator_ORDER_ELSE,collides,312,SURVIVED,none
Robot.java,net.virtualinfinity.atrobots.robot.Robot,org.pitest.mutationtest.engine.gregor.mutators.RemoveConditionalMutator_ORDER_IF,collides,312,SURVIVED,none
Robot.java,net.virtualinfinity.atrobots.robot.Robot,org.pitest.mutationtest.engine.gregor.mutators.VoidMethodCallMutator,collides,311,SURVIVED,none
Robot.java,net.virtualinfinity.atrobots.robot.Robot,org.pitest.mutationtest.engine.gregor.mutators.VoidMethodCallMutator,collides,313,NO_COVERAGE,none
Robot.java,net.virtualinfinity.atrobots.robot.Robot,org.pitest.mutationtest.engine.gregor.mutators.VoidMethodCallMutator,collides,315,SURVIVED,none
Robot.java,net.virtualinfinity.atrobots.robot.Robot,org.pitest.mutationtest.engine.gregor.mutators.VoidMethodCallMutator,collides,316,SURVIVED,none
Robot.java,net.virtualinfinity.atrobots.robot.Robot,org.pitest.mutationtest.engine.gregor.mutators.VoidMethodCallMutator,collides,317,SURVIVED,none
Robot.java,net.virtualinfinity.atrobots.robot.Robot,org.pitest.mutationtest.engine.gregor.mutators.ConstructorCallMutator,createGetRobotInfoInterruptHandler,444,KILLED,net.virtualinfinity.atrobots.robot.Robot_ESTest.test74
Robot.java,net.virtualinfinity.atrobots.robot.Robot,org.pitest.mutationtest.engine.gregor.mutators.NullReturnValsMutator,createGetRobotInfoInterruptHandler,444,KILLED,net.virtualinfinity.atrobots.robot.Robot_ESTest.test74
Robot.java,net.virtualinfinity.atrobots.robot.Robot,org.pitest.mutationtest.engine.gregor.mutators.ReturnValsMutator,createGetRobotInfoInterruptHandler,444,KILLED,net.virtualinfinity.atrobots.robot.Robot_ESTest.test74
Robot.java,net.virtualinfinity.atrobots.robot.Robot,org.pitest.mutationtest.engine.gregor.mutators.ConstructorCallMutator,createGetRobotStatisticsInterrupt,448,KILLED,net.virtualinfinity.atrobots.robot.Robot_ESTest.test42
Robot.java,net.virtualinfinity.atrobots.robot.Robot,org.pitest.mutationtest.engine.gregor.mutators.NullReturnValsMutator,createGetRobotStatisticsInterrupt,448,KILLED,net.virtualinfinity.atrobots.robot.Robot_ESTest.test42
Robot.java,net.virtualinfinity.atrobots.robot.Robot,org.pitest.mutationtest.engine.gregor.mutators.ReturnValsMutator,createGetRobotStatisticsInterrupt,448,KILLED,net.virtualinfinity.atrobots.robot.Robot_ESTest.test42
Robot.java,net.virtualinfinity.atrobots.robot.Robot,org.pitest.mutationtest.engine.gregor.mutators.ConstructorCallMutator,createMissile,452,KILLED,net.virtualinfinity.atrobots.robot.Robot_ESTest.test23
Robot.java,net.virtualinfinity.atrobots.robot.Robot,org.pitest.mutationtest.engine.gregor.mutators.NonVoidMethodCallMutator,createMissile,452,SURVIVED,none
Robot.java,net.virtualinfinity.atrobots.robot.Robot,org.pitest.mutationtest.engine.gregor.mutators.NullReturnValsMutator,createMissile,452,SURVIVED,none
Robot.java,net.virtualinfinity.atrobots.robot.Robot,org.pitest.mutationtest.engine.gregor.mutators.ReturnValsMutator,createMissile,452,SURVIVED,none
Robot.java,net.virtualinfinity.atrobots.robot.Robot,org.pitest.mutationtest.engine.gregor.mutators.ConstructorCallMutator,createSpecificSnapshot,284,SURVIVED,none
Robot.java,net.virtualinfinity.atrobots.robot.Robot,org.pitest.mutationtest.engine.gregor.mutators.NonVoidMethodCallMutator,createSpecificSnapshot,285,SURVIVED,none
Robot.java,net.virtualinfinity.atrobots.robot.Robot,org.pitest.mutationtest.engine.gregor.mutators.NonVoidMethodCallMutator,createSpecificSnapshot,285,SURVIVED,none
Robot.java,net.virtualinfinity.atrobots.robot.Robot,org.pitest.mutationtest.engine.gregor.mutators.NonVoidMethodCallMutator,createSpecificSnapshot,286,SURVIVED,none
Robot.java,net.virtualinfinity.atrobots.robot.Robot,org.pitest.mutationtest.engine.gregor.mutators.NonVoidMethodCallMutator,createSpecificSnapshot,286,SURVIVED,none
Robot.java,net.virtualinfinity.atrobots.robot.Robot,org.pitest.mutationtest.engine.gregor.mutators.NonVoidMethodCallMutator,createSpecificSnapshot,287,SURVIVED,none
Robot.java,net.virtualinfinity.atrobots.robot.Robot,org.pitest.mutationtest.engine.gregor.mutators.NonVoidMethodCallMutator,createSpecificSnapshot,288,SURVIVED,none
Robot.java,net.virtualinfinity.atrobots.robot.Robot,org.pitest.mutationtest.engine.gregor.mutators.NonVoidMethodCallMutator,createSpecificSnapshot,288,SURVIVED,none
Robot.java,net.virtualinfinity.atrobots.robot.Robot,org.pitest.mutationtest.engine.gregor.mutators.NonVoidMethodCallMutator,createSpecificSnapshot,289,SURVIVED,none
Robot.java,net.virtualinfinity.atrobots.robot.Robot,org.pitest.mutationtest.engine.gregor.mutators.NonVoidMethodCallMutator,createSpecificSnapshot,289,SURVIVED,none
Robot.java,net.virtualinfinity.atrobots.robot.Robot,org.pitest.mutationtest.engine.gregor.mutators.NonVoidMethodCallMutator,createSpecificSnapshot,290,SURVIVED,none
Robot.java,net.virtualinfinity.atrobots.robot.Robot,org.pitest.mutationtest.engine.gregor.mutators.NonVoidMethodCallMutator,createSpecificSnapshot,290,SURVIVED,none
Robot.java,net.virtualinfinity.atrobots.robot.Robot,org.pitest.mutationtest.engine.gregor.mutators.NonVoidMethodCallMutator,createSpecificSnapshot,290,SURVIVED,none
Robot.java,net.virtualinfinity.atrobots.robot.Robot,org.pitest.mutationtest.engine.gregor.mutators.NonVoidMethodCallMutator,createSpecificSnapshot,291,SURVIVED,none
Robot.java,net.virtualinfinity.atrobots.robot.Robot,org.pitest.mutationtest.engine.gregor.mutators.NonVoidMethodCallMutator,createSpecificSnapshot,292,SURVIVED,none
Robot.java,net.virtualinfinity.atrobots.robot.Robot,org.pitest.mutationtest.engine.gregor.mutators.NonVoidMethodCallMutator,createSpecificSnapshot,293,SURVIVED,none
Robot.java,net.virtualinfinity.atrobots.robot.Robot,org.pitest.mutationtest.engine.gregor.mutators.NonVoidMethodCallMutator,createSpecificSnapshot,294,SURVIVED,none
Robot.java,net.virtualinfinity.atrobots.robot.Robot,org.pitest.mutationtest.engine.gregor.mutators.NonVoidMethodCallMutator,createSpecificSnapshot,295,SURVIVED,none
Robot.java,net.virtualinfinity.atrobots.robot.Robot,org.pitest.mutationtest.engine.gregor.mutators.NonVoidMethodCallMutator,createSpecificSnapshot,296,SURVIVED,none
Robot.java,net.virtualinfinity.atrobots.robot.Robot,org.pitest.mutationtest.engine.gregor.mutators.NonVoidMethodCallMutator,createSpecificSnapshot,297,SURVIVED,none
Robot.java,net.virtualinfinity.atrobots.robot.Robot,org.pitest.mutationtest.engine.gregor.mutators.NonVoidMethodCallMutator,createSpecificSnapshot,298,SURVIVED,none
Robot.java,net.virtualinfinity.atrobots.robot.Robot,org.pitest.mutationtest.engine.gregor.mutators.NonVoidMethodCallMutator,createSpecificSnapshot,298,SURVIVED,none
Robot.java,net.virtualinfinity.atrobots.robot.Robot,org.pitest.mutationtest.engine.gregor.mutators.NullReturnValsMutator,createSpecificSnapshot,299,SURVIVED,none
Robot.java,net.virtualinfinity.atrobots.robot.Robot,org.pitest.mutationtest.engine.gregor.mutators.ReturnValsMutator,createSpecificSnapshot,299,SURVIVED,none
Robot.java,net.virtualinfinity.atrobots.robot.Robot,org.pitest.mutationtest.engine.gregor.mutators.VoidMethodCallMutator,createSpecificSnapshot,285,SURVIVED,none
Robot.java,net.virtualinfinity.atrobots.robot.Robot,org.pitest.mutationtest.engine.gregor.mutators.VoidMethodCallMutator,createSpecificSnapshot,286,SURVIVED,none
Robot.java,net.virtualinfinity.atrobots.robot.Robot,org.pitest.mutationtest.engine.gregor.mutators.VoidMethodCallMutator,createSpecificSnapshot,287,SURVIVED,none
Robot.java,net.virtualinfinity.atrobots.robot.Robot,org.pitest.mutationtest.engine.gregor.mutators.VoidMethodCallMutator,createSpecificSnapshot,288,SURVIVED,none
Robot.java,net.virtualinfinity.atrobots.robot.Robot,org.pitest.mutationtest.engine.gregor.mutators.VoidMethodCallMutator,createSpecificSnapshot,289,SURVIVED,none
Robot.java,net.virtualinfinity.atrobots.robot.Robot,org.pitest.mutationtest.engine.gregor.mutators.VoidMethodCallMutator,createSpecificSnapshot,290,SURVIVED,none
Robot.java,net.virtualinfinity.atrobots.robot.Robot,org.pitest.mutationtest.engine.gregor.mutators.VoidMethodCallMutator,createSpecificSnapshot,291,SURVIVED,none
Robot.java,net.virtualinfinity.atrobots.robot.Robot,org.pitest.mutationtest.engine.gregor.mutators.VoidMethodCallMutator,createSpecificSnapshot,292,SURVIVED,none
Robot.java,net.virtualinfinity.atrobots.robot.Robot,org.pitest.mutationtest.engine.gregor.mutators.VoidMethodCallMutator,createSpecificSnapshot,293,SURVIVED,none
Robot.java,net.virtualinfinity.atrobots.robot.Robot,org.pitest.mutationtest.engine.gregor.mutators.VoidMethodCallMutator,createSpecificSnapshot,294,SURVIVED,none
Robot.java,net.virtualinfinity.atrobots.robot.Robot,org.pitest.mutationtest.engine.gregor.mutators.VoidMethodCallMutator,createSpecificSnapshot,295,SURVIVED,none
Robot.java,net.virtualinfinity.atrobots.robot.Robot,org.pitest.mutationtest.engine.gregor.mutators.VoidMethodCallMutator,createSpecificSnapshot,296,SURVIVED,none
Robot.java,net.virtualinfinity.atrobots.robot.Robot,org.pitest.mutationtest.engine.gregor.mutators.VoidMethodCallMutator,createSpecificSnapshot,297,SURVIVED,none
Robot.java,net.virtualinfinity.atrobots.robot.Robot,org.pitest.mutationtest.engine.gregor.mutators.VoidMethodCallMutator,createSpecificSnapshot,298,SURVIVED,none
Robot.java,net.virtualinfinity.atrobots.robot.Robot,org.pitest.mutationtest.engine.gregor.mutators.NonVoidMethodCallMutator,destruct,85,SURVIVED,none
Robot.java,net.virtualinfinity.atrobots.robot.Robot,org.pitest.mutationtest.engine.gregor.mutators.VoidMethodCallMutator,destruct,85,KILLED,net.virtualinfinity.atrobots.robot.Robot_ESTest.test50
Robot.java,net.virtualinfinity.atrobots.robot.Robot,org.pitest.mutationtest.engine.gregor.mutators.ConstructorCallMutator,doScan,273,SURVIVED,none
Robot.java,net.virtualinfinity.atrobots.robot.Robot,org.pitest.mutationtest.engine.gregor.mutators.ConstructorCallMutator,doScan,276,SURVIVED,none
Robot.java,net.virtualinfinity.atrobots.robot.Robot,org.pitest.mutationtest.engine.gregor.mutators.InlineConstantMutator,doScan,276,SURVIVED,none
Robot.java,net.virtualinfinity.atrobots.robot.Robot,org.pitest.mutationtest.engine.gregor.mutators.InlineConstantMutator,doScan,276,SURVIVED,none
Robot.java,net.virtualinfinity.atrobots.robot.Robot,org.pitest.mutationtest.engine.gregor.mutators.NegateConditionalsMutator,doScan,276,SURVIVED,none
Robot.java,net.virtualinfinity.atrobots.robot.Robot,org.pitest.mutationtest.engine.gregor.mutators.NegateConditionalsMutator,doScan,276,SURVIVED,none
Robot.java,net.virtualinfinity.atrobots.robot.Robot,org.pitest.mutationtest.engine.gregor.mutators.NonVoidMethodCallMutator,doScan,272,SURVIVED,none
Robot.java,net.virtualinfinity.atrobots.robot.Robot,org.pitest.mutationtest.engine.gregor.mutators.NonVoidMethodCallMutator,doScan,274,SURVIVED,none
Robot.java,net.virtualinfinity.atrobots.robot.Robot,org.pitest.mutationtest.engine.gregor.mutators.NonVoidMethodCallMutator,doScan,275,SURVIVED,none
Robot.java,net.virtualinfinity.atrobots.robot.Robot,org.pitest.mutationtest.engine.gregor.mutators.NonVoidMethodCallMutator,doScan,276,SURVIVED,none
Robot.java,net.virtualinfinity.atrobots.robot.Robot,org.pitest.mutationtest.engine.gregor.mutators.NonVoidMethodCallMutator,doScan,276,SURVIVED,none
Robot.java,net.virtualinfinity.atrobots.robot.Robot,org.pitest.mutationtest.engine.gregor.mutators.NonVoidMethodCallMutator,doScan,276,SURVIVED,none
Robot.java,net.virtualinfinity.atrobots.robot.Robot,org.pitest.mutationtest.engine.gregor.mutators.NonVoidMethodCallMutator,doScan,276,SURVIVED,none
Robot.java,net.virtualinfinity.atrobots.robot.Robot,org.pitest.mutationtest.engine.gregor.mutators.NonVoidMethodCallMutator,doScan,277,NO_COVERAGE,none
Robot.java,net.virtualinfinity.atrobots.robot.Robot,org.pitest.mutationtest.engine.gregor.mutators.NonVoidMethodCallMutator,doScan,278,NO_COVERAGE,none
Robot.java,net.virtualinfinity.atrobots.robot.Robot,org.pitest.mutationtest.engine.gregor.mutators.NullReturnValsMutator,doScan,279,NO_COVERAGE,none
Robot.java,net.virtualinfinity.atrobots.robot.Robot,org.pitest.mutationtest.engine.gregor.mutators.RemoveConditionalMutator_EQUAL_ELSE,doScan,276,SURVIVED,none
Robot.java,net.virtualinfinity.atrobots.robot.Robot,org.pitest.mutationtest.engine.gregor.mutators.RemoveConditionalMutator_EQUAL_ELSE,doScan,276,SURVIVED,none
Robot.java,net.virtualinfinity.atrobots.robot.Robot,org.pitest.mutationtest.engine.gregor.mutators.RemoveConditionalMutator_EQUAL_IF,doScan,276,SURVIVED,none
Robot.java,net.virtualinfinity.atrobots.robot.Robot,org.pitest.mutationtest.engine.gregor.mutators.RemoveConditionalMutator_EQUAL_IF,doScan,276,SURVIVED,none
Robot.java,net.virtualinfinity.atrobots.robot.Robot,org.pitest.mutationtest.engine.gregor.mutators.ReturnValsMutator,doScan,279,NO_COVERAGE,none
Robot.java,net.virtualinfinity.atrobots.robot.Robot,org.pitest.mutationtest.engine.gregor.mutators.VoidMethodCallMutator,doScan,274,SURVIVED,none
Robot.java,net.virtualinfinity.atrobots.robot.Robot,org.pitest.mutationtest.engine.gregor.mutators.VoidMethodCallMutator,doScan,277,NO_COVERAGE,none
Robot.java,net.virtualinfinity.atrobots.robot.Robot,org.pitest.mutationtest.engine.gregor.mutators.VoidMethodCallMutator,doScan,278,NO_COVERAGE,none
Robot.java,net.virtualinfinity.atrobots.robot.Robot,org.pitest.mutationtest.engine.gregor.mutators.ConstructorCallMutator,getAimTurretPort,154,SURVIVED,none
Robot.java,net.virtualinfinity.atrobots.robot.Robot,org.pitest.mutationtest.engine.gregor.mutators.NullReturnValsMutator,getAimTurretPort,154,SURVIVED,none
Robot.java,net.virtualinfinity.atrobots.robot.Robot,org.pitest.mutationtest.engine.gregor.mutators.ReturnValsMutator,getAimTurretPort,154,SURVIVED,none
Robot.java,net.virtualinfinity.atrobots.robot.Robot,org.pitest.mutationtest.engine.gregor.mutators.NullReturnValsMutator,getArmor,146,SURVIVED,none
Robot.java,net.virtualinfinity.atrobots.robot.Robot,org.pitest.mutationtest.engine.gregor.mutators.ReturnValsMutator,getArmor,146,KILLED,net.virtualinfinity.atrobots.robot.Robot_ESTest.test50
Robot.java,net.virtualinfinity.atrobots.robot.Robot,org.pitest.mutationtest.engine.gregor.mutators.NullReturnValsMutator,getComputer,81,SURVIVED,none
Robot.java,net.virtualinfinity.atrobots.robot.Robot,org.pitest.mutationtest.engine.gregor.mutators.ReturnValsMutator,getComputer,81,KILLED,net.virtualinfinity.atrobots.robot.Robot_ESTest.test60
Robot.java,net.virtualinfinity.atrobots.robot.Robot,org.pitest.mutationtest.engine.gregor.mutators.InlineConstantMutator,getCoolTemp,372,NO_COVERAGE,none
Robot.java,net.virtualinfinity.atrobots.robot.Robot,org.pitest.mutationtest.engine.gregor.mutators.MathMutator,getCoolTemp,372,NO_COVERAGE,none
Robot.java,net.virtualinfinity.atrobots.robot.Robot,org.pitest.mutationtest.engine.gregor.mutators.NonVoidMethodCallMutator,getCoolTemp,372,NO_COVERAGE,none
Robot.java,net.virtualinfinity.atrobots.robot.Robot,org.pitest.mutationtest.engine.gregor.mutators.NonVoidMethodCallMutator,getCoolTemp,372,NO_COVERAGE,none
Robot.java,net.virtualinfinity.atrobots.robot.Robot,org.pitest.mutationtest.engine.gregor.mutators.NullReturnValsMutator,getCoolTemp,372,NO_COVERAGE,none
Robot.java,net.virtualinfinity.atrobots.robot.Robot,org.pitest.mutationtest.engine.gregor.mutators.ReturnValsMutator,getCoolTemp,372,NO_COVERAGE,none
Robot.java,net.virtualinfinity.atrobots.robot.Robot,org.pitest.mutationtest.engine.gregor.mutators.NullReturnValsMutator,getDesiredHeading,166,SURVIVED,none
Robot.java,net.virtualinfinity.atrobots.robot.Robot,org.pitest.mutationtest.engine.gregor.mutators.ReturnValsMutator,getDesiredHeading,166,SURVIVED,none
Robot.java,net.virtualinfinity.atrobots.robot.Robot,org.pitest.mutationtest.engine.gregor.mutators.NullReturnValsMutator,getHardwareBus,244,SURVIVED,none
Robot.java,net.virtualinfinity.atrobots.robot.Robot,org.pitest.mutationtest.engine.gregor.mutators.ReturnValsMutator,getHardwareBus,244,KILLED,net.virtualinfinity.atrobots.robot.Robot_ESTest.test65
Robot.java,net.virtualinfinity.atrobots.robot.Robot,org.pitest.mutationtest.engine.gregor.mutators.NullReturnValsMutator,getHeading,130,KILLED,net.virtualinfinity.atrobots.robot.Robot_ESTest.test57
Robot.java,net.virtualinfinity.atrobots.robot.Robot,org.pitest.mutationtest.engine.gregor.mutators.ReturnValsMutator,getHeading,130,KILLED,net.virtualinfinity.atrobots.robot.Robot_ESTest.test57
Robot.java,net.virtualinfinity.atrobots.robot.Robot,org.pitest.mutationtest.engine.gregor.mutators.NullReturnValsMutator,getHeatSinks,126,SURVIVED,none
Robot.java,net.virtualinfinity.atrobots.robot.Robot,org.pitest.mutationtest.engine.gregor.mutators.ReturnValsMutator,getHeatSinks,126,SURVIVED,none
Robot.java,net.virtualinfinity.atrobots.robot.Robot,org.pitest.mutationtest.engine.gregor.mutators.PrimitiveReturnsMutator,getId,423,KILLED,net.virtualinfinity.atrobots.robot.Robot_ESTest.test51
Robot.java,net.virtualinfinity.atrobots.robot.Robot,org.pitest.mutationtest.engine.gregor.mutators.ReturnValsMutator,getId,423,KILLED,net.virtualinfinity.atrobots.robot.Robot_ESTest.test51
Robot.java,net.virtualinfinity.atrobots.robot.Robot,org.pitest.mutationtest.engine.gregor.mutators.NullReturnValsMutator,getLastDamageGiven,105,KILLED,net.virtualinfinity.atrobots.robot.Robot_ESTest.test77
Robot.java,net.virtualinfinity.atrobots.robot.Robot,org.pitest.mutationtest.engine.gregor.mutators.ReturnValsMutator,getLastDamageGiven,105,KILLED,net.virtualinfinity.atrobots.robot.Robot_ESTest.test77
Robot.java,net.virtualinfinity.atrobots.robot.Robot,org.pitest.mutationtest.engine.gregor.mutators.NullReturnValsMutator,getLastDamageTaken,109,KILLED,net.virtualinfinity.atrobots.robot.Robot_ESTest.test47
Robot.java,net.virtualinfinity.atrobots.robot.Robot,org.pitest.mutationtest.engine.gregor.mutators.ReturnValsMutator,getLastDamageTaken,109,KILLED,net.virtualinfinity.atrobots.robot.Robot_ESTest.test47
Robot.java,net.virtualinfinity.atrobots.robot.Robot,org.pitest.mutationtest.engine.gregor.mutators.NullReturnValsMutator,getMineLayer,202,SURVIVED,none
Robot.java,net.virtualinfinity.atrobots.robot.Robot,org.pitest.mutationtest.engine.gregor.mutators.ReturnValsMutator,getMineLayer,202,KILLED,net.virtualinfinity.atrobots.robot.Robot_ESTest.test64
Robot.java,net.virtualinfinity.atrobots.robot.Robot,org.pitest.mutationtest.engine.gregor.mutators.EmptyObjectReturnValsMutator,getName,407,SURVIVED,none
Robot.java,net.virtualinfinity.atrobots.robot.Robot,org.pitest.mutationtest.engine.gregor.mutators.ReturnValsMutator,getName,407,KILLED,net.virtualinfinity.atrobots.robot.Robot_ESTest.test13
Robot.java,net.virtualinfinity.atrobots.robot.Robot,org.pitest.mutationtest.engine.gregor.mutators.NullReturnValsMutator,getOdometer,118,SURVIVED,none
Robot.java,net.virtualinfinity.atrobots.robot.Robot,org.pitest.mutationtest.engine.gregor.mutators.ReturnValsMutator,getOdometer,118,SURVIVED,none
Robot.java,net.virtualinfinity.atrobots.robot.Robot,org.pitest.mutationtest.engine.gregor.mutators.ConstructorCallMutator,getOverburnLatchPort,174,SURVIVED,none
Robot.java,net.virtualinfinity.atrobots.robot.Robot,org.pitest.mutationtest.engine.gregor.mutators.NullReturnValsMutator,getOverburnLatchPort,174,SURVIVED,none
Robot.java,net.virtualinfinity.atrobots.robot.Robot,org.pitest.mutationtest.engine.gregor.mutators.ReturnValsMutator,getOverburnLatchPort,174,SURVIVED,none
Robot.java,net.virtualinfinity.atrobots.robot.Robot,org.pitest.mutationtest.engine.gregor.mutators.NullReturnValsMutator,getRadar,150,SURVIVED,none
Robot.java,net.virtualinfinity.atrobots.robot.Robot,org.pitest.mutationtest.engine.gregor.mutators.ReturnValsMutator,getRadar,150,KILLED,net.virtualinfinity.atrobots.robot.Robot_ESTest.test59
Robot.java,net.virtualinfinity.atrobots.robot.Robot,org.pitest.mutationtest.engine.gregor.mutators.PrimitiveReturnsMutator,getRoundKills,415,SURVIVED,none
Robot.java,net.virtualinfinity.atrobots.robot.Robot,org.pitest.mutationtest.engine.gregor.mutators.ReturnValsMutator,getRoundKills,415,KILLED,net.virtualinfinity.atrobots.robot.Robot_ESTest.test51
Robot.java,net.virtualinfinity.atrobots.robot.Robot,org.pitest.mutationtest.engine.gregor.mutators.NullReturnValsMutator,getShield,207,SURVIVED,none
Robot.java,net.virtualinfinity.atrobots.robot.Robot,org.pitest.mutationtest.engine.gregor.mutators.ReturnValsMutator,getShield,207,KILLED,net.virtualinfinity.atrobots.robot.Robot_ESTest.test51
Robot.java,net.virtualinfinity.atrobots.robot.Robot,org.pitest.mutationtest.engine.gregor.mutators.ConstructorCallMutator,getShutdownLevelLatchPort,190,SURVIVED,none
Robot.java,net.virtualinfinity.atrobots.robot.Robot,org.pitest.mutationtest.engine.gregor.mutators.NullReturnValsMutator,getShutdownLevelLatchPort,190,SURVIVED,none
Robot.java,net.virtualinfinity.atrobots.robot.Robot,org.pitest.mutationtest.engine.gregor.mutators.ReturnValsMutator,getShutdownLevelLatchPort,190,SURVIVED,none
Robot.java,net.virtualinfinity.atrobots.robot.Robot,org.pitest.mutationtest.engine.gregor.mutators.NullReturnValsMutator,getSonar,170,SURVIVED,none
Robot.java,net.virtualinfinity.atrobots.robot.Robot,org.pitest.mutationtest.engine.gregor.mutators.ReturnValsMutator,getSonar,170,KILLED,net.virtualinfinity.atrobots.robot.Robot_ESTest.test46
Robot.java,net.virtualinfinity.atrobots.robot.Robot,org.pitest.mutationtest.engine.gregor.mutators.NullReturnValsMutator,getSpeed,101,KILLED,net.virtualinfinity.atrobots.robot.Robot_ESTest.test74
Robot.java,net.virtualinfinity.atrobots.robot.Robot,org.pitest.mutationtest.engine.gregor.mutators.ReturnValsMutator,getSpeed,101,KILLED,net.virtualinfinity.atrobots.robot.Robot_ESTest.test74
Robot.java,net.virtualinfinity.atrobots.robot.Robot,org.pitest.mutationtest.engine.gregor.mutators.NullReturnValsMutator,getThrottle,122,SURVIVED,none
Robot.java,net.virtualinfinity.atrobots.robot.Robot,org.pitest.mutationtest.engine.gregor.mutators.ReturnValsMutator,getThrottle,122,KILLED,net.virtualinfinity.atrobots.robot.Robot_ESTest.test67
Robot.java,net.virtualinfinity.atrobots.robot.Robot,org.pitest.mutationtest.engine.gregor.mutators.NonVoidMethodCallMutator,getTotalDeaths,419,KILLED,net.virtualinfinity.atrobots.robot.Robot_ESTest.test22
Robot.java,net.virtualinfinity.atrobots.robot.Robot,org.pitest.mutationtest.engine.gregor.mutators.PrimitiveReturnsMutator,getTotalDeaths,419,SURVIVED,none
Robot.java,net.virtualinfinity.atrobots.robot.Robot,org.pitest.mutationtest.engine.gregor.mutators.ReturnValsMutator,getTotalDeaths,419,SURVIVED,none
Robot.java,net.virtualinfinity.atrobots.robot.Robot,org.pitest.mutationtest.engine.gregor.mutators.NonVoidMethodCallMutator,getTotalKills,411,KILLED,net.virtualinfinity.atrobots.robot.Robot_ESTest.test31
Robot.java,net.virtualinfinity.atrobots.robot.Robot,org.pitest.mutationtest.engine.gregor.mutators.PrimitiveReturnsMutator,getTotalKills,411,KILLED,net.virtualinfinity.atrobots.robot.Robot_ESTest.test31
Robot.java,net.virtualinfinity.atrobots.robot.Robot,org.pitest.mutationtest.engine.gregor.mutators.ReturnValsMutator,getTotalKills,411,KILLED,net.virtualinfinity.atrobots.robot.Robot_ESTest.test31
Robot.java,net.virtualinfinity.atrobots.robot.Robot,org.pitest.mutationtest.engine.gregor.mutators.NonVoidMethodCallMutator,getTotalTies,431,KILLED,net.virtualinfinity.atrobots.robot.Robot_ESTest.test21
Robot.java,net.virtualinfinity.atrobots.robot.Robot,org.pitest.mutationtest.engine.gregor.mutators.PrimitiveReturnsMutator,getTotalTies,431,KILLED,net.virtualinfinity.atrobots.robot.Robot_ESTest.test32
Robot.java,net.virtualinfinity.atrobots.robot.Robot,org.pitest.mutationtest.engine.gregor.mutators.ReturnValsMutator,getTotalTies,431,KILLED,net.virtualinfinity.atrobots.robot.Robot_ESTest.test32
Robot.java,net.virtualinfinity.atrobots.robot.Robot,org.pitest.mutationtest.engine.gregor.mutators.NonVoidMethodCallMutator,getTotalWins,427,KILLED,net.virtualinfinity.atrobots.robot.Robot_ESTest.test33
Robot.java,net.virtualinfinity.atrobots.robot.Robot,org.pitest.mutationtest.engine.gregor.mutators.PrimitiveReturnsMutator,getTotalWins,427,KILLED,net.virtualinfinity.atrobots.robot.Robot_ESTest.test33
Robot.java,net.virtualinfinity.atrobots.robot.Robot,org.pitest.mutationtest.engine.gregor.mutators.ReturnValsMutator,getTotalWins,427,KILLED,net.virtualinfinity.atrobots.robot.Robot_ESTest.test33
Robot.java,net.virtualinfinity.atrobots.robot.Robot,org.pitest.mutationtest.engine.gregor.mutators.NullReturnValsMutator,getTransceiver,113,SURVIVED,none
Robot.java,net.virtualinfinity.atrobots.robot.Robot,org.pitest.mutationtest.engine.gregor.mutators.ReturnValsMutator,getTransceiver,113,KILLED,net.virtualinfinity.atrobots.robot.Robot_ESTest.test41
Robot.java,net.virtualinfinity.atrobots.robot.Robot,org.pitest.mutationtest.engine.gregor.mutators.NullReturnValsMutator,getTransponder,97,SURVIVED,none
Robot.java,net.virtualinfinity.atrobots.robot.Robot,org.pitest.mutationtest.engine.gregor.mutators.ReturnValsMutator,getTransponder,97,KILLED,net.virtualinfinity.atrobots.robot.Robot_ESTest.test68
Robot.java,net.virtualinfinity.atrobots.robot.Robot,org.pitest.mutationtest.engine.gregor.mutators.NullReturnValsMutator,getTurret,89,KILLED,net.virtualinfinity.atrobots.robot.Robot_ESTest.test57
Robot.java,net.virtualinfinity.atrobots.robot.Robot,org.pitest.mutationtest.engine.gregor.mutators.ReturnValsMutator,getTurret,89,KILLED,net.virtualinfinity.atrobots.robot.Robot_ESTest.test30
Robot.java,net.virtualinfinity.atrobots.robot.Robot,org.pitest.mutationtest.engine.gregor.mutators.ConstructorCallMutator,getTurretOffsetSensor,134,SURVIVED,none
Robot.java,net.virtualinfinity.atrobots.robot.Robot,org.pitest.mutationtest.engine.gregor.mutators.NullReturnValsMutator,getTurretOffsetSensor,134,SURVIVED,none
Robot.java,net.virtualinfinity.atrobots.robot.Robot,org.pitest.mutationtest.engine.gregor.mutators.ReturnValsMutator,getTurretOffsetSensor,134,SURVIVED,none
Robot.java,net.virtualinfinity.atrobots.robot.Robot,org.pitest.mutationtest.engine.gregor.mutators.NonVoidMethodCallMutator,getTurretShift,142,KILLED,net.virtualinfinity.atrobots.robot.Robot_ESTest.test57
Robot.java,net.virtualinfinity.atrobots.robot.Robot,org.pitest.mutationtest.engine.gregor.mutators.NonVoidMethodCallMutator,getTurretShift,142,KILLED,net.virtualinfinity.atrobots.robot.Robot_ESTest.test57
Robot.java,net.virtualinfinity.atrobots.robot.Robot,org.pitest.mutationtest.engine.gregor.mutators.NonVoidMethodCallMutator,getTurretShift,142,KILLED,net.virtualinfinity.atrobots.robot.Robot_ESTest.test57
Robot.java,net.virtualinfinity.atrobots.robot.Robot,org.pitest.mutationtest.engine.gregor.mutators.NonVoidMethodCallMutator,getTurretShift,142,KILLED,net.virtualinfinity.atrobots.robot.Robot_ESTest.test57
Robot.java,net.virtualinfinity.atrobots.robot.Robot,org.pitest.mutationtest.engine.gregor.mutators.NonVoidMethodCallMutator,getTurretShift,142,KILLED,net.virtualinfinity.atrobots.robot.Robot_ESTest.test57
Robot.java,net.virtualinfinity.atrobots.robot.Robot,org.pitest.mutationtest.engine.gregor.mutators.NonVoidMethodCallMutator,getTurretShift,142,KILLED,net.virtualinfinity.atrobots.robot.Robot_ESTest.test57
Robot.java,net.virtualinfinity.atrobots.robot.Robot,org.pitest.mutationtest.engine.gregor.mutators.NonVoidMethodCallMutator,getTurretShift,142,SURVIVED,none
Robot.java,net.virtualinfinity.atrobots.robot.Robot,org.pitest.mutationtest.engine.gregor.mutators.PrimitiveReturnsMutator,getTurretShift,142,SURVIVED,none
Robot.java,net.virtualinfinity.atrobots.robot.Robot,org.pitest.mutationtest.engine.gregor.mutators.ReturnValsMutator,getTurretShift,142,SURVIVED,none
Robot.java,net.virtualinfinity.atrobots.robot.Robot,org.pitest.mutationtest.engine.gregor.mutators.ArgumentPropagationMutator,inflictDamage,322,SURVIVED,none
Robot.java,net.virtualinfinity.atrobots.robot.Robot,org.pitest.mutationtest.engine.gregor.mutators.ConditionalsBoundaryMutator,inflictDamage,323,SURVIVED,none
Robot.java,net.virtualinfinity.atrobots.robot.Robot,org.pitest.mutationtest.engine.gregor.mutators.InlineConstantMutator,inflictDamage,323,SURVIVED,none
Robot.java,net.virtualinfinity.atrobots.robot.Robot,org.pitest.mutationtest.engine.gregor.mutators.NegateConditionalsMutator,inflictDamage,321,KILLED,net.virtualinfinity.atrobots.robot.Robot_ESTest.test35
Robot.java,net.virtualinfinity.atrobots.robot.Robot,org.pitest.mutationtest.engine.gregor.mutators.NegateConditionalsMutator,inflictDamage,323,SURVIVED,none
Robot.java,net.virtualinfinity.atrobots.robot.Robot,org.pitest.mutationtest.engine.gregor.mutators.NegateConditionalsMutator,inflictDamage,328,NO_COVERAGE,none
Robot.java,net.virtualinfinity.atrobots.robot.Robot,org.pitest.mutationtest.engine.gregor.mutators.NonVoidMethodCallMutator,inflictDamage,321,SURVIVED,none
Robot.java,net.virtualinfinity.atrobots.robot.Robot,org.pitest.mutationtest.engine.gregor.mutators.NonVoidMethodCallMutator,inflictDamage,322,SURVIVED,none
Robot.java,net.virtualinfinity.atrobots.robot.Robot,org.pitest.mutationtest.engine.gregor.mutators.NonVoidMethodCallMutator,inflictDamage,324,NO_COVERAGE,none
Robot.java,net.virtualinfinity.atrobots.robot.Robot,org.pitest.mutationtest.engine.gregor.mutators.NonVoidMethodCallMutator,inflictDamage,324,NO_COVERAGE,none
Robot.java,net.virtualinfinity.atrobots.robot.Robot,org.pitest.mutationtest.engine.gregor.mutators.NonVoidMethodCallMutator,inflictDamage,324,NO_COVERAGE,none
Robot.java,net.virtualinfinity.atrobots.robot.Robot,org.pitest.mutationtest.engine.gregor.mutators.NonVoidMethodCallMutator,inflictDamage,328,NO_COVERAGE,none
Robot.java,net.virtualinfinity.atrobots.robot.Robot,org.pitest.mutationtest.engine.gregor.mutators.RemoveConditionalMutator_EQUAL_ELSE,inflictDamage,321,KILLED,net.virtualinfinity.atrobots.robot.Robot_ESTest.test35
Robot.java,net.virtualinfinity.atrobots.robot.Robot,org.pitest.mutationtest.engine.gregor.mutators.RemoveConditionalMutator_EQUAL_ELSE,inflictDamage,328,NO_COVERAGE,none
Robot.java,net.virtualinfinity.atrobots.robot.Robot,org.pitest.mutationtest.engine.gregor.mutators.RemoveConditionalMutator_EQUAL_IF,inflictDamage,321,SURVIVED,none
Robot.java,net.virtualinfinity.atrobots.robot.Robot,org.pitest.mutationtest.engine.gregor.mutators.RemoveConditionalMutator_EQUAL_IF,inflictDamage,328,NO_COVERAGE,none
Robot.java,net.virtualinfinity.atrobots.robot.Robot,org.pitest.mutationtest.engine.gregor.mutators.RemoveConditionalMutator_ORDER_ELSE,inflictDamage,323,SURVIVED,none
Robot.java,net.virtualinfinity.atrobots.robot.Robot,org.pitest.mutationtest.engine.gregor.mutators.RemoveConditionalMutator_ORDER_IF,inflictDamage,323,SURVIVED,none
Robot.java,net.virtualinfinity.atrobots.robot.Robot,org.pitest.mutationtest.engine.gregor.mutators.VoidMethodCallMutator,inflictDamage,325,NO_COVERAGE,none
Robot.java,net.virtualinfinity.atrobots.robot.Robot,org.pitest.mutationtest.engine.gregor.mutators.VoidMethodCallMutator,inflictDamage,327,NO_COVERAGE,none
Robot.java,net.virtualinfinity.atrobots.robot.Robot,org.pitest.mutationtest.engine.gregor.mutators.VoidMethodCallMutator,inflictDamage,329,NO_COVERAGE,none
Robot.java,net.virtualinfinity.atrobots.robot.Robot,org.pitest.mutationtest.engine.gregor.mutators.experimental.MemberVariableMutator,inflictDamage,324,NO_COVERAGE,none
Robot.java,net.virtualinfinity.atrobots.robot.Robot,org.pitest.mutationtest.engine.gregor.mutators.NonVoidMethodCallMutator,inflictedDamage,400,SURVIVED,none
Robot.java,net.virtualinfinity.atrobots.robot.Robot,org.pitest.mutationtest.engine.gregor.mutators.NonVoidMethodCallMutator,inflictedDamage,400,SURVIVED,none
Robot.java,net.virtualinfinity.atrobots.robot.Robot,org.pitest.mutationtest.engine.gregor.mutators.NonVoidMethodCallMutator,inflictedDamage,400,SURVIVED,none
Robot.java,net.virtualinfinity.atrobots.robot.Robot,org.pitest.mutationtest.engine.gregor.mutators.VoidMethodCallMutator,inflictedDamage,402,NO_COVERAGE,none
Robot.java,net.virtualinfinity.atrobots.robot.Robot,org.pitest.mutationtest.engine.gregor.mutators.experimental.MemberVariableMutator,inflictedDamage,400,SURVIVED,none
Robot.java,net.virtualinfinity.atrobots.robot.Robot,org.pitest.mutationtest.engine.gregor.mutators.BooleanFalseReturnValsMutator,isOverburn,186,SURVIVED,none
Robot.java,net.virtualinfinity.atrobots.robot.Robot,org.pitest.mutationtest.engine.gregor.mutators.BooleanTrueReturnValsMutator,isOverburn,186,KILLED,net.virtualinfinity.atrobots.robot.Robot_ESTest.test43
Robot.java,net.virtualinfinity.atrobots.robot.Robot,org.pitest.mutationtest.engine.gregor.mutators.ReturnValsMutator,isOverburn,186,KILLED,net.virtualinfinity.atrobots.robot.Robot_ESTest.test43
Robot.java,net.virtualinfinity.atrobots.robot.Robot,org.pitest.mutationtest.engine.gregor.mutators.VoidMethodCallMutator,killedRobot,395,KILLED,net.virtualinfinity.atrobots.robot.Robot_ESTest.test31
Robot.java,net.virtualinfinity.atrobots.robot.Robot,org.pitest.mutationtest.engine.gregor.mutators.InlineConstantMutator,reset,252,KILLED,net.virtualinfinity.atrobots.robot.Robot_ESTest.test43
Robot.java,net.virtualinfinity.atrobots.robot.Robot,org.pitest.mutationtest.engine.gregor.mutators.VoidMethodCallMutator,reset,252,SURVIVED,none
Robot.java,net.virtualinfinity.atrobots.robot.Robot,org.pitest.mutationtest.engine.gregor.mutators.InlineConstantMutator,scan,265,NO_COVERAGE,none
Robot.java,net.virtualinfinity.atrobots.robot.Robot,org.pitest.mutationtest.engine.gregor.mutators.MathMutator,scan,265,NO_COVERAGE,none
Robot.java,net.virtualinfinity.atrobots.robot.Robot,org.pitest.mutationtest.engine.gregor.mutators.NegateConditionalsMutator,scan,258,SURVIVED,none
Robot.java,net.virtualinfinity.atrobots.robot.Robot,org.pitest.mutationtest.engine.gregor.mutators.NegateConditionalsMutator,scan,260,NO_COVERAGE,none
Robot.java,net.virtualinfinity.atrobots.robot.Robot,org.pitest.mutationtest.engine.gregor.mutators.NonVoidMethodCallMutator,scan,257,SURVIVED,none
Robot.java,net.virtualinfinity.atrobots.robot.Robot,org.pitest.mutationtest.engine.gregor.mutators.NonVoidMethodCallMutator,scan,258,SURVIVED,none
Robot.java,net.virtualinfinity.atrobots.robot.Robot,org.pitest.mutationtest.engine.gregor.mutators.NonVoidMethodCallMutator,scan,259,NO_COVERAGE,none
Robot.java,net.virtualinfinity.atrobots.robot.Robot,org.pitest.mutationtest.engine.gregor.mutators.NonVoidMethodCallMutator,scan,259,NO_COVERAGE,none
Robot.java,net.virtualinfinity.atrobots.robot.Robot,org.pitest.mutationtest.engine.gregor.mutators.NonVoidMethodCallMutator,scan,259,NO_COVERAGE,none
Robot.java,net.virtualinfinity.atrobots.robot.Robot,org.pitest.mutationtest.engine.gregor.mutators.NonVoidMethodCallMutator,scan,259,NO_COVERAGE,none
Robot.java,net.virtualinfinity.atrobots.robot.Robot,org.pitest.mutationtest.engine.gregor.mutators.NonVoidMethodCallMutator,scan,259,NO_COVERAGE,none
Robot.java,net.virtualinfinity.atrobots.robot.Robot,org.pitest.mutationtest.engine.gregor.mutators.NonVoidMethodCallMutator,scan,261,NO_COVERAGE,none
Robot.java,net.virtualinfinity.atrobots.robot.Robot,org.pitest.mutationtest.engine.gregor.mutators.NonVoidMethodCallMutator,scan,261,NO_COVERAGE,none
Robot.java,net.virtualinfinity.atrobots.robot.Robot,org.pitest.mutationtest.engine.gregor.mutators.NonVoidMethodCallMutator,scan,261,NO_COVERAGE,none
Robot.java,net.virtualinfinity.atrobots.robot.Robot,org.pitest.mutationtest.engine.gregor.mutators.NonVoidMethodCallMutator,scan,262,NO_COVERAGE,none
Robot.java,net.virtualinfinity.atrobots.robot.Robot,org.pitest.mutationtest.engine.gregor.mutators.NonVoidMethodCallMutator,scan,262,NO_COVERAGE,none
Robot.java,net.virtualinfinity.atrobots.robot.Robot,org.pitest.mutationtest.engine.gregor.mutators.NonVoidMethodCallMutator,scan,262,NO_COVERAGE,none
Robot.java,net.virtualinfinity.atrobots.robot.Robot,org.pitest.mutationtest.engine.gregor.mutators.NonVoidMethodCallMutator,scan,263,NO_COVERAGE,none
Robot.java,net.virtualinfinity.atrobots.robot.Robot,org.pitest.mutationtest.engine.gregor.mutators.NonVoidMethodCallMutator,scan,263,NO_COVERAGE,none
Robot.java,net.virtualinfinity.atrobots.robot.Robot,org.pitest.mutationtest.engine.gregor.mutators.NonVoidMethodCallMutator,scan,263,NO_COVERAGE,none
Robot.java,net.virtualinfinity.atrobots.robot.Robot,org.pitest.mutationtest.engine.gregor.mutators.NonVoidMethodCallMutator,scan,263,NO_COVERAGE,none
Robot.java,net.virtualinfinity.atrobots.robot.Robot,org.pitest.mutationtest.engine.gregor.mutators.NonVoidMethodCallMutator,scan,263,NO_COVERAGE,none
Robot.java,net.virtualinfinity.atrobots.robot.Robot,org.pitest.mutationtest.engine.gregor.mutators.NonVoidMethodCallMutator,scan,264,NO_COVERAGE,none
Robot.java,net.virtualinfinity.atrobots.robot.Robot,org.pitest.mutationtest.engine.gregor.mutators.NonVoidMethodCallMutator,scan,264,NO_COVERAGE,none
Robot.java,net.virtualinfinity.atrobots.robot.Robot,org.pitest.mutationtest.engine.gregor.mutators.NonVoidMethodCallMutator,scan,264,NO_COVERAGE,none
Robot.java,net.virtualinfinity.atrobots.robot.Robot,org.pitest.mutationtest.engine.gregor.mutators.NonVoidMethodCallMutator,scan,264,NO_COVERAGE,none
Robot.java,net.virtualinfinity.atrobots.robot.Robot,org.pitest.mutationtest.engine.gregor.mutators.NonVoidMethodCallMutator,scan,264,NO_COVERAGE,none
Robot.java,net.virtualinfinity.atrobots.robot.Robot,org.pitest.mutationtest.engine.gregor.mutators.NonVoidMethodCallMutator,scan,264,NO_COVERAGE,none
Robot.java,net.virtualinfinity.atrobots.robot.Robot,org.pitest.mutationtest.engine.gregor.mutators.NonVoidMethodCallMutator,scan,265,NO_COVERAGE,none
Robot.java,net.virtualinfinity.atrobots.robot.Robot,org.pitest.mutationtest.engine.gregor.mutators.NonVoidMethodCallMutator,scan,265,NO_COVERAGE,none
Robot.java,net.virtualinfinity.atrobots.robot.Robot,org.pitest.mutationtest.engine.gregor.mutators.NonVoidMethodCallMutator,scan,265,NO_COVERAGE,none
Robot.java,net.virtualinfinity.atrobots.robot.Robot,org.pitest.mutationtest.engine.gregor.mutators.NonVoidMethodCallMutator,scan,265,NO_COVERAGE,none
Robot.java,net.virtualinfinity.atrobots.robot.Robot,org.pitest.mutationtest.engine.gregor.mutators.NonVoidMethodCallMutator,scan,265,NO_COVERAGE,none
Robot.java,net.virtualinfinity.atrobots.robot.Robot,org.pitest.mutationtest.engine.gregor.mutators.NonVoidMethodCallMutator,scan,265,NO_COVERAGE,none
Robot.java,net.virtualinfinity.atrobots.robot.Robot,org.pitest.mutationtest.engine.gregor.mutators.NonVoidMethodCallMutator,scan,265,NO_COVERAGE,none
Robot.java,net.virtualinfinity.atrobots.robot.Robot,org.pitest.mutationtest.engine.gregor.mutators.NullReturnValsMutator,scan,268,NO_COVERAGE,none
Robot.java,net.virtualinfinity.atrobots.robot.Robot,org.pitest.mutationtest.engine.gregor.mutators.RemoveConditionalMutator_EQUAL_ELSE,scan,258,SURVIVED,none
Robot.java,net.virtualinfinity.atrobots.robot.Robot,org.pitest.mutationtest.engine.gregor.mutators.RemoveConditionalMutator_EQUAL_ELSE,scan,260,NO_COVERAGE,none
Robot.java,net.virtualinfinity.atrobots.robot.Robot,org.pitest.mutationtest.engine.gregor.mutators.RemoveConditionalMutator_EQUAL_IF,scan,258,SURVIVED,none
Robot.java,net.virtualinfinity.atrobots.robot.Robot,org.pitest.mutationtest.engine.gregor.mutators.RemoveConditionalMutator_EQUAL_IF,scan,260,NO_COVERAGE,none
Robot.java,net.virtualinfinity.atrobots.robot.Robot,org.pitest.mutationtest.engine.gregor.mutators.ReturnValsMutator,scan,268,NO_COVERAGE,none
Robot.java,net.virtualinfinity.atrobots.robot.Robot,org.pitest.mutationtest.engine.gregor.mutators.VoidMethodCallMutator,scan,259,NO_COVERAGE,none
Robot.java,net.virtualinfinity.atrobots.robot.Robot,org.pitest.mutationtest.engine.gregor.mutators.VoidMethodCallMutator,scan,263,NO_COVERAGE,none
Robot.java,net.virtualinfinity.atrobots.robot.Robot,org.pitest.mutationtest.engine.gregor.mutators.VoidMethodCallMutator,scan,264,NO_COVERAGE,none
Robot.java,net.virtualinfinity.atrobots.robot.Robot,org.pitest.mutationtest.engine.gregor.mutators.VoidMethodCallMutator,scan,265,NO_COVERAGE,none
Robot.java,net.virtualinfinity.atrobots.robot.Robot,org.pitest.mutationtest.engine.gregor.mutators.VoidMethodCallMutator,setArmor,224,KILLED,net.virtualinfinity.atrobots.robot.Robot_ESTest.test18
Robot.java,net.virtualinfinity.atrobots.robot.Robot,org.pitest.mutationtest.engine.gregor.mutators.experimental.MemberVariableMutator,setArmor,223,SURVIVED,none
Robot.java,net.virtualinfinity.atrobots.robot.Robot,org.pitest.mutationtest.engine.gregor.mutators.NonVoidMethodCallMutator,setComputer,76,KILLED,net.virtualinfinity.atrobots.robot.Robot_ESTest.test05
Robot.java,net.virtualinfinity.atrobots.robot.Robot,org.pitest.mutationtest.engine.gregor.mutators.NonVoidMethodCallMutator,setComputer,77,SURVIVED,none
Robot.java,net.virtualinfinity.atrobots.robot.Robot,org.pitest.mutationtest.engine.gregor.mutators.VoidMethodCallMutator,setComputer,76,KILLED,net.virtualinfinity.atrobots.robot.Robot_ESTest.test05
Robot.java,net.virtualinfinity.atrobots.robot.Robot,org.pitest.mutationtest.engine.gregor.mutators.VoidMethodCallMutator,setComputer,77,SURVIVED,none
Robot.java,net.virtualinfinity.atrobots.robot.Robot,org.pitest.mutationtest.engine.gregor.mutators.experimental.MemberVariableMutator,setComputer,75,SURVIVED,none
Robot.java,net.virtualinfinity.atrobots.robot.Robot,org.pitest.mutationtest.engine.gregor.mutators.experimental.MemberVariableMutator,setHardwareBus,248,SURVIVED,none
Robot.java,net.virtualinfinity.atrobots.robot.Robot,org.pitest.mutationtest.engine.gregor.mutators.experimental.MemberVariableMutator,setMineLayer,236,SURVIVED,none
Robot.java,net.virtualinfinity.atrobots.robot.Robot,org.pitest.mutationtest.engine.gregor.mutators.experimental.MemberVariableMutator,setOverburn,93,SURVIVED,none
Robot.java,net.virtualinfinity.atrobots.robot.Robot,org.pitest.mutationtest.engine.gregor.mutators.experimental.MemberVariableMutator,setRadar,228,SURVIVED,none
Robot.java,net.virtualinfinity.atrobots.robot.Robot,org.pitest.mutationtest.engine.gregor.mutators.experimental.MemberVariableMutator,setShield,240,SURVIVED,none
Robot.java,net.virtualinfinity.atrobots.robot.Robot,org.pitest.mutationtest.engine.gregor.mutators.experimental.MemberVariableMutator,setSonar,232,SURVIVED,none
Robot.java,net.virtualinfinity.atrobots.robot.Robot,org.pitest.mutationtest.engine.gregor.mutators.VoidMethodCallMutator,setThrottle,377,SURVIVED,none
Robot.java,net.virtualinfinity.atrobots.robot.Robot,org.pitest.mutationtest.engine.gregor.mutators.VoidMethodCallMutator,setThrottle,378,SURVIVED,none
Robot.java,net.virtualinfinity.atrobots.robot.Robot,org.pitest.mutationtest.engine.gregor.mutators.experimental.MemberVariableMutator,setThrottle,376,SURVIVED,none
Robot.java,net.virtualinfinity.atrobots.robot.Robot,org.pitest.mutationtest.engine.gregor.mutators.experimental.MemberVariableMutator,setTransceiver,219,KILLED,net.virtualinfinity.atrobots.robot.Robot_ESTest.test07
Robot.java,net.virtualinfinity.atrobots.robot.Robot,org.pitest.mutationtest.engine.gregor.mutators.experimental.MemberVariableMutator,setTransponder,215,SURVIVED,none
Robot.java,net.virtualinfinity.atrobots.robot.Robot,org.pitest.mutationtest.engine.gregor.mutators.experimental.MemberVariableMutator,setTurret,211,KILLED,net.virtualinfinity.atrobots.robot.Robot_ESTest.test57
Robot.java,net.virtualinfinity.atrobots.robot.Robot,org.pitest.mutationtest.engine.gregor.mutators.NonVoidMethodCallMutator,setTurretOffset,162,NO_COVERAGE,none
Robot.java,net.virtualinfinity.atrobots.robot.Robot,org.pitest.mutationtest.engine.gregor.mutators.NonVoidMethodCallMutator,setTurretOffset,162,NO_COVERAGE,none
Robot.java,net.virtualinfinity.atrobots.robot.Robot,org.pitest.mutationtest.engine.gregor.mutators.NonVoidMethodCallMutator,setTurretOffset,162,NO_COVERAGE,none
Robot.java,net.virtualinfinity.atrobots.robot.Robot,org.pitest.mutationtest.engine.gregor.mutators.NonVoidMethodCallMutator,setTurretOffset,162,NO_COVERAGE,none
Robot.java,net.virtualinfinity.atrobots.robot.Robot,org.pitest.mutationtest.engine.gregor.mutators.NonVoidMethodCallMutator,setTurretOffset,162,NO_COVERAGE,none
Robot.java,net.virtualinfinity.atrobots.robot.Robot,org.pitest.mutationtest.engine.gregor.mutators.VoidMethodCallMutator,setTurretOffset,162,NO_COVERAGE,none
Robot.java,net.virtualinfinity.atrobots.robot.Robot,org.pitest.mutationtest.engine.gregor.mutators.experimental.NakedReceiverMutator,setTurretOffset,162,NO_COVERAGE,none
Robot.java,net.virtualinfinity.atrobots.robot.Robot,org.pitest.mutationtest.engine.gregor.mutators.VoidMethodCallMutator,tieRound,389,KILLED,net.virtualinfinity.atrobots.robot.Robot_ESTest.test32
Robot.java,net.virtualinfinity.atrobots.robot.Robot,org.pitest.mutationtest.engine.gregor.mutators.ConditionalsBoundaryMutator,update,350,SURVIVED,none
Robot.java,net.virtualinfinity.atrobots.robot.Robot,org.pitest.mutationtest.engine.gregor.mutators.ConditionalsBoundaryMutator,update,352,NO_COVERAGE,none
Robot.java,net.virtualinfinity.atrobots.robot.Robot,org.pitest.mutationtest.engine.gregor.mutators.ConditionalsBoundaryMutator,update,354,NO_COVERAGE,none
Robot.java,net.virtualinfinity.atrobots.robot.Robot,org.pitest.mutationtest.engine.gregor.mutators.ConditionalsBoundaryMutator,update,356,NO_COVERAGE,none
Robot.java,net.virtualinfinity.atrobots.robot.Robot,org.pitest.mutationtest.engine.gregor.mutators.ConditionalsBoundaryMutator,update,358,NO_COVERAGE,none
Robot.java,net.virtualinfinity.atrobots.robot.Robot,org.pitest.mutationtest.engine.gregor.mutators.ConditionalsBoundaryMutator,update,360,NO_COVERAGE,none
Robot.java,net.virtualinfinity.atrobots.robot.Robot,org.pitest.mutationtest.engine.gregor.mutators.ConditionalsBoundaryMutator,update,365,NO_COVERAGE,none
Robot.java,net.virtualinfinity.atrobots.robot.Robot,org.pitest.mutationtest.engine.gregor.mutators.ConditionalsBoundaryMutator,update,365,NO_COVERAGE,none
Robot.java,net.virtualinfinity.atrobots.robot.Robot,org.pitest.mutationtest.engine.gregor.mutators.ConditionalsBoundaryMutator,update,365,NO_COVERAGE,none
Robot.java,net.virtualinfinity.atrobots.robot.Robot,org.pitest.mutationtest.engine.gregor.mutators.ConditionalsBoundaryMutator,update,365,NO_COVERAGE,none
Robot.java,net.virtualinfinity.atrobots.robot.Robot,org.pitest.mutationtest.engine.gregor.mutators.InlineConstantMutator,update,350,SURVIVED,none
Robot.java,net.virtualinfinity.atrobots.robot.Robot,org.pitest.mutationtest.engine.gregor.mutators.InlineConstantMutator,update,352,NO_COVERAGE,none
Robot.java,net.virtualinfinity.atrobots.robot.Robot,org.pitest.mutationtest.engine.gregor.mutators.InlineConstantMutator,update,353,NO_COVERAGE,none
Robot.java,net.virtualinfinity.atrobots.robot.Robot,org.pitest.mutationtest.engine.gregor.mutators.InlineConstantMutator,update,354,NO_COVERAGE,none
Robot.java,net.virtualinfinity.atrobots.robot.Robot,org.pitest.mutationtest.engine.gregor.mutators.InlineConstantMutator,update,355,NO_COVERAGE,none
Robot.java,net.virtualinfinity.atrobots.robot.Robot,org.pitest.mutationtest.engine.gregor.mutators.InlineConstantMutator,update,356,NO_COVERAGE,none
Robot.java,net.virtualinfinity.atrobots.robot.Robot,org.pitest.mutationtest.engine.gregor.mutators.InlineConstantMutator,update,357,NO_COVERAGE,none
Robot.java,net.virtualinfinity.atrobots.robot.Robot,org.pitest.mutationtest.engine.gregor.mutators.InlineConstantMutator,update,358,NO_COVERAGE,none
Robot.java,net.virtualinfinity.atrobots.robot.Robot,org.pitest.mutationtest.engine.gregor.mutators.InlineConstantMutator,update,359,NO_COVERAGE,none
Robot.java,net.virtualinfinity.atrobots.robot.Robot,org.pitest.mutationtest.engine.gregor.mutators.InlineConstantMutator,update,360,NO_COVERAGE,none
Robot.java,net.virtualinfinity.atrobots.robot.Robot,org.pitest.mutationtest.engine.gregor.mutators.InlineConstantMutator,update,361,NO_COVERAGE,none
Robot.java,net.virtualinfinity.atrobots.robot.Robot,org.pitest.mutationtest.engine.gregor.mutators.InlineConstantMutator,update,363,NO_COVERAGE,none
Robot.java,net.virtualinfinity.atrobots.robot.Robot,org.pitest.mutationtest.engine.gregor.mutators.InlineConstantMutator,update,365,NO_COVERAGE,none
Robot.java,net.virtualinfinity.atrobots.robot.Robot,org.pitest.mutationtest.engine.gregor.mutators.InlineConstantMutator,update,365,NO_COVERAGE,none
Robot.java,net.virtualinfinity.atrobots.robot.Robot,org.pitest.mutationtest.engine.gregor.mutators.InlineConstantMutator,update,365,NO_COVERAGE,none
Robot.java,net.virtualinfinity.atrobots.robot.Robot,org.pitest.mutationtest.engine.gregor.mutators.InlineConstantMutator,update,365,NO_COVERAGE,none
Robot.java,net.virtualinfinity.atrobots.robot.Robot,org.pitest.mutationtest.engine.gregor.mutators.MathMutator,update,353,NO_COVERAGE,none
Robot.java,net.virtualinfinity.atrobots.robot.Robot,org.pitest.mutationtest.engine.gregor.mutators.MathMutator,update,355,NO_COVERAGE,none
Robot.java,net.virtualinfinity.atrobots.robot.Robot,org.pitest.mutationtest.engine.gregor.mutators.MathMutator,update,357,NO_COVERAGE,none
Robot.java,net.virtualinfinity.atrobots.robot.Robot,org.pitest.mutationtest.engine.gregor.mutators.MathMutator,update,359,NO_COVERAGE,none
Robot.java,net.virtualinfinity.atrobots.robot.Robot,org.pitest.mutationtest.engine.gregor.mutators.MathMutator,update,361,NO_COVERAGE,none
Robot.java,net.virtualinfinity.atrobots.robot.Robot,org.pitest.mutationtest.engine.gregor.mutators.NegateConditionalsMutator,update,350,SURVIVED,none
Robot.java,net.virtualinfinity.atrobots.robot.Robot,org.pitest.mutationtest.engine.gregor.mutators.NegateConditionalsMutator,update,352,NO_COVERAGE,none
Robot.java,net.virtualinfinity.atrobots.robot.Robot,org.pitest.mutationtest.engine.gregor.mutators.NegateConditionalsMutator,update,354,NO_COVERAGE,none
Robot.java,net.virtualinfinity.atrobots.robot.Robot,org.pitest.mutationtest.engine.gregor.mutators.NegateConditionalsMutator,update,356,NO_COVERAGE,none
Robot.java,net.virtualinfinity.atrobots.robot.Robot,org.pitest.mutationtest.engine.gregor.mutators.NegateConditionalsMutator,update,358,NO_COVERAGE,none
Robot.java,net.virtualinfinity.atrobots.robot.Robot,org.pitest.mutationtest.engine.gregor.mutators.NegateConditionalsMutator,update,360,NO_COVERAGE,none
Robot.java,net.virtualinfinity.atrobots.robot.Robot,org.pitest.mutationtest.engine.gregor.mutators.NegateConditionalsMutator,update,363,NO_COVERAGE,none
Robot.java,net.virtualinfinity.atrobots.robot.Robot,org.pitest.mutationtest.engine.gregor.mutators.NegateConditionalsMutator,update,365,NO_COVERAGE,none
Robot.java,net.virtualinfinity.atrobots.robot.Robot,org.pitest.mutationtest.engine.gregor.mutators.NegateConditionalsMutator,update,365,NO_COVERAGE,none
Robot.java,net.virtualinfinity.atrobots.robot.Robot,org.pitest.mutationtest.engine.gregor.mutators.NegateConditionalsMutator,update,365,NO_COVERAGE,none
Robot.java,net.virtualinfinity.atrobots.robot.Robot,org.pitest.mutationtest.engine.gregor.mutators.NegateConditionalsMutator,update,365,NO_COVERAGE,none
Robot.java,net.virtualinfinity.atrobots.robot.Robot,org.pitest.mutationtest.engine.gregor.mutators.NonVoidMethodCallMutator,update,347,SURVIVED,none
Robot.java,net.virtualinfinity.atrobots.robot.Robot,org.pitest.mutationtest.engine.gregor.mutators.NonVoidMethodCallMutator,update,348,SURVIVED,none
Robot.java,net.virtualinfinity.atrobots.robot.Robot,org.pitest.mutationtest.engine.gregor.mutators.NonVoidMethodCallMutator,update,348,SURVIVED,none
Robot.java,net.virtualinfinity.atrobots.robot.Robot,org.pitest.mutationtest.engine.gregor.mutators.NonVoidMethodCallMutator,update,349,SURVIVED,none
Robot.java,net.virtualinfinity.atrobots.robot.Robot,org.pitest.mutationtest.engine.gregor.mutators.NonVoidMethodCallMutator,update,350,SURVIVED,none
Robot.java,net.virtualinfinity.atrobots.robot.Robot,org.pitest.mutationtest.engine.gregor.mutators.NonVoidMethodCallMutator,update,350,SURVIVED,none
Robot.java,net.virtualinfinity.atrobots.robot.Robot,org.pitest.mutationtest.engine.gregor.mutators.NonVoidMethodCallMutator,update,352,NO_COVERAGE,none
Robot.java,net.virtualinfinity.atrobots.robot.Robot,org.pitest.mutationtest.engine.gregor.mutators.NonVoidMethodCallMutator,update,352,NO_COVERAGE,none
Robot.java,net.virtualinfinity.atrobots.robot.Robot,org.pitest.mutationtest.engine.gregor.mutators.NonVoidMethodCallMutator,update,353,NO_COVERAGE,none
Robot.java,net.virtualinfinity.atrobots.robot.Robot,org.pitest.mutationtest.engine.gregor.mutators.NonVoidMethodCallMutator,update,354,NO_COVERAGE,none
Robot.java,net.virtualinfinity.atrobots.robot.Robot,org.pitest.mutationtest.engine.gregor.mutators.NonVoidMethodCallMutator,update,354,NO_COVERAGE,none
Robot.java,net.virtualinfinity.atrobots.robot.Robot,org.pitest.mutationtest.engine.gregor.mutators.NonVoidMethodCallMutator,update,355,NO_COVERAGE,none
Robot.java,net.virtualinfinity.atrobots.robot.Robot,org.pitest.mutationtest.engine.gregor.mutators.NonVoidMethodCallMutator,update,356,NO_COVERAGE,none
Robot.java,net.virtualinfinity.atrobots.robot.Robot,org.pitest.mutationtest.engine.gregor.mutators.NonVoidMethodCallMutator,update,356,NO_COVERAGE,none
Robot.java,net.virtualinfinity.atrobots.robot.Robot,org.pitest.mutationtest.engine.gregor.mutators.NonVoidMethodCallMutator,update,357,NO_COVERAGE,none
Robot.java,net.virtualinfinity.atrobots.robot.Robot,org.pitest.mutationtest.engine.gregor.mutators.NonVoidMethodCallMutator,update,358,NO_COVERAGE,none
Robot.java,net.virtualinfinity.atrobots.robot.Robot,org.pitest.mutationtest.engine.gregor.mutators.NonVoidMethodCallMutator,update,358,NO_COVERAGE,none
Robot.java,net.virtualinfinity.atrobots.robot.Robot,org.pitest.mutationtest.engine.gregor.mutators.NonVoidMethodCallMutator,update,359,NO_COVERAGE,none
Robot.java,net.virtualinfinity.atrobots.robot.Robot,org.pitest.mutationtest.engine.gregor.mutators.NonVoidMethodCallMutator,update,360,NO_COVERAGE,none
Robot.java,net.virtualinfinity.atrobots.robot.Robot,org.pitest.mutationtest.engine.gregor.mutators.NonVoidMethodCallMutator,update,360,NO_COVERAGE,none
Robot.java,net.virtualinfinity.atrobots.robot.Robot,org.pitest.mutationtest.engine.gregor.mutators.NonVoidMethodCallMutator,update,361,NO_COVERAGE,none
Robot.java,net.virtualinfinity.atrobots.robot.Robot,org.pitest.mutationtest.engine.gregor.mutators.NonVoidMethodCallMutator,update,363,NO_COVERAGE,none
Robot.java,net.virtualinfinity.atrobots.robot.Robot,org.pitest.mutationtest.engine.gregor.mutators.NonVoidMethodCallMutator,update,363,NO_COVERAGE,none
Robot.java,net.virtualinfinity.atrobots.robot.Robot,org.pitest.mutationtest.engine.gregor.mutators.NonVoidMethodCallMutator,update,363,NO_COVERAGE,none
Robot.java,net.virtualinfinity.atrobots.robot.Robot,org.pitest.mutationtest.engine.gregor.mutators.NonVoidMethodCallMutator,update,363,NO_COVERAGE,none
Robot.java,net.virtualinfinity.atrobots.robot.Robot,org.pitest.mutationtest.engine.gregor.mutators.NonVoidMethodCallMutator,update,365,NO_COVERAGE,none
Robot.java,net.virtualinfinity.atrobots.robot.Robot,org.pitest.mutationtest.engine.gregor.mutators.NonVoidMethodCallMutator,update,365,NO_COVERAGE,none
Robot.java,net.virtualinfinity.atrobots.robot.Robot,org.pitest.mutationtest.engine.gregor.mutators.NonVoidMethodCallMutator,update,365,NO_COVERAGE,none
Robot.java,net.virtualinfinity.atrobots.robot.Robot,org.pitest.mutationtest.engine.gregor.mutators.NonVoidMethodCallMutator,update,365,NO_COVERAGE,none
Robot.java,net.virtualinfinity.atrobots.robot.Robot,org.pitest.mutationtest.engine.gregor.mutators.RemoveConditionalMutator_EQUAL_ELSE,update,363,NO_COVERAGE,none
Robot.java,net.virtualinfinity.atrobots.robot.Robot,org.pitest.mutationtest.engine.gregor.mutators.RemoveConditionalMutator_EQUAL_IF,update,363,NO_COVERAGE,none
Robot.java,net.virtualinfinity.atrobots.robot.Robot,org.pitest.mutationtest.engine.gregor.mutators.RemoveConditionalMutator_ORDER_ELSE,update,350,SURVIVED,none
Robot.java,net.virtualinfinity.atrobots.robot.Robot,org.pitest.mutationtest.engine.gregor.mutators.RemoveConditionalMutator_ORDER_ELSE,update,352,NO_COVERAGE,none
Robot.java,net.virtualinfinity.atrobots.robot.Robot,org.pitest.mutationtest.engine.gregor.mutators.RemoveConditionalMutator_ORDER_ELSE,update,354,NO_COVERAGE,none
Robot.java,net.virtualinfinity.atrobots.robot.Robot,org.pitest.mutationtest.engine.gregor.mutators.RemoveConditionalMutator_ORDER_ELSE,update,356,NO_COVERAGE,none
Robot.java,net.virtualinfinity.atrobots.robot.Robot,org.pitest.mutationtest.engine.gregor.mutators.RemoveConditionalMutator_ORDER_ELSE,update,358,NO_COVERAGE,none
Robot.java,net.virtualinfinity.atrobots.robot.Robot,org.pitest.mutationtest.engine.gregor.mutators.RemoveConditionalMutator_ORDER_ELSE,update,360,NO_COVERAGE,none
Robot.java,net.virtualinfinity.atrobots.robot.Robot,org.pitest.mutationtest.engine.gregor.mutators.RemoveConditionalMutator_ORDER_ELSE,update,365,NO_COVERAGE,none
Robot.java,net.virtualinfinity.atrobots.robot.Robot,org.pitest.mutationtest.engine.gregor.mutators.RemoveConditionalMutator_ORDER_ELSE,update,365,NO_COVERAGE,none
Robot.java,net.virtualinfinity.atrobots.robot.Robot,org.pitest.mutationtest.engine.gregor.mutators.RemoveConditionalMutator_ORDER_ELSE,update,365,NO_COVERAGE,none
Robot.java,net.virtualinfinity.atrobots.robot.Robot,org.pitest.mutationtest.engine.gregor.mutators.RemoveConditionalMutator_ORDER_ELSE,update,365,NO_COVERAGE,none
Robot.java,net.virtualinfinity.atrobots.robot.Robot,org.pitest.mutationtest.engine.gregor.mutators.RemoveConditionalMutator_ORDER_IF,update,350,SURVIVED,none
Robot.java,net.virtualinfinity.atrobots.robot.Robot,org.pitest.mutationtest.engine.gregor.mutators.RemoveConditionalMutator_ORDER_IF,update,352,NO_COVERAGE,none
Robot.java,net.virtualinfinity.atrobots.robot.Robot,org.pitest.mutationtest.engine.gregor.mutators.RemoveConditionalMutator_ORDER_IF,update,354,NO_COVERAGE,none
Robot.java,net.virtualinfinity.atrobots.robot.Robot,org.pitest.mutationtest.engine.gregor.mutators.RemoveConditionalMutator_ORDER_IF,update,356,NO_COVERAGE,none
Robot.java,net.virtualinfinity.atrobots.robot.Robot,org.pitest.mutationtest.engine.gregor.mutators.RemoveConditionalMutator_ORDER_IF,update,358,NO_COVERAGE,none
Robot.java,net.virtualinfinity.atrobots.robot.Robot,org.pitest.mutationtest.engine.gregor.mutators.RemoveConditionalMutator_ORDER_IF,update,360,NO_COVERAGE,none
Robot.java,net.virtualinfinity.atrobots.robot.Robot,org.pitest.mutationtest.engine.gregor.mutators.RemoveConditionalMutator_ORDER_IF,update,365,NO_COVERAGE,none
Robot.java,net.virtualinfinity.atrobots.robot.Robot,org.pitest.mutationtest.engine.gregor.mutators.RemoveConditionalMutator_ORDER_IF,update,365,NO_COVERAGE,none
Robot.java,net.virtualinfinity.atrobots.robot.Robot,org.pitest.mutationtest.engine.gregor.mutators.RemoveConditionalMutator_ORDER_IF,update,365,NO_COVERAGE,none
Robot.java,net.virtualinfinity.atrobots.robot.Robot,org.pitest.mutationtest.engine.gregor.mutators.RemoveConditionalMutator_ORDER_IF,update,365,NO_COVERAGE,none
Robot.java,net.virtualinfinity.atrobots.robot.Robot,org.pitest.mutationtest.engine.gregor.mutators.VoidMethodCallMutator,update,345,SURVIVED,none
Robot.java,net.virtualinfinity.atrobots.robot.Robot,org.pitest.mutationtest.engine.gregor.mutators.VoidMethodCallMutator,update,346,KILLED,net.virtualinfinity.atrobots.robot.Robot_ESTest.test17
Robot.java,net.virtualinfinity.atrobots.robot.Robot,org.pitest.mutationtest.engine.gregor.mutators.VoidMethodCallMutator,update,347,SURVIVED,none
Robot.java,net.virtualinfinity.atrobots.robot.Robot,org.pitest.mutationtest.engine.gregor.mutators.VoidMethodCallMutator,update,348,SURVIVED,none
Robot.java,net.virtualinfinity.atrobots.robot.Robot,org.pitest.mutationtest.engine.gregor.mutators.VoidMethodCallMutator,update,349,SURVIVED,none
Robot.java,net.virtualinfinity.atrobots.robot.Robot,org.pitest.mutationtest.engine.gregor.mutators.VoidMethodCallMutator,update,351,NO_COVERAGE,none
Robot.java,net.virtualinfinity.atrobots.robot.Robot,org.pitest.mutationtest.engine.gregor.mutators.VoidMethodCallMutator,update,353,NO_COVERAGE,none
Robot.java,net.virtualinfinity.atrobots.robot.Robot,org.pitest.mutationtest.engine.gregor.mutators.VoidMethodCallMutator,update,355,NO_COVERAGE,none
Robot.java,net.virtualinfinity.atrobots.robot.Robot,org.pitest.mutationtest.engine.gregor.mutators.VoidMethodCallMutator,update,357,NO_COVERAGE,none
Robot.java,net.virtualinfinity.atrobots.robot.Robot,org.pitest.mutationtest.engine.gregor.mutators.VoidMethodCallMutator,update,359,NO_COVERAGE,none
Robot.java,net.virtualinfinity.atrobots.robot.Robot,org.pitest.mutationtest.engine.gregor.mutators.VoidMethodCallMutator,update,361,NO_COVERAGE,none
Robot.java,net.virtualinfinity.atrobots.robot.Robot,org.pitest.mutationtest.engine.gregor.mutators.VoidMethodCallMutator,update,363,NO_COVERAGE,none
Robot.java,net.virtualinfinity.atrobots.robot.Robot,org.pitest.mutationtest.engine.gregor.mutators.VoidMethodCallMutator,update,364,NO_COVERAGE,none
Robot.java,net.virtualinfinity.atrobots.robot.Robot,org.pitest.mutationtest.engine.gregor.mutators.VoidMethodCallMutator,update,367,NO_COVERAGE,none
Robot.java,net.virtualinfinity.atrobots.robot.Robot,org.pitest.mutationtest.engine.gregor.mutators.experimental.NakedReceiverMutator,update,363,NO_COVERAGE,none
Robot.java,net.virtualinfinity.atrobots.robot.Robot,org.pitest.mutationtest.engine.gregor.mutators.VoidMethodCallMutator,winRound,383,KILLED,net.virtualinfinity.atrobots.robot.Robot_ESTest.test33
