turkishStemmer.java,org.tartarus.snowball.ext.turkishStemmer,org.pitest.mutationtest.engine.gregor.mutators.VoidMethodCallMutator,copy_from,232,NO_COVERAGE,none
turkishStemmer.java,org.tartarus.snowball.ext.turkishStemmer,org.pitest.mutationtest.engine.gregor.mutators.experimental.MemberVariableMutator,copy_from,230,NO_COVERAGE,none
turkishStemmer.java,org.tartarus.snowball.ext.turkishStemmer,org.pitest.mutationtest.engine.gregor.mutators.experimental.MemberVariableMutator,copy_from,231,NO_COVERAGE,none
turkishStemmer.java,org.tartarus.snowball.ext.turkishStemmer,org.pitest.mutationtest.engine.gregor.mutators.BooleanFalseReturnValsMutator,equals,3136,KILLED,org.tartarus.snowball.ext.turkishStemmer_ESTest.test01
turkishStemmer.java,org.tartarus.snowball.ext.turkishStemmer,org.pitest.mutationtest.engine.gregor.mutators.BooleanTrueReturnValsMutator,equals,3136,KILLED,org.tartarus.snowball.ext.turkishStemmer_ESTest.test18
turkishStemmer.java,org.tartarus.snowball.ext.turkishStemmer,org.pitest.mutationtest.engine.gregor.mutators.ReturnValsMutator,equals,3136,KILLED,org.tartarus.snowball.ext.turkishStemmer_ESTest.test18
turkishStemmer.java,org.tartarus.snowball.ext.turkishStemmer,org.pitest.mutationtest.engine.gregor.mutators.NonVoidMethodCallMutator,hashCode,3140,KILLED,org.tartarus.snowball.ext.turkishStemmer_ESTest.test19
turkishStemmer.java,org.tartarus.snowball.ext.turkishStemmer,org.pitest.mutationtest.engine.gregor.mutators.NonVoidMethodCallMutator,hashCode,3140,SURVIVED,none
turkishStemmer.java,org.tartarus.snowball.ext.turkishStemmer,org.pitest.mutationtest.engine.gregor.mutators.PrimitiveReturnsMutator,hashCode,3140,SURVIVED,none
turkishStemmer.java,org.tartarus.snowball.ext.turkishStemmer,org.pitest.mutationtest.engine.gregor.mutators.ReturnValsMutator,hashCode,3140,SURVIVED,none
turkishStemmer.java,org.tartarus.snowball.ext.turkishStemmer,org.pitest.mutationtest.engine.gregor.mutators.BooleanFalseReturnValsMutator,r_append_U_to_stems_ending_with_d_or_g,2921,SURVIVED,none
turkishStemmer.java,org.tartarus.snowball.ext.turkishStemmer,org.pitest.mutationtest.engine.gregor.mutators.BooleanTrueReturnValsMutator,r_append_U_to_stems_ending_with_d_or_g,2705,SURVIVED,none
turkishStemmer.java,org.tartarus.snowball.ext.turkishStemmer,org.pitest.mutationtest.engine.gregor.mutators.BooleanTrueReturnValsMutator,r_append_U_to_stems_ending_with_d_or_g,2891,NO_COVERAGE,none
turkishStemmer.java,org.tartarus.snowball.ext.turkishStemmer,org.pitest.mutationtest.engine.gregor.mutators.BooleanTrueReturnValsMutator,r_append_U_to_stems_ending_with_d_or_g,2910,NO_COVERAGE,none
turkishStemmer.java,org.tartarus.snowball.ext.turkishStemmer,org.pitest.mutationtest.engine.gregor.mutators.ConditionalsBoundaryMutator,r_append_U_to_stems_ending_with_d_or_g,2731,SURVIVED,none
turkishStemmer.java,org.tartarus.snowball.ext.turkishStemmer,org.pitest.mutationtest.engine.gregor.mutators.ConditionalsBoundaryMutator,r_append_U_to_stems_ending_with_d_or_g,2784,SURVIVED,none
turkishStemmer.java,org.tartarus.snowball.ext.turkishStemmer,org.pitest.mutationtest.engine.gregor.mutators.ConditionalsBoundaryMutator,r_append_U_to_stems_ending_with_d_or_g,2837,SURVIVED,none
turkishStemmer.java,org.tartarus.snowball.ext.turkishStemmer,org.pitest.mutationtest.engine.gregor.mutators.ConditionalsBoundaryMutator,r_append_U_to_stems_ending_with_d_or_g,2889,NO_COVERAGE,none
turkishStemmer.java,org.tartarus.snowball.ext.turkishStemmer,org.pitest.mutationtest.engine.gregor.mutators.InlineConstantMutator,r_append_U_to_stems_ending_with_d_or_g,2695,SURVIVED,none
turkishStemmer.java,org.tartarus.snowball.ext.turkishStemmer,org.pitest.mutationtest.engine.gregor.mutators.InlineConstantMutator,r_append_U_to_stems_ending_with_d_or_g,2703,SURVIVED,none
turkishStemmer.java,org.tartarus.snowball.ext.turkishStemmer,org.pitest.mutationtest.engine.gregor.mutators.InlineConstantMutator,r_append_U_to_stems_ending_with_d_or_g,2705,SURVIVED,none
turkishStemmer.java,org.tartarus.snowball.ext.turkishStemmer,org.pitest.mutationtest.engine.gregor.mutators.InlineConstantMutator,r_append_U_to_stems_ending_with_d_or_g,2723,SURVIVED,none
turkishStemmer.java,org.tartarus.snowball.ext.turkishStemmer,org.pitest.mutationtest.engine.gregor.mutators.InlineConstantMutator,r_append_U_to_stems_ending_with_d_or_g,2723,SURVIVED,none
turkishStemmer.java,org.tartarus.snowball.ext.turkishStemmer,org.pitest.mutationtest.engine.gregor.mutators.InlineConstantMutator,r_append_U_to_stems_ending_with_d_or_g,2735,TIMED_OUT,none
turkishStemmer.java,org.tartarus.snowball.ext.turkishStemmer,org.pitest.mutationtest.engine.gregor.mutators.InlineConstantMutator,r_append_U_to_stems_ending_with_d_or_g,2742,SURVIVED,none
turkishStemmer.java,org.tartarus.snowball.ext.turkishStemmer,org.pitest.mutationtest.engine.gregor.mutators.InlineConstantMutator,r_append_U_to_stems_ending_with_d_or_g,2750,SURVIVED,none
turkishStemmer.java,org.tartarus.snowball.ext.turkishStemmer,org.pitest.mutationtest.engine.gregor.mutators.InlineConstantMutator,r_append_U_to_stems_ending_with_d_or_g,2776,SURVIVED,none
turkishStemmer.java,org.tartarus.snowball.ext.turkishStemmer,org.pitest.mutationtest.engine.gregor.mutators.InlineConstantMutator,r_append_U_to_stems_ending_with_d_or_g,2776,SURVIVED,none
turkishStemmer.java,org.tartarus.snowball.ext.turkishStemmer,org.pitest.mutationtest.engine.gregor.mutators.InlineConstantMutator,r_append_U_to_stems_ending_with_d_or_g,2788,TIMED_OUT,none
turkishStemmer.java,org.tartarus.snowball.ext.turkishStemmer,org.pitest.mutationtest.engine.gregor.mutators.InlineConstantMutator,r_append_U_to_stems_ending_with_d_or_g,2795,SURVIVED,none
turkishStemmer.java,org.tartarus.snowball.ext.turkishStemmer,org.pitest.mutationtest.engine.gregor.mutators.InlineConstantMutator,r_append_U_to_stems_ending_with_d_or_g,2803,SURVIVED,none
turkishStemmer.java,org.tartarus.snowball.ext.turkishStemmer,org.pitest.mutationtest.engine.gregor.mutators.InlineConstantMutator,r_append_U_to_stems_ending_with_d_or_g,2829,SURVIVED,none
turkishStemmer.java,org.tartarus.snowball.ext.turkishStemmer,org.pitest.mutationtest.engine.gregor.mutators.InlineConstantMutator,r_append_U_to_stems_ending_with_d_or_g,2829,SURVIVED,none
turkishStemmer.java,org.tartarus.snowball.ext.turkishStemmer,org.pitest.mutationtest.engine.gregor.mutators.InlineConstantMutator,r_append_U_to_stems_ending_with_d_or_g,2841,TIMED_OUT,none
turkishStemmer.java,org.tartarus.snowball.ext.turkishStemmer,org.pitest.mutationtest.engine.gregor.mutators.InlineConstantMutator,r_append_U_to_stems_ending_with_d_or_g,2848,SURVIVED,none
turkishStemmer.java,org.tartarus.snowball.ext.turkishStemmer,org.pitest.mutationtest.engine.gregor.mutators.InlineConstantMutator,r_append_U_to_stems_ending_with_d_or_g,2856,NO_COVERAGE,none
turkishStemmer.java,org.tartarus.snowball.ext.turkishStemmer,org.pitest.mutationtest.engine.gregor.mutators.InlineConstantMutator,r_append_U_to_stems_ending_with_d_or_g,2881,NO_COVERAGE,none
turkishStemmer.java,org.tartarus.snowball.ext.turkishStemmer,org.pitest.mutationtest.engine.gregor.mutators.InlineConstantMutator,r_append_U_to_stems_ending_with_d_or_g,2881,NO_COVERAGE,none
turkishStemmer.java,org.tartarus.snowball.ext.turkishStemmer,org.pitest.mutationtest.engine.gregor.mutators.InlineConstantMutator,r_append_U_to_stems_ending_with_d_or_g,2891,NO_COVERAGE,none
turkishStemmer.java,org.tartarus.snowball.ext.turkishStemmer,org.pitest.mutationtest.engine.gregor.mutators.InlineConstantMutator,r_append_U_to_stems_ending_with_d_or_g,2893,NO_COVERAGE,none
turkishStemmer.java,org.tartarus.snowball.ext.turkishStemmer,org.pitest.mutationtest.engine.gregor.mutators.InlineConstantMutator,r_append_U_to_stems_ending_with_d_or_g,2900,NO_COVERAGE,none
turkishStemmer.java,org.tartarus.snowball.ext.turkishStemmer,org.pitest.mutationtest.engine.gregor.mutators.InlineConstantMutator,r_append_U_to_stems_ending_with_d_or_g,2908,NO_COVERAGE,none
turkishStemmer.java,org.tartarus.snowball.ext.turkishStemmer,org.pitest.mutationtest.engine.gregor.mutators.InlineConstantMutator,r_append_U_to_stems_ending_with_d_or_g,2910,NO_COVERAGE,none
turkishStemmer.java,org.tartarus.snowball.ext.turkishStemmer,org.pitest.mutationtest.engine.gregor.mutators.InlineConstantMutator,r_append_U_to_stems_ending_with_d_or_g,2921,SURVIVED,none
turkishStemmer.java,org.tartarus.snowball.ext.turkishStemmer,org.pitest.mutationtest.engine.gregor.mutators.MathMutator,r_append_U_to_stems_ending_with_d_or_g,2688,SURVIVED,none
turkishStemmer.java,org.tartarus.snowball.ext.turkishStemmer,org.pitest.mutationtest.engine.gregor.mutators.MathMutator,r_append_U_to_stems_ending_with_d_or_g,2692,SURVIVED,none
turkishStemmer.java,org.tartarus.snowball.ext.turkishStemmer,org.pitest.mutationtest.engine.gregor.mutators.MathMutator,r_append_U_to_stems_ending_with_d_or_g,2701,SURVIVED,none
turkishStemmer.java,org.tartarus.snowball.ext.turkishStemmer,org.pitest.mutationtest.engine.gregor.mutators.MathMutator,r_append_U_to_stems_ending_with_d_or_g,2708,SURVIVED,none
turkishStemmer.java,org.tartarus.snowball.ext.turkishStemmer,org.pitest.mutationtest.engine.gregor.mutators.MathMutator,r_append_U_to_stems_ending_with_d_or_g,2711,SURVIVED,none
turkishStemmer.java,org.tartarus.snowball.ext.turkishStemmer,org.pitest.mutationtest.engine.gregor.mutators.MathMutator,r_append_U_to_stems_ending_with_d_or_g,2715,SURVIVED,none
turkishStemmer.java,org.tartarus.snowball.ext.turkishStemmer,org.pitest.mutationtest.engine.gregor.mutators.MathMutator,r_append_U_to_stems_ending_with_d_or_g,2721,SURVIVED,none
turkishStemmer.java,org.tartarus.snowball.ext.turkishStemmer,org.pitest.mutationtest.engine.gregor.mutators.MathMutator,r_append_U_to_stems_ending_with_d_or_g,2727,KILLED,org.tartarus.snowball.ext.turkishStemmer_ESTest.test17
turkishStemmer.java,org.tartarus.snowball.ext.turkishStemmer,org.pitest.mutationtest.engine.gregor.mutators.MathMutator,r_append_U_to_stems_ending_with_d_or_g,2730,KILLED,org.tartarus.snowball.ext.turkishStemmer_ESTest.test13
turkishStemmer.java,org.tartarus.snowball.ext.turkishStemmer,org.pitest.mutationtest.engine.gregor.mutators.MathMutator,r_append_U_to_stems_ending_with_d_or_g,2735,KILLED,org.tartarus.snowball.ext.turkishStemmer_ESTest.test17
turkishStemmer.java,org.tartarus.snowball.ext.turkishStemmer,org.pitest.mutationtest.engine.gregor.mutators.MathMutator,r_append_U_to_stems_ending_with_d_or_g,2739,SURVIVED,none
turkishStemmer.java,org.tartarus.snowball.ext.turkishStemmer,org.pitest.mutationtest.engine.gregor.mutators.MathMutator,r_append_U_to_stems_ending_with_d_or_g,2748,KILLED,org.tartarus.snowball.ext.turkishStemmer_ESTest.test17
turkishStemmer.java,org.tartarus.snowball.ext.turkishStemmer,org.pitest.mutationtest.engine.gregor.mutators.MathMutator,r_append_U_to_stems_ending_with_d_or_g,2755,NO_COVERAGE,none
turkishStemmer.java,org.tartarus.snowball.ext.turkishStemmer,org.pitest.mutationtest.engine.gregor.mutators.MathMutator,r_append_U_to_stems_ending_with_d_or_g,2764,SURVIVED,none
turkishStemmer.java,org.tartarus.snowball.ext.turkishStemmer,org.pitest.mutationtest.engine.gregor.mutators.MathMutator,r_append_U_to_stems_ending_with_d_or_g,2768,SURVIVED,none
turkishStemmer.java,org.tartarus.snowball.ext.turkishStemmer,org.pitest.mutationtest.engine.gregor.mutators.MathMutator,r_append_U_to_stems_ending_with_d_or_g,2774,SURVIVED,none
turkishStemmer.java,org.tartarus.snowball.ext.turkishStemmer,org.pitest.mutationtest.engine.gregor.mutators.MathMutator,r_append_U_to_stems_ending_with_d_or_g,2780,KILLED,org.tartarus.snowball.ext.turkishStemmer_ESTest.test17
turkishStemmer.java,org.tartarus.snowball.ext.turkishStemmer,org.pitest.mutationtest.engine.gregor.mutators.MathMutator,r_append_U_to_stems_ending_with_d_or_g,2783,KILLED,org.tartarus.snowball.ext.turkishStemmer_ESTest.test13
turkishStemmer.java,org.tartarus.snowball.ext.turkishStemmer,org.pitest.mutationtest.engine.gregor.mutators.MathMutator,r_append_U_to_stems_ending_with_d_or_g,2788,KILLED,org.tartarus.snowball.ext.turkishStemmer_ESTest.test17
turkishStemmer.java,org.tartarus.snowball.ext.turkishStemmer,org.pitest.mutationtest.engine.gregor.mutators.MathMutator,r_append_U_to_stems_ending_with_d_or_g,2792,SURVIVED,none
turkishStemmer.java,org.tartarus.snowball.ext.turkishStemmer,org.pitest.mutationtest.engine.gregor.mutators.MathMutator,r_append_U_to_stems_ending_with_d_or_g,2801,KILLED,org.tartarus.snowball.ext.turkishStemmer_ESTest.test17
turkishStemmer.java,org.tartarus.snowball.ext.turkishStemmer,org.pitest.mutationtest.engine.gregor.mutators.MathMutator,r_append_U_to_stems_ending_with_d_or_g,2808,NO_COVERAGE,none
turkishStemmer.java,org.tartarus.snowball.ext.turkishStemmer,org.pitest.mutationtest.engine.gregor.mutators.MathMutator,r_append_U_to_stems_ending_with_d_or_g,2817,SURVIVED,none
turkishStemmer.java,org.tartarus.snowball.ext.turkishStemmer,org.pitest.mutationtest.engine.gregor.mutators.MathMutator,r_append_U_to_stems_ending_with_d_or_g,2821,KILLED,org.tartarus.snowball.ext.turkishStemmer_ESTest.test17
turkishStemmer.java,org.tartarus.snowball.ext.turkishStemmer,org.pitest.mutationtest.engine.gregor.mutators.MathMutator,r_append_U_to_stems_ending_with_d_or_g,2827,SURVIVED,none
turkishStemmer.java,org.tartarus.snowball.ext.turkishStemmer,org.pitest.mutationtest.engine.gregor.mutators.MathMutator,r_append_U_to_stems_ending_with_d_or_g,2833,KILLED,org.tartarus.snowball.ext.turkishStemmer_ESTest.test17
turkishStemmer.java,org.tartarus.snowball.ext.turkishStemmer,org.pitest.mutationtest.engine.gregor.mutators.MathMutator,r_append_U_to_stems_ending_with_d_or_g,2836,KILLED,org.tartarus.snowball.ext.turkishStemmer_ESTest.test13
turkishStemmer.java,org.tartarus.snowball.ext.turkishStemmer,org.pitest.mutationtest.engine.gregor.mutators.MathMutator,r_append_U_to_stems_ending_with_d_or_g,2841,KILLED,org.tartarus.snowball.ext.turkishStemmer_ESTest.test17
turkishStemmer.java,org.tartarus.snowball.ext.turkishStemmer,org.pitest.mutationtest.engine.gregor.mutators.MathMutator,r_append_U_to_stems_ending_with_d_or_g,2845,SURVIVED,none
turkishStemmer.java,org.tartarus.snowball.ext.turkishStemmer,org.pitest.mutationtest.engine.gregor.mutators.MathMutator,r_append_U_to_stems_ending_with_d_or_g,2854,NO_COVERAGE,none
turkishStemmer.java,org.tartarus.snowball.ext.turkishStemmer,org.pitest.mutationtest.engine.gregor.mutators.MathMutator,r_append_U_to_stems_ending_with_d_or_g,2861,SURVIVED,none
turkishStemmer.java,org.tartarus.snowball.ext.turkishStemmer,org.pitest.mutationtest.engine.gregor.mutators.MathMutator,r_append_U_to_stems_ending_with_d_or_g,2870,NO_COVERAGE,none
turkishStemmer.java,org.tartarus.snowball.ext.turkishStemmer,org.pitest.mutationtest.engine.gregor.mutators.MathMutator,r_append_U_to_stems_ending_with_d_or_g,2873,NO_COVERAGE,none
turkishStemmer.java,org.tartarus.snowball.ext.turkishStemmer,org.pitest.mutationtest.engine.gregor.mutators.MathMutator,r_append_U_to_stems_ending_with_d_or_g,2879,NO_COVERAGE,none
turkishStemmer.java,org.tartarus.snowball.ext.turkishStemmer,org.pitest.mutationtest.engine.gregor.mutators.MathMutator,r_append_U_to_stems_ending_with_d_or_g,2885,NO_COVERAGE,none
turkishStemmer.java,org.tartarus.snowball.ext.turkishStemmer,org.pitest.mutationtest.engine.gregor.mutators.MathMutator,r_append_U_to_stems_ending_with_d_or_g,2888,NO_COVERAGE,none
turkishStemmer.java,org.tartarus.snowball.ext.turkishStemmer,org.pitest.mutationtest.engine.gregor.mutators.MathMutator,r_append_U_to_stems_ending_with_d_or_g,2893,NO_COVERAGE,none
turkishStemmer.java,org.tartarus.snowball.ext.turkishStemmer,org.pitest.mutationtest.engine.gregor.mutators.MathMutator,r_append_U_to_stems_ending_with_d_or_g,2897,NO_COVERAGE,none
turkishStemmer.java,org.tartarus.snowball.ext.turkishStemmer,org.pitest.mutationtest.engine.gregor.mutators.MathMutator,r_append_U_to_stems_ending_with_d_or_g,2906,NO_COVERAGE,none
turkishStemmer.java,org.tartarus.snowball.ext.turkishStemmer,org.pitest.mutationtest.engine.gregor.mutators.MathMutator,r_append_U_to_stems_ending_with_d_or_g,2913,NO_COVERAGE,none
turkishStemmer.java,org.tartarus.snowball.ext.turkishStemmer,org.pitest.mutationtest.engine.gregor.mutators.NegateConditionalsMutator,r_append_U_to_stems_ending_with_d_or_g,2695,SURVIVED,none
turkishStemmer.java,org.tartarus.snowball.ext.turkishStemmer,org.pitest.mutationtest.engine.gregor.mutators.NegateConditionalsMutator,r_append_U_to_stems_ending_with_d_or_g,2703,SURVIVED,none
turkishStemmer.java,org.tartarus.snowball.ext.turkishStemmer,org.pitest.mutationtest.engine.gregor.mutators.NegateConditionalsMutator,r_append_U_to_stems_ending_with_d_or_g,2723,SURVIVED,none
turkishStemmer.java,org.tartarus.snowball.ext.turkishStemmer,org.pitest.mutationtest.engine.gregor.mutators.NegateConditionalsMutator,r_append_U_to_stems_ending_with_d_or_g,2731,SURVIVED,none
turkishStemmer.java,org.tartarus.snowball.ext.turkishStemmer,org.pitest.mutationtest.engine.gregor.mutators.NegateConditionalsMutator,r_append_U_to_stems_ending_with_d_or_g,2742,SURVIVED,none
turkishStemmer.java,org.tartarus.snowball.ext.turkishStemmer,org.pitest.mutationtest.engine.gregor.mutators.NegateConditionalsMutator,r_append_U_to_stems_ending_with_d_or_g,2750,SURVIVED,none
turkishStemmer.java,org.tartarus.snowball.ext.turkishStemmer,org.pitest.mutationtest.engine.gregor.mutators.NegateConditionalsMutator,r_append_U_to_stems_ending_with_d_or_g,2776,SURVIVED,none
turkishStemmer.java,org.tartarus.snowball.ext.turkishStemmer,org.pitest.mutationtest.engine.gregor.mutators.NegateConditionalsMutator,r_append_U_to_stems_ending_with_d_or_g,2784,SURVIVED,none
turkishStemmer.java,org.tartarus.snowball.ext.turkishStemmer,org.pitest.mutationtest.engine.gregor.mutators.NegateConditionalsMutator,r_append_U_to_stems_ending_with_d_or_g,2795,SURVIVED,none
turkishStemmer.java,org.tartarus.snowball.ext.turkishStemmer,org.pitest.mutationtest.engine.gregor.mutators.NegateConditionalsMutator,r_append_U_to_stems_ending_with_d_or_g,2803,SURVIVED,none
turkishStemmer.java,org.tartarus.snowball.ext.turkishStemmer,org.pitest.mutationtest.engine.gregor.mutators.NegateConditionalsMutator,r_append_U_to_stems_ending_with_d_or_g,2829,SURVIVED,none
turkishStemmer.java,org.tartarus.snowball.ext.turkishStemmer,org.pitest.mutationtest.engine.gregor.mutators.NegateConditionalsMutator,r_append_U_to_stems_ending_with_d_or_g,2837,SURVIVED,none
turkishStemmer.java,org.tartarus.snowball.ext.turkishStemmer,org.pitest.mutationtest.engine.gregor.mutators.NegateConditionalsMutator,r_append_U_to_stems_ending_with_d_or_g,2848,SURVIVED,none
turkishStemmer.java,org.tartarus.snowball.ext.turkishStemmer,org.pitest.mutationtest.engine.gregor.mutators.NegateConditionalsMutator,r_append_U_to_stems_ending_with_d_or_g,2856,NO_COVERAGE,none
turkishStemmer.java,org.tartarus.snowball.ext.turkishStemmer,org.pitest.mutationtest.engine.gregor.mutators.NegateConditionalsMutator,r_append_U_to_stems_ending_with_d_or_g,2881,NO_COVERAGE,none
turkishStemmer.java,org.tartarus.snowball.ext.turkishStemmer,org.pitest.mutationtest.engine.gregor.mutators.NegateConditionalsMutator,r_append_U_to_stems_ending_with_d_or_g,2889,NO_COVERAGE,none
turkishStemmer.java,org.tartarus.snowball.ext.turkishStemmer,org.pitest.mutationtest.engine.gregor.mutators.NegateConditionalsMutator,r_append_U_to_stems_ending_with_d_or_g,2900,NO_COVERAGE,none
turkishStemmer.java,org.tartarus.snowball.ext.turkishStemmer,org.pitest.mutationtest.engine.gregor.mutators.NegateConditionalsMutator,r_append_U_to_stems_ending_with_d_or_g,2908,NO_COVERAGE,none
turkishStemmer.java,org.tartarus.snowball.ext.turkishStemmer,org.pitest.mutationtest.engine.gregor.mutators.NonVoidMethodCallMutator,r_append_U_to_stems_ending_with_d_or_g,2695,SURVIVED,none
turkishStemmer.java,org.tartarus.snowball.ext.turkishStemmer,org.pitest.mutationtest.engine.gregor.mutators.NonVoidMethodCallMutator,r_append_U_to_stems_ending_with_d_or_g,2703,SURVIVED,none
turkishStemmer.java,org.tartarus.snowball.ext.turkishStemmer,org.pitest.mutationtest.engine.gregor.mutators.NonVoidMethodCallMutator,r_append_U_to_stems_ending_with_d_or_g,2723,SURVIVED,none
turkishStemmer.java,org.tartarus.snowball.ext.turkishStemmer,org.pitest.mutationtest.engine.gregor.mutators.NonVoidMethodCallMutator,r_append_U_to_stems_ending_with_d_or_g,2742,SURVIVED,none
turkishStemmer.java,org.tartarus.snowball.ext.turkishStemmer,org.pitest.mutationtest.engine.gregor.mutators.NonVoidMethodCallMutator,r_append_U_to_stems_ending_with_d_or_g,2750,SURVIVED,none
turkishStemmer.java,org.tartarus.snowball.ext.turkishStemmer,org.pitest.mutationtest.engine.gregor.mutators.NonVoidMethodCallMutator,r_append_U_to_stems_ending_with_d_or_g,2776,SURVIVED,none
turkishStemmer.java,org.tartarus.snowball.ext.turkishStemmer,org.pitest.mutationtest.engine.gregor.mutators.NonVoidMethodCallMutator,r_append_U_to_stems_ending_with_d_or_g,2795,SURVIVED,none
turkishStemmer.java,org.tartarus.snowball.ext.turkishStemmer,org.pitest.mutationtest.engine.gregor.mutators.NonVoidMethodCallMutator,r_append_U_to_stems_ending_with_d_or_g,2803,SURVIVED,none
turkishStemmer.java,org.tartarus.snowball.ext.turkishStemmer,org.pitest.mutationtest.engine.gregor.mutators.NonVoidMethodCallMutator,r_append_U_to_stems_ending_with_d_or_g,2829,SURVIVED,none
turkishStemmer.java,org.tartarus.snowball.ext.turkishStemmer,org.pitest.mutationtest.engine.gregor.mutators.NonVoidMethodCallMutator,r_append_U_to_stems_ending_with_d_or_g,2848,SURVIVED,none
turkishStemmer.java,org.tartarus.snowball.ext.turkishStemmer,org.pitest.mutationtest.engine.gregor.mutators.NonVoidMethodCallMutator,r_append_U_to_stems_ending_with_d_or_g,2856,NO_COVERAGE,none
turkishStemmer.java,org.tartarus.snowball.ext.turkishStemmer,org.pitest.mutationtest.engine.gregor.mutators.NonVoidMethodCallMutator,r_append_U_to_stems_ending_with_d_or_g,2881,NO_COVERAGE,none
turkishStemmer.java,org.tartarus.snowball.ext.turkishStemmer,org.pitest.mutationtest.engine.gregor.mutators.NonVoidMethodCallMutator,r_append_U_to_stems_ending_with_d_or_g,2900,NO_COVERAGE,none
turkishStemmer.java,org.tartarus.snowball.ext.turkishStemmer,org.pitest.mutationtest.engine.gregor.mutators.NonVoidMethodCallMutator,r_append_U_to_stems_ending_with_d_or_g,2908,NO_COVERAGE,none
turkishStemmer.java,org.tartarus.snowball.ext.turkishStemmer,org.pitest.mutationtest.engine.gregor.mutators.RemoveConditionalMutator_EQUAL_ELSE,r_append_U_to_stems_ending_with_d_or_g,2695,SURVIVED,none
turkishStemmer.java,org.tartarus.snowball.ext.turkishStemmer,org.pitest.mutationtest.engine.gregor.mutators.RemoveConditionalMutator_EQUAL_ELSE,r_append_U_to_stems_ending_with_d_or_g,2703,SURVIVED,none
turkishStemmer.java,org.tartarus.snowball.ext.turkishStemmer,org.pitest.mutationtest.engine.gregor.mutators.RemoveConditionalMutator_EQUAL_ELSE,r_append_U_to_stems_ending_with_d_or_g,2723,SURVIVED,none
turkishStemmer.java,org.tartarus.snowball.ext.turkishStemmer,org.pitest.mutationtest.engine.gregor.mutators.RemoveConditionalMutator_EQUAL_ELSE,r_append_U_to_stems_ending_with_d_or_g,2742,SURVIVED,none
turkishStemmer.java,org.tartarus.snowball.ext.turkishStemmer,org.pitest.mutationtest.engine.gregor.mutators.RemoveConditionalMutator_EQUAL_ELSE,r_append_U_to_stems_ending_with_d_or_g,2750,SURVIVED,none
turkishStemmer.java,org.tartarus.snowball.ext.turkishStemmer,org.pitest.mutationtest.engine.gregor.mutators.RemoveConditionalMutator_EQUAL_ELSE,r_append_U_to_stems_ending_with_d_or_g,2776,SURVIVED,none
turkishStemmer.java,org.tartarus.snowball.ext.turkishStemmer,org.pitest.mutationtest.engine.gregor.mutators.RemoveConditionalMutator_EQUAL_ELSE,r_append_U_to_stems_ending_with_d_or_g,2795,SURVIVED,none
turkishStemmer.java,org.tartarus.snowball.ext.turkishStemmer,org.pitest.mutationtest.engine.gregor.mutators.RemoveConditionalMutator_EQUAL_ELSE,r_append_U_to_stems_ending_with_d_or_g,2803,SURVIVED,none
turkishStemmer.java,org.tartarus.snowball.ext.turkishStemmer,org.pitest.mutationtest.engine.gregor.mutators.RemoveConditionalMutator_EQUAL_ELSE,r_append_U_to_stems_ending_with_d_or_g,2829,SURVIVED,none
turkishStemmer.java,org.tartarus.snowball.ext.turkishStemmer,org.pitest.mutationtest.engine.gregor.mutators.RemoveConditionalMutator_EQUAL_ELSE,r_append_U_to_stems_ending_with_d_or_g,2848,SURVIVED,none
turkishStemmer.java,org.tartarus.snowball.ext.turkishStemmer,org.pitest.mutationtest.engine.gregor.mutators.RemoveConditionalMutator_EQUAL_ELSE,r_append_U_to_stems_ending_with_d_or_g,2856,NO_COVERAGE,none
turkishStemmer.java,org.tartarus.snowball.ext.turkishStemmer,org.pitest.mutationtest.engine.gregor.mutators.RemoveConditionalMutator_EQUAL_ELSE,r_append_U_to_stems_ending_with_d_or_g,2881,NO_COVERAGE,none
turkishStemmer.java,org.tartarus.snowball.ext.turkishStemmer,org.pitest.mutationtest.engine.gregor.mutators.RemoveConditionalMutator_EQUAL_ELSE,r_append_U_to_stems_ending_with_d_or_g,2900,NO_COVERAGE,none
turkishStemmer.java,org.tartarus.snowball.ext.turkishStemmer,org.pitest.mutationtest.engine.gregor.mutators.RemoveConditionalMutator_EQUAL_ELSE,r_append_U_to_stems_ending_with_d_or_g,2908,NO_COVERAGE,none
turkishStemmer.java,org.tartarus.snowball.ext.turkishStemmer,org.pitest.mutationtest.engine.gregor.mutators.RemoveConditionalMutator_EQUAL_IF,r_append_U_to_stems_ending_with_d_or_g,2695,SURVIVED,none
turkishStemmer.java,org.tartarus.snowball.ext.turkishStemmer,org.pitest.mutationtest.engine.gregor.mutators.RemoveConditionalMutator_EQUAL_IF,r_append_U_to_stems_ending_with_d_or_g,2703,SURVIVED,none
turkishStemmer.java,org.tartarus.snowball.ext.turkishStemmer,org.pitest.mutationtest.engine.gregor.mutators.RemoveConditionalMutator_EQUAL_IF,r_append_U_to_stems_ending_with_d_or_g,2723,SURVIVED,none
turkishStemmer.java,org.tartarus.snowball.ext.turkishStemmer,org.pitest.mutationtest.engine.gregor.mutators.RemoveConditionalMutator_EQUAL_IF,r_append_U_to_stems_ending_with_d_or_g,2742,SURVIVED,none
turkishStemmer.java,org.tartarus.snowball.ext.turkishStemmer,org.pitest.mutationtest.engine.gregor.mutators.RemoveConditionalMutator_EQUAL_IF,r_append_U_to_stems_ending_with_d_or_g,2750,SURVIVED,none
turkishStemmer.java,org.tartarus.snowball.ext.turkishStemmer,org.pitest.mutationtest.engine.gregor.mutators.RemoveConditionalMutator_EQUAL_IF,r_append_U_to_stems_ending_with_d_or_g,2776,SURVIVED,none
turkishStemmer.java,org.tartarus.snowball.ext.turkishStemmer,org.pitest.mutationtest.engine.gregor.mutators.RemoveConditionalMutator_EQUAL_IF,r_append_U_to_stems_ending_with_d_or_g,2795,SURVIVED,none
turkishStemmer.java,org.tartarus.snowball.ext.turkishStemmer,org.pitest.mutationtest.engine.gregor.mutators.RemoveConditionalMutator_EQUAL_IF,r_append_U_to_stems_ending_with_d_or_g,2803,SURVIVED,none
turkishStemmer.java,org.tartarus.snowball.ext.turkishStemmer,org.pitest.mutationtest.engine.gregor.mutators.RemoveConditionalMutator_EQUAL_IF,r_append_U_to_stems_ending_with_d_or_g,2829,SURVIVED,none
turkishStemmer.java,org.tartarus.snowball.ext.turkishStemmer,org.pitest.mutationtest.engine.gregor.mutators.RemoveConditionalMutator_EQUAL_IF,r_append_U_to_stems_ending_with_d_or_g,2848,SURVIVED,none
turkishStemmer.java,org.tartarus.snowball.ext.turkishStemmer,org.pitest.mutationtest.engine.gregor.mutators.RemoveConditionalMutator_EQUAL_IF,r_append_U_to_stems_ending_with_d_or_g,2856,NO_COVERAGE,none
turkishStemmer.java,org.tartarus.snowball.ext.turkishStemmer,org.pitest.mutationtest.engine.gregor.mutators.RemoveConditionalMutator_EQUAL_IF,r_append_U_to_stems_ending_with_d_or_g,2881,NO_COVERAGE,none
turkishStemmer.java,org.tartarus.snowball.ext.turkishStemmer,org.pitest.mutationtest.engine.gregor.mutators.RemoveConditionalMutator_EQUAL_IF,r_append_U_to_stems_ending_with_d_or_g,2900,NO_COVERAGE,none
turkishStemmer.java,org.tartarus.snowball.ext.turkishStemmer,org.pitest.mutationtest.engine.gregor.mutators.RemoveConditionalMutator_EQUAL_IF,r_append_U_to_stems_ending_with_d_or_g,2908,NO_COVERAGE,none
turkishStemmer.java,org.tartarus.snowball.ext.turkishStemmer,org.pitest.mutationtest.engine.gregor.mutators.RemoveConditionalMutator_ORDER_ELSE,r_append_U_to_stems_ending_with_d_or_g,2731,SURVIVED,none
turkishStemmer.java,org.tartarus.snowball.ext.turkishStemmer,org.pitest.mutationtest.engine.gregor.mutators.RemoveConditionalMutator_ORDER_ELSE,r_append_U_to_stems_ending_with_d_or_g,2784,SURVIVED,none
turkishStemmer.java,org.tartarus.snowball.ext.turkishStemmer,org.pitest.mutationtest.engine.gregor.mutators.RemoveConditionalMutator_ORDER_ELSE,r_append_U_to_stems_ending_with_d_or_g,2837,SURVIVED,none
turkishStemmer.java,org.tartarus.snowball.ext.turkishStemmer,org.pitest.mutationtest.engine.gregor.mutators.RemoveConditionalMutator_ORDER_ELSE,r_append_U_to_stems_ending_with_d_or_g,2889,NO_COVERAGE,none
turkishStemmer.java,org.tartarus.snowball.ext.turkishStemmer,org.pitest.mutationtest.engine.gregor.mutators.RemoveConditionalMutator_ORDER_IF,r_append_U_to_stems_ending_with_d_or_g,2731,SURVIVED,none
turkishStemmer.java,org.tartarus.snowball.ext.turkishStemmer,org.pitest.mutationtest.engine.gregor.mutators.RemoveConditionalMutator_ORDER_IF,r_append_U_to_stems_ending_with_d_or_g,2784,SURVIVED,none
turkishStemmer.java,org.tartarus.snowball.ext.turkishStemmer,org.pitest.mutationtest.engine.gregor.mutators.RemoveConditionalMutator_ORDER_IF,r_append_U_to_stems_ending_with_d_or_g,2837,SURVIVED,none
turkishStemmer.java,org.tartarus.snowball.ext.turkishStemmer,org.pitest.mutationtest.engine.gregor.mutators.RemoveConditionalMutator_ORDER_IF,r_append_U_to_stems_ending_with_d_or_g,2889,NO_COVERAGE,none
turkishStemmer.java,org.tartarus.snowball.ext.turkishStemmer,org.pitest.mutationtest.engine.gregor.mutators.ReturnValsMutator,r_append_U_to_stems_ending_with_d_or_g,2705,SURVIVED,none
turkishStemmer.java,org.tartarus.snowball.ext.turkishStemmer,org.pitest.mutationtest.engine.gregor.mutators.ReturnValsMutator,r_append_U_to_stems_ending_with_d_or_g,2891,NO_COVERAGE,none
turkishStemmer.java,org.tartarus.snowball.ext.turkishStemmer,org.pitest.mutationtest.engine.gregor.mutators.ReturnValsMutator,r_append_U_to_stems_ending_with_d_or_g,2910,NO_COVERAGE,none
turkishStemmer.java,org.tartarus.snowball.ext.turkishStemmer,org.pitest.mutationtest.engine.gregor.mutators.ReturnValsMutator,r_append_U_to_stems_ending_with_d_or_g,2921,SURVIVED,none
turkishStemmer.java,org.tartarus.snowball.ext.turkishStemmer,org.pitest.mutationtest.engine.gregor.mutators.VoidMethodCallMutator,r_append_U_to_stems_ending_with_d_or_g,2759,NO_COVERAGE,none
turkishStemmer.java,org.tartarus.snowball.ext.turkishStemmer,org.pitest.mutationtest.engine.gregor.mutators.VoidMethodCallMutator,r_append_U_to_stems_ending_with_d_or_g,2812,NO_COVERAGE,none
turkishStemmer.java,org.tartarus.snowball.ext.turkishStemmer,org.pitest.mutationtest.engine.gregor.mutators.VoidMethodCallMutator,r_append_U_to_stems_ending_with_d_or_g,2865,SURVIVED,none
turkishStemmer.java,org.tartarus.snowball.ext.turkishStemmer,org.pitest.mutationtest.engine.gregor.mutators.VoidMethodCallMutator,r_append_U_to_stems_ending_with_d_or_g,2917,NO_COVERAGE,none
turkishStemmer.java,org.tartarus.snowball.ext.turkishStemmer,org.pitest.mutationtest.engine.gregor.mutators.experimental.MemberVariableMutator,r_append_U_to_stems_ending_with_d_or_g,2701,SURVIVED,none
turkishStemmer.java,org.tartarus.snowball.ext.turkishStemmer,org.pitest.mutationtest.engine.gregor.mutators.experimental.MemberVariableMutator,r_append_U_to_stems_ending_with_d_or_g,2708,SURVIVED,none
turkishStemmer.java,org.tartarus.snowball.ext.turkishStemmer,org.pitest.mutationtest.engine.gregor.mutators.experimental.MemberVariableMutator,r_append_U_to_stems_ending_with_d_or_g,2727,SURVIVED,none
turkishStemmer.java,org.tartarus.snowball.ext.turkishStemmer,org.pitest.mutationtest.engine.gregor.mutators.experimental.MemberVariableMutator,r_append_U_to_stems_ending_with_d_or_g,2730,SURVIVED,none
turkishStemmer.java,org.tartarus.snowball.ext.turkishStemmer,org.pitest.mutationtest.engine.gregor.mutators.experimental.MemberVariableMutator,r_append_U_to_stems_ending_with_d_or_g,2735,TIMED_OUT,none
turkishStemmer.java,org.tartarus.snowball.ext.turkishStemmer,org.pitest.mutationtest.engine.gregor.mutators.experimental.MemberVariableMutator,r_append_U_to_stems_ending_with_d_or_g,2748,SURVIVED,none
turkishStemmer.java,org.tartarus.snowball.ext.turkishStemmer,org.pitest.mutationtest.engine.gregor.mutators.experimental.MemberVariableMutator,r_append_U_to_stems_ending_with_d_or_g,2755,NO_COVERAGE,none
turkishStemmer.java,org.tartarus.snowball.ext.turkishStemmer,org.pitest.mutationtest.engine.gregor.mutators.experimental.MemberVariableMutator,r_append_U_to_stems_ending_with_d_or_g,2760,NO_COVERAGE,none
turkishStemmer.java,org.tartarus.snowball.ext.turkishStemmer,org.pitest.mutationtest.engine.gregor.mutators.experimental.MemberVariableMutator,r_append_U_to_stems_ending_with_d_or_g,2764,SURVIVED,none
turkishStemmer.java,org.tartarus.snowball.ext.turkishStemmer,org.pitest.mutationtest.engine.gregor.mutators.experimental.MemberVariableMutator,r_append_U_to_stems_ending_with_d_or_g,2780,SURVIVED,none
turkishStemmer.java,org.tartarus.snowball.ext.turkishStemmer,org.pitest.mutationtest.engine.gregor.mutators.experimental.MemberVariableMutator,r_append_U_to_stems_ending_with_d_or_g,2783,SURVIVED,none
turkishStemmer.java,org.tartarus.snowball.ext.turkishStemmer,org.pitest.mutationtest.engine.gregor.mutators.experimental.MemberVariableMutator,r_append_U_to_stems_ending_with_d_or_g,2788,TIMED_OUT,none
turkishStemmer.java,org.tartarus.snowball.ext.turkishStemmer,org.pitest.mutationtest.engine.gregor.mutators.experimental.MemberVariableMutator,r_append_U_to_stems_ending_with_d_or_g,2801,SURVIVED,none
turkishStemmer.java,org.tartarus.snowball.ext.turkishStemmer,org.pitest.mutationtest.engine.gregor.mutators.experimental.MemberVariableMutator,r_append_U_to_stems_ending_with_d_or_g,2808,NO_COVERAGE,none
turkishStemmer.java,org.tartarus.snowball.ext.turkishStemmer,org.pitest.mutationtest.engine.gregor.mutators.experimental.MemberVariableMutator,r_append_U_to_stems_ending_with_d_or_g,2813,NO_COVERAGE,none
turkishStemmer.java,org.tartarus.snowball.ext.turkishStemmer,org.pitest.mutationtest.engine.gregor.mutators.experimental.MemberVariableMutator,r_append_U_to_stems_ending_with_d_or_g,2817,SURVIVED,none
turkishStemmer.java,org.tartarus.snowball.ext.turkishStemmer,org.pitest.mutationtest.engine.gregor.mutators.experimental.MemberVariableMutator,r_append_U_to_stems_ending_with_d_or_g,2833,SURVIVED,none
turkishStemmer.java,org.tartarus.snowball.ext.turkishStemmer,org.pitest.mutationtest.engine.gregor.mutators.experimental.MemberVariableMutator,r_append_U_to_stems_ending_with_d_or_g,2836,SURVIVED,none
turkishStemmer.java,org.tartarus.snowball.ext.turkishStemmer,org.pitest.mutationtest.engine.gregor.mutators.experimental.MemberVariableMutator,r_append_U_to_stems_ending_with_d_or_g,2841,TIMED_OUT,none
turkishStemmer.java,org.tartarus.snowball.ext.turkishStemmer,org.pitest.mutationtest.engine.gregor.mutators.experimental.MemberVariableMutator,r_append_U_to_stems_ending_with_d_or_g,2854,NO_COVERAGE,none
turkishStemmer.java,org.tartarus.snowball.ext.turkishStemmer,org.pitest.mutationtest.engine.gregor.mutators.experimental.MemberVariableMutator,r_append_U_to_stems_ending_with_d_or_g,2861,SURVIVED,none
turkishStemmer.java,org.tartarus.snowball.ext.turkishStemmer,org.pitest.mutationtest.engine.gregor.mutators.experimental.MemberVariableMutator,r_append_U_to_stems_ending_with_d_or_g,2866,SURVIVED,none
turkishStemmer.java,org.tartarus.snowball.ext.turkishStemmer,org.pitest.mutationtest.engine.gregor.mutators.experimental.MemberVariableMutator,r_append_U_to_stems_ending_with_d_or_g,2870,NO_COVERAGE,none
turkishStemmer.java,org.tartarus.snowball.ext.turkishStemmer,org.pitest.mutationtest.engine.gregor.mutators.experimental.MemberVariableMutator,r_append_U_to_stems_ending_with_d_or_g,2885,NO_COVERAGE,none
turkishStemmer.java,org.tartarus.snowball.ext.turkishStemmer,org.pitest.mutationtest.engine.gregor.mutators.experimental.MemberVariableMutator,r_append_U_to_stems_ending_with_d_or_g,2888,NO_COVERAGE,none
turkishStemmer.java,org.tartarus.snowball.ext.turkishStemmer,org.pitest.mutationtest.engine.gregor.mutators.experimental.MemberVariableMutator,r_append_U_to_stems_ending_with_d_or_g,2893,NO_COVERAGE,none
turkishStemmer.java,org.tartarus.snowball.ext.turkishStemmer,org.pitest.mutationtest.engine.gregor.mutators.experimental.MemberVariableMutator,r_append_U_to_stems_ending_with_d_or_g,2906,NO_COVERAGE,none
turkishStemmer.java,org.tartarus.snowball.ext.turkishStemmer,org.pitest.mutationtest.engine.gregor.mutators.experimental.MemberVariableMutator,r_append_U_to_stems_ending_with_d_or_g,2913,NO_COVERAGE,none
turkishStemmer.java,org.tartarus.snowball.ext.turkishStemmer,org.pitest.mutationtest.engine.gregor.mutators.experimental.MemberVariableMutator,r_append_U_to_stems_ending_with_d_or_g,2918,NO_COVERAGE,none
turkishStemmer.java,org.tartarus.snowball.ext.turkishStemmer,org.pitest.mutationtest.engine.gregor.mutators.BooleanFalseReturnValsMutator,r_check_vowel_harmony,505,SURVIVED,none
turkishStemmer.java,org.tartarus.snowball.ext.turkishStemmer,org.pitest.mutationtest.engine.gregor.mutators.BooleanTrueReturnValsMutator,r_check_vowel_harmony,267,SURVIVED,none
turkishStemmer.java,org.tartarus.snowball.ext.turkishStemmer,org.pitest.mutationtest.engine.gregor.mutators.BooleanTrueReturnValsMutator,r_check_vowel_harmony,482,SURVIVED,none
turkishStemmer.java,org.tartarus.snowball.ext.turkishStemmer,org.pitest.mutationtest.engine.gregor.mutators.BooleanTrueReturnValsMutator,r_check_vowel_harmony,499,SURVIVED,none
turkishStemmer.java,org.tartarus.snowball.ext.turkishStemmer,org.pitest.mutationtest.engine.gregor.mutators.ConditionalsBoundaryMutator,r_check_vowel_harmony,265,SURVIVED,none
turkishStemmer.java,org.tartarus.snowball.ext.turkishStemmer,org.pitest.mutationtest.engine.gregor.mutators.ConditionalsBoundaryMutator,r_check_vowel_harmony,295,SURVIVED,none
turkishStemmer.java,org.tartarus.snowball.ext.turkishStemmer,org.pitest.mutationtest.engine.gregor.mutators.ConditionalsBoundaryMutator,r_check_vowel_harmony,324,SURVIVED,none
turkishStemmer.java,org.tartarus.snowball.ext.turkishStemmer,org.pitest.mutationtest.engine.gregor.mutators.ConditionalsBoundaryMutator,r_check_vowel_harmony,353,NO_COVERAGE,none
turkishStemmer.java,org.tartarus.snowball.ext.turkishStemmer,org.pitest.mutationtest.engine.gregor.mutators.ConditionalsBoundaryMutator,r_check_vowel_harmony,382,SURVIVED,none
turkishStemmer.java,org.tartarus.snowball.ext.turkishStemmer,org.pitest.mutationtest.engine.gregor.mutators.ConditionalsBoundaryMutator,r_check_vowel_harmony,411,SURVIVED,none
turkishStemmer.java,org.tartarus.snowball.ext.turkishStemmer,org.pitest.mutationtest.engine.gregor.mutators.ConditionalsBoundaryMutator,r_check_vowel_harmony,440,NO_COVERAGE,none
turkishStemmer.java,org.tartarus.snowball.ext.turkishStemmer,org.pitest.mutationtest.engine.gregor.mutators.ConditionalsBoundaryMutator,r_check_vowel_harmony,469,SURVIVED,none
turkishStemmer.java,org.tartarus.snowball.ext.turkishStemmer,org.pitest.mutationtest.engine.gregor.mutators.ConditionalsBoundaryMutator,r_check_vowel_harmony,497,SURVIVED,none
turkishStemmer.java,org.tartarus.snowball.ext.turkishStemmer,org.pitest.mutationtest.engine.gregor.mutators.InlineConstantMutator,r_check_vowel_harmony,257,SURVIVED,none
turkishStemmer.java,org.tartarus.snowball.ext.turkishStemmer,org.pitest.mutationtest.engine.gregor.mutators.InlineConstantMutator,r_check_vowel_harmony,257,SURVIVED,none
turkishStemmer.java,org.tartarus.snowball.ext.turkishStemmer,org.pitest.mutationtest.engine.gregor.mutators.InlineConstantMutator,r_check_vowel_harmony,267,SURVIVED,none
turkishStemmer.java,org.tartarus.snowball.ext.turkishStemmer,org.pitest.mutationtest.engine.gregor.mutators.InlineConstantMutator,r_check_vowel_harmony,269,TIMED_OUT,none
turkishStemmer.java,org.tartarus.snowball.ext.turkishStemmer,org.pitest.mutationtest.engine.gregor.mutators.InlineConstantMutator,r_check_vowel_harmony,278,SURVIVED,none
turkishStemmer.java,org.tartarus.snowball.ext.turkishStemmer,org.pitest.mutationtest.engine.gregor.mutators.InlineConstantMutator,r_check_vowel_harmony,287,SURVIVED,none
turkishStemmer.java,org.tartarus.snowball.ext.turkishStemmer,org.pitest.mutationtest.engine.gregor.mutators.InlineConstantMutator,r_check_vowel_harmony,287,SURVIVED,none
turkishStemmer.java,org.tartarus.snowball.ext.turkishStemmer,org.pitest.mutationtest.engine.gregor.mutators.InlineConstantMutator,r_check_vowel_harmony,299,TIMED_OUT,none
turkishStemmer.java,org.tartarus.snowball.ext.turkishStemmer,org.pitest.mutationtest.engine.gregor.mutators.InlineConstantMutator,r_check_vowel_harmony,307,SURVIVED,none
turkishStemmer.java,org.tartarus.snowball.ext.turkishStemmer,org.pitest.mutationtest.engine.gregor.mutators.InlineConstantMutator,r_check_vowel_harmony,316,SURVIVED,none
turkishStemmer.java,org.tartarus.snowball.ext.turkishStemmer,org.pitest.mutationtest.engine.gregor.mutators.InlineConstantMutator,r_check_vowel_harmony,316,SURVIVED,none
turkishStemmer.java,org.tartarus.snowball.ext.turkishStemmer,org.pitest.mutationtest.engine.gregor.mutators.InlineConstantMutator,r_check_vowel_harmony,328,TIMED_OUT,none
turkishStemmer.java,org.tartarus.snowball.ext.turkishStemmer,org.pitest.mutationtest.engine.gregor.mutators.InlineConstantMutator,r_check_vowel_harmony,336,SURVIVED,none
turkishStemmer.java,org.tartarus.snowball.ext.turkishStemmer,org.pitest.mutationtest.engine.gregor.mutators.InlineConstantMutator,r_check_vowel_harmony,345,NO_COVERAGE,none
turkishStemmer.java,org.tartarus.snowball.ext.turkishStemmer,org.pitest.mutationtest.engine.gregor.mutators.InlineConstantMutator,r_check_vowel_harmony,345,NO_COVERAGE,none
turkishStemmer.java,org.tartarus.snowball.ext.turkishStemmer,org.pitest.mutationtest.engine.gregor.mutators.InlineConstantMutator,r_check_vowel_harmony,357,NO_COVERAGE,none
turkishStemmer.java,org.tartarus.snowball.ext.turkishStemmer,org.pitest.mutationtest.engine.gregor.mutators.InlineConstantMutator,r_check_vowel_harmony,365,SURVIVED,none
turkishStemmer.java,org.tartarus.snowball.ext.turkishStemmer,org.pitest.mutationtest.engine.gregor.mutators.InlineConstantMutator,r_check_vowel_harmony,374,SURVIVED,none
turkishStemmer.java,org.tartarus.snowball.ext.turkishStemmer,org.pitest.mutationtest.engine.gregor.mutators.InlineConstantMutator,r_check_vowel_harmony,374,SURVIVED,none
turkishStemmer.java,org.tartarus.snowball.ext.turkishStemmer,org.pitest.mutationtest.engine.gregor.mutators.InlineConstantMutator,r_check_vowel_harmony,386,TIMED_OUT,none
turkishStemmer.java,org.tartarus.snowball.ext.turkishStemmer,org.pitest.mutationtest.engine.gregor.mutators.InlineConstantMutator,r_check_vowel_harmony,394,SURVIVED,none
turkishStemmer.java,org.tartarus.snowball.ext.turkishStemmer,org.pitest.mutationtest.engine.gregor.mutators.InlineConstantMutator,r_check_vowel_harmony,403,SURVIVED,none
turkishStemmer.java,org.tartarus.snowball.ext.turkishStemmer,org.pitest.mutationtest.engine.gregor.mutators.InlineConstantMutator,r_check_vowel_harmony,403,SURVIVED,none
turkishStemmer.java,org.tartarus.snowball.ext.turkishStemmer,org.pitest.mutationtest.engine.gregor.mutators.InlineConstantMutator,r_check_vowel_harmony,415,TIMED_OUT,none
turkishStemmer.java,org.tartarus.snowball.ext.turkishStemmer,org.pitest.mutationtest.engine.gregor.mutators.InlineConstantMutator,r_check_vowel_harmony,423,SURVIVED,none
turkishStemmer.java,org.tartarus.snowball.ext.turkishStemmer,org.pitest.mutationtest.engine.gregor.mutators.InlineConstantMutator,r_check_vowel_harmony,432,NO_COVERAGE,none
turkishStemmer.java,org.tartarus.snowball.ext.turkishStemmer,org.pitest.mutationtest.engine.gregor.mutators.InlineConstantMutator,r_check_vowel_harmony,432,NO_COVERAGE,none
turkishStemmer.java,org.tartarus.snowball.ext.turkishStemmer,org.pitest.mutationtest.engine.gregor.mutators.InlineConstantMutator,r_check_vowel_harmony,444,NO_COVERAGE,none
turkishStemmer.java,org.tartarus.snowball.ext.turkishStemmer,org.pitest.mutationtest.engine.gregor.mutators.InlineConstantMutator,r_check_vowel_harmony,452,SURVIVED,none
turkishStemmer.java,org.tartarus.snowball.ext.turkishStemmer,org.pitest.mutationtest.engine.gregor.mutators.InlineConstantMutator,r_check_vowel_harmony,461,SURVIVED,none
turkishStemmer.java,org.tartarus.snowball.ext.turkishStemmer,org.pitest.mutationtest.engine.gregor.mutators.InlineConstantMutator,r_check_vowel_harmony,461,SURVIVED,none
turkishStemmer.java,org.tartarus.snowball.ext.turkishStemmer,org.pitest.mutationtest.engine.gregor.mutators.InlineConstantMutator,r_check_vowel_harmony,473,TIMED_OUT,none
turkishStemmer.java,org.tartarus.snowball.ext.turkishStemmer,org.pitest.mutationtest.engine.gregor.mutators.InlineConstantMutator,r_check_vowel_harmony,480,SURVIVED,none
turkishStemmer.java,org.tartarus.snowball.ext.turkishStemmer,org.pitest.mutationtest.engine.gregor.mutators.InlineConstantMutator,r_check_vowel_harmony,482,SURVIVED,none
turkishStemmer.java,org.tartarus.snowball.ext.turkishStemmer,org.pitest.mutationtest.engine.gregor.mutators.InlineConstantMutator,r_check_vowel_harmony,489,SURVIVED,none
turkishStemmer.java,org.tartarus.snowball.ext.turkishStemmer,org.pitest.mutationtest.engine.gregor.mutators.InlineConstantMutator,r_check_vowel_harmony,489,SURVIVED,none
turkishStemmer.java,org.tartarus.snowball.ext.turkishStemmer,org.pitest.mutationtest.engine.gregor.mutators.InlineConstantMutator,r_check_vowel_harmony,499,SURVIVED,none
turkishStemmer.java,org.tartarus.snowball.ext.turkishStemmer,org.pitest.mutationtest.engine.gregor.mutators.InlineConstantMutator,r_check_vowel_harmony,501,TIMED_OUT,none
turkishStemmer.java,org.tartarus.snowball.ext.turkishStemmer,org.pitest.mutationtest.engine.gregor.mutators.InlineConstantMutator,r_check_vowel_harmony,505,SURVIVED,none
turkishStemmer.java,org.tartarus.snowball.ext.turkishStemmer,org.pitest.mutationtest.engine.gregor.mutators.MathMutator,r_check_vowel_harmony,249,KILLED,org.tartarus.snowball.ext.turkishStemmer_ESTest.test09
turkishStemmer.java,org.tartarus.snowball.ext.turkishStemmer,org.pitest.mutationtest.engine.gregor.mutators.MathMutator,r_check_vowel_harmony,255,SURVIVED,none
turkishStemmer.java,org.tartarus.snowball.ext.turkishStemmer,org.pitest.mutationtest.engine.gregor.mutators.MathMutator,r_check_vowel_harmony,261,KILLED,org.tartarus.snowball.ext.turkishStemmer_ESTest.test11
turkishStemmer.java,org.tartarus.snowball.ext.turkishStemmer,org.pitest.mutationtest.engine.gregor.mutators.MathMutator,r_check_vowel_harmony,264,TIMED_OUT,none
turkishStemmer.java,org.tartarus.snowball.ext.turkishStemmer,org.pitest.mutationtest.engine.gregor.mutators.MathMutator,r_check_vowel_harmony,269,KILLED,org.tartarus.snowball.ext.turkishStemmer_ESTest.test11
turkishStemmer.java,org.tartarus.snowball.ext.turkishStemmer,org.pitest.mutationtest.engine.gregor.mutators.MathMutator,r_check_vowel_harmony,274,SURVIVED,none
turkishStemmer.java,org.tartarus.snowball.ext.turkishStemmer,org.pitest.mutationtest.engine.gregor.mutators.MathMutator,r_check_vowel_harmony,285,SURVIVED,none
turkishStemmer.java,org.tartarus.snowball.ext.turkishStemmer,org.pitest.mutationtest.engine.gregor.mutators.MathMutator,r_check_vowel_harmony,291,SURVIVED,none
turkishStemmer.java,org.tartarus.snowball.ext.turkishStemmer,org.pitest.mutationtest.engine.gregor.mutators.MathMutator,r_check_vowel_harmony,294,KILLED,org.tartarus.snowball.ext.turkishStemmer_ESTest.test16
turkishStemmer.java,org.tartarus.snowball.ext.turkishStemmer,org.pitest.mutationtest.engine.gregor.mutators.MathMutator,r_check_vowel_harmony,299,SURVIVED,none
turkishStemmer.java,org.tartarus.snowball.ext.turkishStemmer,org.pitest.mutationtest.engine.gregor.mutators.MathMutator,r_check_vowel_harmony,303,KILLED,org.tartarus.snowball.ext.turkishStemmer_ESTest.test11
turkishStemmer.java,org.tartarus.snowball.ext.turkishStemmer,org.pitest.mutationtest.engine.gregor.mutators.MathMutator,r_check_vowel_harmony,314,SURVIVED,none
turkishStemmer.java,org.tartarus.snowball.ext.turkishStemmer,org.pitest.mutationtest.engine.gregor.mutators.MathMutator,r_check_vowel_harmony,320,SURVIVED,none
turkishStemmer.java,org.tartarus.snowball.ext.turkishStemmer,org.pitest.mutationtest.engine.gregor.mutators.MathMutator,r_check_vowel_harmony,323,KILLED,org.tartarus.snowball.ext.turkishStemmer_ESTest.test15
turkishStemmer.java,org.tartarus.snowball.ext.turkishStemmer,org.pitest.mutationtest.engine.gregor.mutators.MathMutator,r_check_vowel_harmony,328,SURVIVED,none
turkishStemmer.java,org.tartarus.snowball.ext.turkishStemmer,org.pitest.mutationtest.engine.gregor.mutators.MathMutator,r_check_vowel_harmony,332,KILLED,org.tartarus.snowball.ext.turkishStemmer_ESTest.test11
turkishStemmer.java,org.tartarus.snowball.ext.turkishStemmer,org.pitest.mutationtest.engine.gregor.mutators.MathMutator,r_check_vowel_harmony,343,NO_COVERAGE,none
turkishStemmer.java,org.tartarus.snowball.ext.turkishStemmer,org.pitest.mutationtest.engine.gregor.mutators.MathMutator,r_check_vowel_harmony,349,NO_COVERAGE,none
turkishStemmer.java,org.tartarus.snowball.ext.turkishStemmer,org.pitest.mutationtest.engine.gregor.mutators.MathMutator,r_check_vowel_harmony,352,NO_COVERAGE,none
turkishStemmer.java,org.tartarus.snowball.ext.turkishStemmer,org.pitest.mutationtest.engine.gregor.mutators.MathMutator,r_check_vowel_harmony,357,NO_COVERAGE,none
turkishStemmer.java,org.tartarus.snowball.ext.turkishStemmer,org.pitest.mutationtest.engine.gregor.mutators.MathMutator,r_check_vowel_harmony,361,KILLED,org.tartarus.snowball.ext.turkishStemmer_ESTest.test11
turkishStemmer.java,org.tartarus.snowball.ext.turkishStemmer,org.pitest.mutationtest.engine.gregor.mutators.MathMutator,r_check_vowel_harmony,372,SURVIVED,none
turkishStemmer.java,org.tartarus.snowball.ext.turkishStemmer,org.pitest.mutationtest.engine.gregor.mutators.MathMutator,r_check_vowel_harmony,378,NO_COVERAGE,none
turkishStemmer.java,org.tartarus.snowball.ext.turkishStemmer,org.pitest.mutationtest.engine.gregor.mutators.MathMutator,r_check_vowel_harmony,381,KILLED,org.tartarus.snowball.ext.turkishStemmer_ESTest.test14
turkishStemmer.java,org.tartarus.snowball.ext.turkishStemmer,org.pitest.mutationtest.engine.gregor.mutators.MathMutator,r_check_vowel_harmony,386,SURVIVED,none
turkishStemmer.java,org.tartarus.snowball.ext.turkishStemmer,org.pitest.mutationtest.engine.gregor.mutators.MathMutator,r_check_vowel_harmony,390,KILLED,org.tartarus.snowball.ext.turkishStemmer_ESTest.test11
turkishStemmer.java,org.tartarus.snowball.ext.turkishStemmer,org.pitest.mutationtest.engine.gregor.mutators.MathMutator,r_check_vowel_harmony,401,SURVIVED,none
turkishStemmer.java,org.tartarus.snowball.ext.turkishStemmer,org.pitest.mutationtest.engine.gregor.mutators.MathMutator,r_check_vowel_harmony,407,SURVIVED,none
turkishStemmer.java,org.tartarus.snowball.ext.turkishStemmer,org.pitest.mutationtest.engine.gregor.mutators.MathMutator,r_check_vowel_harmony,410,KILLED,org.tartarus.snowball.ext.turkishStemmer_ESTest.test10
turkishStemmer.java,org.tartarus.snowball.ext.turkishStemmer,org.pitest.mutationtest.engine.gregor.mutators.MathMutator,r_check_vowel_harmony,415,SURVIVED,none
turkishStemmer.java,org.tartarus.snowball.ext.turkishStemmer,org.pitest.mutationtest.engine.gregor.mutators.MathMutator,r_check_vowel_harmony,419,KILLED,org.tartarus.snowball.ext.turkishStemmer_ESTest.test11
turkishStemmer.java,org.tartarus.snowball.ext.turkishStemmer,org.pitest.mutationtest.engine.gregor.mutators.MathMutator,r_check_vowel_harmony,430,NO_COVERAGE,none
turkishStemmer.java,org.tartarus.snowball.ext.turkishStemmer,org.pitest.mutationtest.engine.gregor.mutators.MathMutator,r_check_vowel_harmony,436,NO_COVERAGE,none
turkishStemmer.java,org.tartarus.snowball.ext.turkishStemmer,org.pitest.mutationtest.engine.gregor.mutators.MathMutator,r_check_vowel_harmony,439,NO_COVERAGE,none
turkishStemmer.java,org.tartarus.snowball.ext.turkishStemmer,org.pitest.mutationtest.engine.gregor.mutators.MathMutator,r_check_vowel_harmony,444,NO_COVERAGE,none
turkishStemmer.java,org.tartarus.snowball.ext.turkishStemmer,org.pitest.mutationtest.engine.gregor.mutators.MathMutator,r_check_vowel_harmony,448,KILLED,org.tartarus.snowball.ext.turkishStemmer_ESTest.test11
turkishStemmer.java,org.tartarus.snowball.ext.turkishStemmer,org.pitest.mutationtest.engine.gregor.mutators.MathMutator,r_check_vowel_harmony,459,SURVIVED,none
turkishStemmer.java,org.tartarus.snowball.ext.turkishStemmer,org.pitest.mutationtest.engine.gregor.mutators.MathMutator,r_check_vowel_harmony,465,SURVIVED,none
turkishStemmer.java,org.tartarus.snowball.ext.turkishStemmer,org.pitest.mutationtest.engine.gregor.mutators.MathMutator,r_check_vowel_harmony,468,KILLED,org.tartarus.snowball.ext.turkishStemmer_ESTest.test11
turkishStemmer.java,org.tartarus.snowball.ext.turkishStemmer,org.pitest.mutationtest.engine.gregor.mutators.MathMutator,r_check_vowel_harmony,473,SURVIVED,none
turkishStemmer.java,org.tartarus.snowball.ext.turkishStemmer,org.pitest.mutationtest.engine.gregor.mutators.MathMutator,r_check_vowel_harmony,477,KILLED,org.tartarus.snowball.ext.turkishStemmer_ESTest.test11
turkishStemmer.java,org.tartarus.snowball.ext.turkishStemmer,org.pitest.mutationtest.engine.gregor.mutators.MathMutator,r_check_vowel_harmony,487,SURVIVED,none
turkishStemmer.java,org.tartarus.snowball.ext.turkishStemmer,org.pitest.mutationtest.engine.gregor.mutators.MathMutator,r_check_vowel_harmony,493,SURVIVED,none
turkishStemmer.java,org.tartarus.snowball.ext.turkishStemmer,org.pitest.mutationtest.engine.gregor.mutators.MathMutator,r_check_vowel_harmony,496,KILLED,org.tartarus.snowball.ext.turkishStemmer_ESTest.test08
turkishStemmer.java,org.tartarus.snowball.ext.turkishStemmer,org.pitest.mutationtest.engine.gregor.mutators.MathMutator,r_check_vowel_harmony,501,SURVIVED,none
turkishStemmer.java,org.tartarus.snowball.ext.turkishStemmer,org.pitest.mutationtest.engine.gregor.mutators.MathMutator,r_check_vowel_harmony,504,SURVIVED,none
turkishStemmer.java,org.tartarus.snowball.ext.turkishStemmer,org.pitest.mutationtest.engine.gregor.mutators.NegateConditionalsMutator,r_check_vowel_harmony,257,SURVIVED,none
turkishStemmer.java,org.tartarus.snowball.ext.turkishStemmer,org.pitest.mutationtest.engine.gregor.mutators.NegateConditionalsMutator,r_check_vowel_harmony,265,KILLED,org.tartarus.snowball.ext.turkishStemmer_ESTest.test06
turkishStemmer.java,org.tartarus.snowball.ext.turkishStemmer,org.pitest.mutationtest.engine.gregor.mutators.NegateConditionalsMutator,r_check_vowel_harmony,278,SURVIVED,none
turkishStemmer.java,org.tartarus.snowball.ext.turkishStemmer,org.pitest.mutationtest.engine.gregor.mutators.NegateConditionalsMutator,r_check_vowel_harmony,287,SURVIVED,none
turkishStemmer.java,org.tartarus.snowball.ext.turkishStemmer,org.pitest.mutationtest.engine.gregor.mutators.NegateConditionalsMutator,r_check_vowel_harmony,295,SURVIVED,none
turkishStemmer.java,org.tartarus.snowball.ext.turkishStemmer,org.pitest.mutationtest.engine.gregor.mutators.NegateConditionalsMutator,r_check_vowel_harmony,307,SURVIVED,none
turkishStemmer.java,org.tartarus.snowball.ext.turkishStemmer,org.pitest.mutationtest.engine.gregor.mutators.NegateConditionalsMutator,r_check_vowel_harmony,316,SURVIVED,none
turkishStemmer.java,org.tartarus.snowball.ext.turkishStemmer,org.pitest.mutationtest.engine.gregor.mutators.NegateConditionalsMutator,r_check_vowel_harmony,324,SURVIVED,none
turkishStemmer.java,org.tartarus.snowball.ext.turkishStemmer,org.pitest.mutationtest.engine.gregor.mutators.NegateConditionalsMutator,r_check_vowel_harmony,336,SURVIVED,none
turkishStemmer.java,org.tartarus.snowball.ext.turkishStemmer,org.pitest.mutationtest.engine.gregor.mutators.NegateConditionalsMutator,r_check_vowel_harmony,345,NO_COVERAGE,none
turkishStemmer.java,org.tartarus.snowball.ext.turkishStemmer,org.pitest.mutationtest.engine.gregor.mutators.NegateConditionalsMutator,r_check_vowel_harmony,353,NO_COVERAGE,none
turkishStemmer.java,org.tartarus.snowball.ext.turkishStemmer,org.pitest.mutationtest.engine.gregor.mutators.NegateConditionalsMutator,r_check_vowel_harmony,365,SURVIVED,none
turkishStemmer.java,org.tartarus.snowball.ext.turkishStemmer,org.pitest.mutationtest.engine.gregor.mutators.NegateConditionalsMutator,r_check_vowel_harmony,374,SURVIVED,none
turkishStemmer.java,org.tartarus.snowball.ext.turkishStemmer,org.pitest.mutationtest.engine.gregor.mutators.NegateConditionalsMutator,r_check_vowel_harmony,382,SURVIVED,none
turkishStemmer.java,org.tartarus.snowball.ext.turkishStemmer,org.pitest.mutationtest.engine.gregor.mutators.NegateConditionalsMutator,r_check_vowel_harmony,394,SURVIVED,none
turkishStemmer.java,org.tartarus.snowball.ext.turkishStemmer,org.pitest.mutationtest.engine.gregor.mutators.NegateConditionalsMutator,r_check_vowel_harmony,403,SURVIVED,none
turkishStemmer.java,org.tartarus.snowball.ext.turkishStemmer,org.pitest.mutationtest.engine.gregor.mutators.NegateConditionalsMutator,r_check_vowel_harmony,411,SURVIVED,none
turkishStemmer.java,org.tartarus.snowball.ext.turkishStemmer,org.pitest.mutationtest.engine.gregor.mutators.NegateConditionalsMutator,r_check_vowel_harmony,423,SURVIVED,none
turkishStemmer.java,org.tartarus.snowball.ext.turkishStemmer,org.pitest.mutationtest.engine.gregor.mutators.NegateConditionalsMutator,r_check_vowel_harmony,432,NO_COVERAGE,none
turkishStemmer.java,org.tartarus.snowball.ext.turkishStemmer,org.pitest.mutationtest.engine.gregor.mutators.NegateConditionalsMutator,r_check_vowel_harmony,440,NO_COVERAGE,none
turkishStemmer.java,org.tartarus.snowball.ext.turkishStemmer,org.pitest.mutationtest.engine.gregor.mutators.NegateConditionalsMutator,r_check_vowel_harmony,452,SURVIVED,none
turkishStemmer.java,org.tartarus.snowball.ext.turkishStemmer,org.pitest.mutationtest.engine.gregor.mutators.NegateConditionalsMutator,r_check_vowel_harmony,461,SURVIVED,none
turkishStemmer.java,org.tartarus.snowball.ext.turkishStemmer,org.pitest.mutationtest.engine.gregor.mutators.NegateConditionalsMutator,r_check_vowel_harmony,469,SURVIVED,none
turkishStemmer.java,org.tartarus.snowball.ext.turkishStemmer,org.pitest.mutationtest.engine.gregor.mutators.NegateConditionalsMutator,r_check_vowel_harmony,480,SURVIVED,none
turkishStemmer.java,org.tartarus.snowball.ext.turkishStemmer,org.pitest.mutationtest.engine.gregor.mutators.NegateConditionalsMutator,r_check_vowel_harmony,489,SURVIVED,none
turkishStemmer.java,org.tartarus.snowball.ext.turkishStemmer,org.pitest.mutationtest.engine.gregor.mutators.NegateConditionalsMutator,r_check_vowel_harmony,497,SURVIVED,none
turkishStemmer.java,org.tartarus.snowball.ext.turkishStemmer,org.pitest.mutationtest.engine.gregor.mutators.NonVoidMethodCallMutator,r_check_vowel_harmony,257,SURVIVED,none
turkishStemmer.java,org.tartarus.snowball.ext.turkishStemmer,org.pitest.mutationtest.engine.gregor.mutators.NonVoidMethodCallMutator,r_check_vowel_harmony,278,SURVIVED,none
turkishStemmer.java,org.tartarus.snowball.ext.turkishStemmer,org.pitest.mutationtest.engine.gregor.mutators.NonVoidMethodCallMutator,r_check_vowel_harmony,287,SURVIVED,none
turkishStemmer.java,org.tartarus.snowball.ext.turkishStemmer,org.pitest.mutationtest.engine.gregor.mutators.NonVoidMethodCallMutator,r_check_vowel_harmony,307,SURVIVED,none
turkishStemmer.java,org.tartarus.snowball.ext.turkishStemmer,org.pitest.mutationtest.engine.gregor.mutators.NonVoidMethodCallMutator,r_check_vowel_harmony,316,SURVIVED,none
turkishStemmer.java,org.tartarus.snowball.ext.turkishStemmer,org.pitest.mutationtest.engine.gregor.mutators.NonVoidMethodCallMutator,r_check_vowel_harmony,336,SURVIVED,none
turkishStemmer.java,org.tartarus.snowball.ext.turkishStemmer,org.pitest.mutationtest.engine.gregor.mutators.NonVoidMethodCallMutator,r_check_vowel_harmony,345,NO_COVERAGE,none
turkishStemmer.java,org.tartarus.snowball.ext.turkishStemmer,org.pitest.mutationtest.engine.gregor.mutators.NonVoidMethodCallMutator,r_check_vowel_harmony,365,SURVIVED,none
turkishStemmer.java,org.tartarus.snowball.ext.turkishStemmer,org.pitest.mutationtest.engine.gregor.mutators.NonVoidMethodCallMutator,r_check_vowel_harmony,374,SURVIVED,none
turkishStemmer.java,org.tartarus.snowball.ext.turkishStemmer,org.pitest.mutationtest.engine.gregor.mutators.NonVoidMethodCallMutator,r_check_vowel_harmony,394,SURVIVED,none
turkishStemmer.java,org.tartarus.snowball.ext.turkishStemmer,org.pitest.mutationtest.engine.gregor.mutators.NonVoidMethodCallMutator,r_check_vowel_harmony,403,SURVIVED,none
turkishStemmer.java,org.tartarus.snowball.ext.turkishStemmer,org.pitest.mutationtest.engine.gregor.mutators.NonVoidMethodCallMutator,r_check_vowel_harmony,423,SURVIVED,none
turkishStemmer.java,org.tartarus.snowball.ext.turkishStemmer,org.pitest.mutationtest.engine.gregor.mutators.NonVoidMethodCallMutator,r_check_vowel_harmony,432,NO_COVERAGE,none
turkishStemmer.java,org.tartarus.snowball.ext.turkishStemmer,org.pitest.mutationtest.engine.gregor.mutators.NonVoidMethodCallMutator,r_check_vowel_harmony,452,SURVIVED,none
turkishStemmer.java,org.tartarus.snowball.ext.turkishStemmer,org.pitest.mutationtest.engine.gregor.mutators.NonVoidMethodCallMutator,r_check_vowel_harmony,461,SURVIVED,none
turkishStemmer.java,org.tartarus.snowball.ext.turkishStemmer,org.pitest.mutationtest.engine.gregor.mutators.NonVoidMethodCallMutator,r_check_vowel_harmony,480,SURVIVED,none
turkishStemmer.java,org.tartarus.snowball.ext.turkishStemmer,org.pitest.mutationtest.engine.gregor.mutators.NonVoidMethodCallMutator,r_check_vowel_harmony,489,SURVIVED,none
turkishStemmer.java,org.tartarus.snowball.ext.turkishStemmer,org.pitest.mutationtest.engine.gregor.mutators.RemoveConditionalMutator_EQUAL_ELSE,r_check_vowel_harmony,257,SURVIVED,none
turkishStemmer.java,org.tartarus.snowball.ext.turkishStemmer,org.pitest.mutationtest.engine.gregor.mutators.RemoveConditionalMutator_EQUAL_ELSE,r_check_vowel_harmony,278,SURVIVED,none
turkishStemmer.java,org.tartarus.snowball.ext.turkishStemmer,org.pitest.mutationtest.engine.gregor.mutators.RemoveConditionalMutator_EQUAL_ELSE,r_check_vowel_harmony,287,SURVIVED,none
turkishStemmer.java,org.tartarus.snowball.ext.turkishStemmer,org.pitest.mutationtest.engine.gregor.mutators.RemoveConditionalMutator_EQUAL_ELSE,r_check_vowel_harmony,307,SURVIVED,none
turkishStemmer.java,org.tartarus.snowball.ext.turkishStemmer,org.pitest.mutationtest.engine.gregor.mutators.RemoveConditionalMutator_EQUAL_ELSE,r_check_vowel_harmony,316,SURVIVED,none
turkishStemmer.java,org.tartarus.snowball.ext.turkishStemmer,org.pitest.mutationtest.engine.gregor.mutators.RemoveConditionalMutator_EQUAL_ELSE,r_check_vowel_harmony,336,SURVIVED,none
turkishStemmer.java,org.tartarus.snowball.ext.turkishStemmer,org.pitest.mutationtest.engine.gregor.mutators.RemoveConditionalMutator_EQUAL_ELSE,r_check_vowel_harmony,345,NO_COVERAGE,none
turkishStemmer.java,org.tartarus.snowball.ext.turkishStemmer,org.pitest.mutationtest.engine.gregor.mutators.RemoveConditionalMutator_EQUAL_ELSE,r_check_vowel_harmony,365,SURVIVED,none
turkishStemmer.java,org.tartarus.snowball.ext.turkishStemmer,org.pitest.mutationtest.engine.gregor.mutators.RemoveConditionalMutator_EQUAL_ELSE,r_check_vowel_harmony,374,SURVIVED,none
turkishStemmer.java,org.tartarus.snowball.ext.turkishStemmer,org.pitest.mutationtest.engine.gregor.mutators.RemoveConditionalMutator_EQUAL_ELSE,r_check_vowel_harmony,394,SURVIVED,none
turkishStemmer.java,org.tartarus.snowball.ext.turkishStemmer,org.pitest.mutationtest.engine.gregor.mutators.RemoveConditionalMutator_EQUAL_ELSE,r_check_vowel_harmony,403,SURVIVED,none
turkishStemmer.java,org.tartarus.snowball.ext.turkishStemmer,org.pitest.mutationtest.engine.gregor.mutators.RemoveConditionalMutator_EQUAL_ELSE,r_check_vowel_harmony,423,SURVIVED,none
turkishStemmer.java,org.tartarus.snowball.ext.turkishStemmer,org.pitest.mutationtest.engine.gregor.mutators.RemoveConditionalMutator_EQUAL_ELSE,r_check_vowel_harmony,432,NO_COVERAGE,none
turkishStemmer.java,org.tartarus.snowball.ext.turkishStemmer,org.pitest.mutationtest.engine.gregor.mutators.RemoveConditionalMutator_EQUAL_ELSE,r_check_vowel_harmony,452,SURVIVED,none
turkishStemmer.java,org.tartarus.snowball.ext.turkishStemmer,org.pitest.mutationtest.engine.gregor.mutators.RemoveConditionalMutator_EQUAL_ELSE,r_check_vowel_harmony,461,SURVIVED,none
turkishStemmer.java,org.tartarus.snowball.ext.turkishStemmer,org.pitest.mutationtest.engine.gregor.mutators.RemoveConditionalMutator_EQUAL_ELSE,r_check_vowel_harmony,480,SURVIVED,none
turkishStemmer.java,org.tartarus.snowball.ext.turkishStemmer,org.pitest.mutationtest.engine.gregor.mutators.RemoveConditionalMutator_EQUAL_ELSE,r_check_vowel_harmony,489,SURVIVED,none
turkishStemmer.java,org.tartarus.snowball.ext.turkishStemmer,org.pitest.mutationtest.engine.gregor.mutators.RemoveConditionalMutator_EQUAL_IF,r_check_vowel_harmony,257,SURVIVED,none
turkishStemmer.java,org.tartarus.snowball.ext.turkishStemmer,org.pitest.mutationtest.engine.gregor.mutators.RemoveConditionalMutator_EQUAL_IF,r_check_vowel_harmony,278,SURVIVED,none
turkishStemmer.java,org.tartarus.snowball.ext.turkishStemmer,org.pitest.mutationtest.engine.gregor.mutators.RemoveConditionalMutator_EQUAL_IF,r_check_vowel_harmony,287,SURVIVED,none
turkishStemmer.java,org.tartarus.snowball.ext.turkishStemmer,org.pitest.mutationtest.engine.gregor.mutators.RemoveConditionalMutator_EQUAL_IF,r_check_vowel_harmony,307,SURVIVED,none
turkishStemmer.java,org.tartarus.snowball.ext.turkishStemmer,org.pitest.mutationtest.engine.gregor.mutators.RemoveConditionalMutator_EQUAL_IF,r_check_vowel_harmony,316,SURVIVED,none
turkishStemmer.java,org.tartarus.snowball.ext.turkishStemmer,org.pitest.mutationtest.engine.gregor.mutators.RemoveConditionalMutator_EQUAL_IF,r_check_vowel_harmony,336,SURVIVED,none
turkishStemmer.java,org.tartarus.snowball.ext.turkishStemmer,org.pitest.mutationtest.engine.gregor.mutators.RemoveConditionalMutator_EQUAL_IF,r_check_vowel_harmony,345,NO_COVERAGE,none
turkishStemmer.java,org.tartarus.snowball.ext.turkishStemmer,org.pitest.mutationtest.engine.gregor.mutators.RemoveConditionalMutator_EQUAL_IF,r_check_vowel_harmony,365,SURVIVED,none
turkishStemmer.java,org.tartarus.snowball.ext.turkishStemmer,org.pitest.mutationtest.engine.gregor.mutators.RemoveConditionalMutator_EQUAL_IF,r_check_vowel_harmony,374,SURVIVED,none
turkishStemmer.java,org.tartarus.snowball.ext.turkishStemmer,org.pitest.mutationtest.engine.gregor.mutators.RemoveConditionalMutator_EQUAL_IF,r_check_vowel_harmony,394,SURVIVED,none
turkishStemmer.java,org.tartarus.snowball.ext.turkishStemmer,org.pitest.mutationtest.engine.gregor.mutators.RemoveConditionalMutator_EQUAL_IF,r_check_vowel_harmony,403,SURVIVED,none
turkishStemmer.java,org.tartarus.snowball.ext.turkishStemmer,org.pitest.mutationtest.engine.gregor.mutators.RemoveConditionalMutator_EQUAL_IF,r_check_vowel_harmony,423,SURVIVED,none
turkishStemmer.java,org.tartarus.snowball.ext.turkishStemmer,org.pitest.mutationtest.engine.gregor.mutators.RemoveConditionalMutator_EQUAL_IF,r_check_vowel_harmony,432,NO_COVERAGE,none
turkishStemmer.java,org.tartarus.snowball.ext.turkishStemmer,org.pitest.mutationtest.engine.gregor.mutators.RemoveConditionalMutator_EQUAL_IF,r_check_vowel_harmony,452,SURVIVED,none
turkishStemmer.java,org.tartarus.snowball.ext.turkishStemmer,org.pitest.mutationtest.engine.gregor.mutators.RemoveConditionalMutator_EQUAL_IF,r_check_vowel_harmony,461,SURVIVED,none
turkishStemmer.java,org.tartarus.snowball.ext.turkishStemmer,org.pitest.mutationtest.engine.gregor.mutators.RemoveConditionalMutator_EQUAL_IF,r_check_vowel_harmony,480,SURVIVED,none
turkishStemmer.java,org.tartarus.snowball.ext.turkishStemmer,org.pitest.mutationtest.engine.gregor.mutators.RemoveConditionalMutator_EQUAL_IF,r_check_vowel_harmony,489,SURVIVED,none
turkishStemmer.java,org.tartarus.snowball.ext.turkishStemmer,org.pitest.mutationtest.engine.gregor.mutators.RemoveConditionalMutator_ORDER_ELSE,r_check_vowel_harmony,265,TIMED_OUT,none
turkishStemmer.java,org.tartarus.snowball.ext.turkishStemmer,org.pitest.mutationtest.engine.gregor.mutators.RemoveConditionalMutator_ORDER_ELSE,r_check_vowel_harmony,295,TIMED_OUT,none
turkishStemmer.java,org.tartarus.snowball.ext.turkishStemmer,org.pitest.mutationtest.engine.gregor.mutators.RemoveConditionalMutator_ORDER_ELSE,r_check_vowel_harmony,324,KILLED,org.tartarus.snowball.ext.turkishStemmer_ESTest.test03
turkishStemmer.java,org.tartarus.snowball.ext.turkishStemmer,org.pitest.mutationtest.engine.gregor.mutators.RemoveConditionalMutator_ORDER_ELSE,r_check_vowel_harmony,353,NO_COVERAGE,none
turkishStemmer.java,org.tartarus.snowball.ext.turkishStemmer,org.pitest.mutationtest.engine.gregor.mutators.RemoveConditionalMutator_ORDER_ELSE,r_check_vowel_harmony,382,TIMED_OUT,none
turkishStemmer.java,org.tartarus.snowball.ext.turkishStemmer,org.pitest.mutationtest.engine.gregor.mutators.RemoveConditionalMutator_ORDER_ELSE,r_check_vowel_harmony,411,TIMED_OUT,none
turkishStemmer.java,org.tartarus.snowball.ext.turkishStemmer,org.pitest.mutationtest.engine.gregor.mutators.RemoveConditionalMutator_ORDER_ELSE,r_check_vowel_harmony,440,NO_COVERAGE,none
turkishStemmer.java,org.tartarus.snowball.ext.turkishStemmer,org.pitest.mutationtest.engine.gregor.mutators.RemoveConditionalMutator_ORDER_ELSE,r_check_vowel_harmony,469,TIMED_OUT,none
turkishStemmer.java,org.tartarus.snowball.ext.turkishStemmer,org.pitest.mutationtest.engine.gregor.mutators.RemoveConditionalMutator_ORDER_ELSE,r_check_vowel_harmony,497,TIMED_OUT,none
turkishStemmer.java,org.tartarus.snowball.ext.turkishStemmer,org.pitest.mutationtest.engine.gregor.mutators.RemoveConditionalMutator_ORDER_IF,r_check_vowel_harmony,265,SURVIVED,none
turkishStemmer.java,org.tartarus.snowball.ext.turkishStemmer,org.pitest.mutationtest.engine.gregor.mutators.RemoveConditionalMutator_ORDER_IF,r_check_vowel_harmony,295,SURVIVED,none
turkishStemmer.java,org.tartarus.snowball.ext.turkishStemmer,org.pitest.mutationtest.engine.gregor.mutators.RemoveConditionalMutator_ORDER_IF,r_check_vowel_harmony,324,SURVIVED,none
turkishStemmer.java,org.tartarus.snowball.ext.turkishStemmer,org.pitest.mutationtest.engine.gregor.mutators.RemoveConditionalMutator_ORDER_IF,r_check_vowel_harmony,353,NO_COVERAGE,none
turkishStemmer.java,org.tartarus.snowball.ext.turkishStemmer,org.pitest.mutationtest.engine.gregor.mutators.RemoveConditionalMutator_ORDER_IF,r_check_vowel_harmony,382,SURVIVED,none
turkishStemmer.java,org.tartarus.snowball.ext.turkishStemmer,org.pitest.mutationtest.engine.gregor.mutators.RemoveConditionalMutator_ORDER_IF,r_check_vowel_harmony,411,SURVIVED,none
turkishStemmer.java,org.tartarus.snowball.ext.turkishStemmer,org.pitest.mutationtest.engine.gregor.mutators.RemoveConditionalMutator_ORDER_IF,r_check_vowel_harmony,440,NO_COVERAGE,none
turkishStemmer.java,org.tartarus.snowball.ext.turkishStemmer,org.pitest.mutationtest.engine.gregor.mutators.RemoveConditionalMutator_ORDER_IF,r_check_vowel_harmony,469,SURVIVED,none
turkishStemmer.java,org.tartarus.snowball.ext.turkishStemmer,org.pitest.mutationtest.engine.gregor.mutators.RemoveConditionalMutator_ORDER_IF,r_check_vowel_harmony,497,SURVIVED,none
turkishStemmer.java,org.tartarus.snowball.ext.turkishStemmer,org.pitest.mutationtest.engine.gregor.mutators.ReturnValsMutator,r_check_vowel_harmony,267,SURVIVED,none
turkishStemmer.java,org.tartarus.snowball.ext.turkishStemmer,org.pitest.mutationtest.engine.gregor.mutators.ReturnValsMutator,r_check_vowel_harmony,482,SURVIVED,none
turkishStemmer.java,org.tartarus.snowball.ext.turkishStemmer,org.pitest.mutationtest.engine.gregor.mutators.ReturnValsMutator,r_check_vowel_harmony,499,SURVIVED,none
turkishStemmer.java,org.tartarus.snowball.ext.turkishStemmer,org.pitest.mutationtest.engine.gregor.mutators.ReturnValsMutator,r_check_vowel_harmony,505,SURVIVED,none
turkishStemmer.java,org.tartarus.snowball.ext.turkishStemmer,org.pitest.mutationtest.engine.gregor.mutators.experimental.MemberVariableMutator,r_check_vowel_harmony,261,SURVIVED,none
turkishStemmer.java,org.tartarus.snowball.ext.turkishStemmer,org.pitest.mutationtest.engine.gregor.mutators.experimental.MemberVariableMutator,r_check_vowel_harmony,264,SURVIVED,none
turkishStemmer.java,org.tartarus.snowball.ext.turkishStemmer,org.pitest.mutationtest.engine.gregor.mutators.experimental.MemberVariableMutator,r_check_vowel_harmony,269,TIMED_OUT,none
turkishStemmer.java,org.tartarus.snowball.ext.turkishStemmer,org.pitest.mutationtest.engine.gregor.mutators.experimental.MemberVariableMutator,r_check_vowel_harmony,291,SURVIVED,none
turkishStemmer.java,org.tartarus.snowball.ext.turkishStemmer,org.pitest.mutationtest.engine.gregor.mutators.experimental.MemberVariableMutator,r_check_vowel_harmony,294,SURVIVED,none
turkishStemmer.java,org.tartarus.snowball.ext.turkishStemmer,org.pitest.mutationtest.engine.gregor.mutators.experimental.MemberVariableMutator,r_check_vowel_harmony,299,TIMED_OUT,none
turkishStemmer.java,org.tartarus.snowball.ext.turkishStemmer,org.pitest.mutationtest.engine.gregor.mutators.experimental.MemberVariableMutator,r_check_vowel_harmony,303,SURVIVED,none
turkishStemmer.java,org.tartarus.snowball.ext.turkishStemmer,org.pitest.mutationtest.engine.gregor.mutators.experimental.MemberVariableMutator,r_check_vowel_harmony,320,SURVIVED,none
turkishStemmer.java,org.tartarus.snowball.ext.turkishStemmer,org.pitest.mutationtest.engine.gregor.mutators.experimental.MemberVariableMutator,r_check_vowel_harmony,323,SURVIVED,none
turkishStemmer.java,org.tartarus.snowball.ext.turkishStemmer,org.pitest.mutationtest.engine.gregor.mutators.experimental.MemberVariableMutator,r_check_vowel_harmony,328,TIMED_OUT,none
turkishStemmer.java,org.tartarus.snowball.ext.turkishStemmer,org.pitest.mutationtest.engine.gregor.mutators.experimental.MemberVariableMutator,r_check_vowel_harmony,332,SURVIVED,none
turkishStemmer.java,org.tartarus.snowball.ext.turkishStemmer,org.pitest.mutationtest.engine.gregor.mutators.experimental.MemberVariableMutator,r_check_vowel_harmony,349,NO_COVERAGE,none
turkishStemmer.java,org.tartarus.snowball.ext.turkishStemmer,org.pitest.mutationtest.engine.gregor.mutators.experimental.MemberVariableMutator,r_check_vowel_harmony,352,NO_COVERAGE,none
turkishStemmer.java,org.tartarus.snowball.ext.turkishStemmer,org.pitest.mutationtest.engine.gregor.mutators.experimental.MemberVariableMutator,r_check_vowel_harmony,357,NO_COVERAGE,none
turkishStemmer.java,org.tartarus.snowball.ext.turkishStemmer,org.pitest.mutationtest.engine.gregor.mutators.experimental.MemberVariableMutator,r_check_vowel_harmony,361,SURVIVED,none
turkishStemmer.java,org.tartarus.snowball.ext.turkishStemmer,org.pitest.mutationtest.engine.gregor.mutators.experimental.MemberVariableMutator,r_check_vowel_harmony,378,NO_COVERAGE,none
turkishStemmer.java,org.tartarus.snowball.ext.turkishStemmer,org.pitest.mutationtest.engine.gregor.mutators.experimental.MemberVariableMutator,r_check_vowel_harmony,381,SURVIVED,none
turkishStemmer.java,org.tartarus.snowball.ext.turkishStemmer,org.pitest.mutationtest.engine.gregor.mutators.experimental.MemberVariableMutator,r_check_vowel_harmony,386,TIMED_OUT,none
turkishStemmer.java,org.tartarus.snowball.ext.turkishStemmer,org.pitest.mutationtest.engine.gregor.mutators.experimental.MemberVariableMutator,r_check_vowel_harmony,390,SURVIVED,none
turkishStemmer.java,org.tartarus.snowball.ext.turkishStemmer,org.pitest.mutationtest.engine.gregor.mutators.experimental.MemberVariableMutator,r_check_vowel_harmony,407,SURVIVED,none
turkishStemmer.java,org.tartarus.snowball.ext.turkishStemmer,org.pitest.mutationtest.engine.gregor.mutators.experimental.MemberVariableMutator,r_check_vowel_harmony,410,SURVIVED,none
turkishStemmer.java,org.tartarus.snowball.ext.turkishStemmer,org.pitest.mutationtest.engine.gregor.mutators.experimental.MemberVariableMutator,r_check_vowel_harmony,415,TIMED_OUT,none
turkishStemmer.java,org.tartarus.snowball.ext.turkishStemmer,org.pitest.mutationtest.engine.gregor.mutators.experimental.MemberVariableMutator,r_check_vowel_harmony,419,SURVIVED,none
turkishStemmer.java,org.tartarus.snowball.ext.turkishStemmer,org.pitest.mutationtest.engine.gregor.mutators.experimental.MemberVariableMutator,r_check_vowel_harmony,436,NO_COVERAGE,none
turkishStemmer.java,org.tartarus.snowball.ext.turkishStemmer,org.pitest.mutationtest.engine.gregor.mutators.experimental.MemberVariableMutator,r_check_vowel_harmony,439,NO_COVERAGE,none
turkishStemmer.java,org.tartarus.snowball.ext.turkishStemmer,org.pitest.mutationtest.engine.gregor.mutators.experimental.MemberVariableMutator,r_check_vowel_harmony,444,NO_COVERAGE,none
turkishStemmer.java,org.tartarus.snowball.ext.turkishStemmer,org.pitest.mutationtest.engine.gregor.mutators.experimental.MemberVariableMutator,r_check_vowel_harmony,448,SURVIVED,none
turkishStemmer.java,org.tartarus.snowball.ext.turkishStemmer,org.pitest.mutationtest.engine.gregor.mutators.experimental.MemberVariableMutator,r_check_vowel_harmony,465,SURVIVED,none
turkishStemmer.java,org.tartarus.snowball.ext.turkishStemmer,org.pitest.mutationtest.engine.gregor.mutators.experimental.MemberVariableMutator,r_check_vowel_harmony,468,SURVIVED,none
turkishStemmer.java,org.tartarus.snowball.ext.turkishStemmer,org.pitest.mutationtest.engine.gregor.mutators.experimental.MemberVariableMutator,r_check_vowel_harmony,473,TIMED_OUT,none
turkishStemmer.java,org.tartarus.snowball.ext.turkishStemmer,org.pitest.mutationtest.engine.gregor.mutators.experimental.MemberVariableMutator,r_check_vowel_harmony,477,SURVIVED,none
turkishStemmer.java,org.tartarus.snowball.ext.turkishStemmer,org.pitest.mutationtest.engine.gregor.mutators.experimental.MemberVariableMutator,r_check_vowel_harmony,493,SURVIVED,none
turkishStemmer.java,org.tartarus.snowball.ext.turkishStemmer,org.pitest.mutationtest.engine.gregor.mutators.experimental.MemberVariableMutator,r_check_vowel_harmony,496,SURVIVED,none
turkishStemmer.java,org.tartarus.snowball.ext.turkishStemmer,org.pitest.mutationtest.engine.gregor.mutators.experimental.MemberVariableMutator,r_check_vowel_harmony,501,TIMED_OUT,none
turkishStemmer.java,org.tartarus.snowball.ext.turkishStemmer,org.pitest.mutationtest.engine.gregor.mutators.experimental.MemberVariableMutator,r_check_vowel_harmony,504,SURVIVED,none
turkishStemmer.java,org.tartarus.snowball.ext.turkishStemmer,org.pitest.mutationtest.engine.gregor.mutators.BooleanFalseReturnValsMutator,r_is_reserved_word,3040,NO_COVERAGE,none
turkishStemmer.java,org.tartarus.snowball.ext.turkishStemmer,org.pitest.mutationtest.engine.gregor.mutators.BooleanTrueReturnValsMutator,r_is_reserved_word,3027,KILLED,org.tartarus.snowball.ext.turkishStemmer_ESTest.test11
turkishStemmer.java,org.tartarus.snowball.ext.turkishStemmer,org.pitest.mutationtest.engine.gregor.mutators.BooleanTrueReturnValsMutator,r_is_reserved_word,3036,NO_COVERAGE,none
turkishStemmer.java,org.tartarus.snowball.ext.turkishStemmer,org.pitest.mutationtest.engine.gregor.mutators.ConditionalsBoundaryMutator,r_is_reserved_word,2994,SURVIVED,none
turkishStemmer.java,org.tartarus.snowball.ext.turkishStemmer,org.pitest.mutationtest.engine.gregor.mutators.ConditionalsBoundaryMutator,r_is_reserved_word,3025,SURVIVED,none
turkishStemmer.java,org.tartarus.snowball.ext.turkishStemmer,org.pitest.mutationtest.engine.gregor.mutators.InlineConstantMutator,r_is_reserved_word,2988,SURVIVED,none
turkishStemmer.java,org.tartarus.snowball.ext.turkishStemmer,org.pitest.mutationtest.engine.gregor.mutators.InlineConstantMutator,r_is_reserved_word,2998,TIMED_OUT,none
turkishStemmer.java,org.tartarus.snowball.ext.turkishStemmer,org.pitest.mutationtest.engine.gregor.mutators.InlineConstantMutator,r_is_reserved_word,3001,NO_COVERAGE,none
turkishStemmer.java,org.tartarus.snowball.ext.turkishStemmer,org.pitest.mutationtest.engine.gregor.mutators.InlineConstantMutator,r_is_reserved_word,3019,SURVIVED,none
turkishStemmer.java,org.tartarus.snowball.ext.turkishStemmer,org.pitest.mutationtest.engine.gregor.mutators.InlineConstantMutator,r_is_reserved_word,3027,KILLED,org.tartarus.snowball.ext.turkishStemmer_ESTest.test11
turkishStemmer.java,org.tartarus.snowball.ext.turkishStemmer,org.pitest.mutationtest.engine.gregor.mutators.InlineConstantMutator,r_is_reserved_word,3029,TIMED_OUT,none
turkishStemmer.java,org.tartarus.snowball.ext.turkishStemmer,org.pitest.mutationtest.engine.gregor.mutators.InlineConstantMutator,r_is_reserved_word,3032,NO_COVERAGE,none
turkishStemmer.java,org.tartarus.snowball.ext.turkishStemmer,org.pitest.mutationtest.engine.gregor.mutators.InlineConstantMutator,r_is_reserved_word,3036,NO_COVERAGE,none
turkishStemmer.java,org.tartarus.snowball.ext.turkishStemmer,org.pitest.mutationtest.engine.gregor.mutators.InlineConstantMutator,r_is_reserved_word,3040,NO_COVERAGE,none
turkishStemmer.java,org.tartarus.snowball.ext.turkishStemmer,org.pitest.mutationtest.engine.gregor.mutators.MathMutator,r_is_reserved_word,2998,KILLED,org.tartarus.snowball.ext.turkishStemmer_ESTest.test11
turkishStemmer.java,org.tartarus.snowball.ext.turkishStemmer,org.pitest.mutationtest.engine.gregor.mutators.MathMutator,r_is_reserved_word,3029,KILLED,org.tartarus.snowball.ext.turkishStemmer_ESTest.test11
turkishStemmer.java,org.tartarus.snowball.ext.turkishStemmer,org.pitest.mutationtest.engine.gregor.mutators.NegateConditionalsMutator,r_is_reserved_word,2988,KILLED,org.tartarus.snowball.ext.turkishStemmer_ESTest.test08
turkishStemmer.java,org.tartarus.snowball.ext.turkishStemmer,org.pitest.mutationtest.engine.gregor.mutators.NegateConditionalsMutator,r_is_reserved_word,2994,KILLED,org.tartarus.snowball.ext.turkishStemmer_ESTest.test06
turkishStemmer.java,org.tartarus.snowball.ext.turkishStemmer,org.pitest.mutationtest.engine.gregor.mutators.NegateConditionalsMutator,r_is_reserved_word,3003,NO_COVERAGE,none
turkishStemmer.java,org.tartarus.snowball.ext.turkishStemmer,org.pitest.mutationtest.engine.gregor.mutators.NegateConditionalsMutator,r_is_reserved_word,3019,SURVIVED,none
turkishStemmer.java,org.tartarus.snowball.ext.turkishStemmer,org.pitest.mutationtest.engine.gregor.mutators.NegateConditionalsMutator,r_is_reserved_word,3025,KILLED,org.tartarus.snowball.ext.turkishStemmer_ESTest.test06
turkishStemmer.java,org.tartarus.snowball.ext.turkishStemmer,org.pitest.mutationtest.engine.gregor.mutators.NegateConditionalsMutator,r_is_reserved_word,3034,NO_COVERAGE,none
turkishStemmer.java,org.tartarus.snowball.ext.turkishStemmer,org.pitest.mutationtest.engine.gregor.mutators.NonVoidMethodCallMutator,r_is_reserved_word,2988,SURVIVED,none
turkishStemmer.java,org.tartarus.snowball.ext.turkishStemmer,org.pitest.mutationtest.engine.gregor.mutators.NonVoidMethodCallMutator,r_is_reserved_word,3019,SURVIVED,none
turkishStemmer.java,org.tartarus.snowball.ext.turkishStemmer,org.pitest.mutationtest.engine.gregor.mutators.RemoveConditionalMutator_EQUAL_ELSE,r_is_reserved_word,2988,KILLED,org.tartarus.snowball.ext.turkishStemmer_ESTest.test08
turkishStemmer.java,org.tartarus.snowball.ext.turkishStemmer,org.pitest.mutationtest.engine.gregor.mutators.RemoveConditionalMutator_EQUAL_ELSE,r_is_reserved_word,3003,NO_COVERAGE,none
turkishStemmer.java,org.tartarus.snowball.ext.turkishStemmer,org.pitest.mutationtest.engine.gregor.mutators.RemoveConditionalMutator_EQUAL_ELSE,r_is_reserved_word,3019,SURVIVED,none
turkishStemmer.java,org.tartarus.snowball.ext.turkishStemmer,org.pitest.mutationtest.engine.gregor.mutators.RemoveConditionalMutator_EQUAL_ELSE,r_is_reserved_word,3034,NO_COVERAGE,none
turkishStemmer.java,org.tartarus.snowball.ext.turkishStemmer,org.pitest.mutationtest.engine.gregor.mutators.RemoveConditionalMutator_EQUAL_IF,r_is_reserved_word,2988,SURVIVED,none
turkishStemmer.java,org.tartarus.snowball.ext.turkishStemmer,org.pitest.mutationtest.engine.gregor.mutators.RemoveConditionalMutator_EQUAL_IF,r_is_reserved_word,3003,NO_COVERAGE,none
turkishStemmer.java,org.tartarus.snowball.ext.turkishStemmer,org.pitest.mutationtest.engine.gregor.mutators.RemoveConditionalMutator_EQUAL_IF,r_is_reserved_word,3019,SURVIVED,none
turkishStemmer.java,org.tartarus.snowball.ext.turkishStemmer,org.pitest.mutationtest.engine.gregor.mutators.RemoveConditionalMutator_EQUAL_IF,r_is_reserved_word,3034,NO_COVERAGE,none
turkishStemmer.java,org.tartarus.snowball.ext.turkishStemmer,org.pitest.mutationtest.engine.gregor.mutators.RemoveConditionalMutator_ORDER_ELSE,r_is_reserved_word,2994,TIMED_OUT,none
turkishStemmer.java,org.tartarus.snowball.ext.turkishStemmer,org.pitest.mutationtest.engine.gregor.mutators.RemoveConditionalMutator_ORDER_ELSE,r_is_reserved_word,3025,TIMED_OUT,none
turkishStemmer.java,org.tartarus.snowball.ext.turkishStemmer,org.pitest.mutationtest.engine.gregor.mutators.RemoveConditionalMutator_ORDER_IF,r_is_reserved_word,2994,SURVIVED,none
turkishStemmer.java,org.tartarus.snowball.ext.turkishStemmer,org.pitest.mutationtest.engine.gregor.mutators.RemoveConditionalMutator_ORDER_IF,r_is_reserved_word,3025,SURVIVED,none
turkishStemmer.java,org.tartarus.snowball.ext.turkishStemmer,org.pitest.mutationtest.engine.gregor.mutators.ReturnValsMutator,r_is_reserved_word,3027,KILLED,org.tartarus.snowball.ext.turkishStemmer_ESTest.test11
turkishStemmer.java,org.tartarus.snowball.ext.turkishStemmer,org.pitest.mutationtest.engine.gregor.mutators.ReturnValsMutator,r_is_reserved_word,3036,NO_COVERAGE,none
turkishStemmer.java,org.tartarus.snowball.ext.turkishStemmer,org.pitest.mutationtest.engine.gregor.mutators.ReturnValsMutator,r_is_reserved_word,3040,NO_COVERAGE,none
turkishStemmer.java,org.tartarus.snowball.ext.turkishStemmer,org.pitest.mutationtest.engine.gregor.mutators.experimental.MemberVariableMutator,r_is_reserved_word,2998,TIMED_OUT,none
turkishStemmer.java,org.tartarus.snowball.ext.turkishStemmer,org.pitest.mutationtest.engine.gregor.mutators.experimental.MemberVariableMutator,r_is_reserved_word,3001,NO_COVERAGE,none
turkishStemmer.java,org.tartarus.snowball.ext.turkishStemmer,org.pitest.mutationtest.engine.gregor.mutators.experimental.MemberVariableMutator,r_is_reserved_word,3007,NO_COVERAGE,none
turkishStemmer.java,org.tartarus.snowball.ext.turkishStemmer,org.pitest.mutationtest.engine.gregor.mutators.experimental.MemberVariableMutator,r_is_reserved_word,3010,SURVIVED,none
turkishStemmer.java,org.tartarus.snowball.ext.turkishStemmer,org.pitest.mutationtest.engine.gregor.mutators.experimental.MemberVariableMutator,r_is_reserved_word,3029,TIMED_OUT,none
turkishStemmer.java,org.tartarus.snowball.ext.turkishStemmer,org.pitest.mutationtest.engine.gregor.mutators.experimental.MemberVariableMutator,r_is_reserved_word,3032,NO_COVERAGE,none
turkishStemmer.java,org.tartarus.snowball.ext.turkishStemmer,org.pitest.mutationtest.engine.gregor.mutators.experimental.MemberVariableMutator,r_is_reserved_word,3038,NO_COVERAGE,none
turkishStemmer.java,org.tartarus.snowball.ext.turkishStemmer,org.pitest.mutationtest.engine.gregor.mutators.ArgumentPropagationMutator,r_mark_DA,976,SURVIVED,none
turkishStemmer.java,org.tartarus.snowball.ext.turkishStemmer,org.pitest.mutationtest.engine.gregor.mutators.BooleanFalseReturnValsMutator,r_mark_DA,980,SURVIVED,none
turkishStemmer.java,org.tartarus.snowball.ext.turkishStemmer,org.pitest.mutationtest.engine.gregor.mutators.BooleanTrueReturnValsMutator,r_mark_DA,973,SURVIVED,none
turkishStemmer.java,org.tartarus.snowball.ext.turkishStemmer,org.pitest.mutationtest.engine.gregor.mutators.BooleanTrueReturnValsMutator,r_mark_DA,978,SURVIVED,none
turkishStemmer.java,org.tartarus.snowball.ext.turkishStemmer,org.pitest.mutationtest.engine.gregor.mutators.InlineConstantMutator,r_mark_DA,973,SURVIVED,none
turkishStemmer.java,org.tartarus.snowball.ext.turkishStemmer,org.pitest.mutationtest.engine.gregor.mutators.InlineConstantMutator,r_mark_DA,976,KILLED,org.tartarus.snowball.ext.turkishStemmer_ESTest.test10
turkishStemmer.java,org.tartarus.snowball.ext.turkishStemmer,org.pitest.mutationtest.engine.gregor.mutators.InlineConstantMutator,r_mark_DA,978,SURVIVED,none
turkishStemmer.java,org.tartarus.snowball.ext.turkishStemmer,org.pitest.mutationtest.engine.gregor.mutators.InlineConstantMutator,r_mark_DA,980,SURVIVED,none
turkishStemmer.java,org.tartarus.snowball.ext.turkishStemmer,org.pitest.mutationtest.engine.gregor.mutators.NegateConditionalsMutator,r_mark_DA,971,SURVIVED,none
turkishStemmer.java,org.tartarus.snowball.ext.turkishStemmer,org.pitest.mutationtest.engine.gregor.mutators.NegateConditionalsMutator,r_mark_DA,976,SURVIVED,none
turkishStemmer.java,org.tartarus.snowball.ext.turkishStemmer,org.pitest.mutationtest.engine.gregor.mutators.NonVoidMethodCallMutator,r_mark_DA,971,SURVIVED,none
turkishStemmer.java,org.tartarus.snowball.ext.turkishStemmer,org.pitest.mutationtest.engine.gregor.mutators.NonVoidMethodCallMutator,r_mark_DA,976,SURVIVED,none
turkishStemmer.java,org.tartarus.snowball.ext.turkishStemmer,org.pitest.mutationtest.engine.gregor.mutators.RemoveConditionalMutator_EQUAL_ELSE,r_mark_DA,971,SURVIVED,none
turkishStemmer.java,org.tartarus.snowball.ext.turkishStemmer,org.pitest.mutationtest.engine.gregor.mutators.RemoveConditionalMutator_EQUAL_ELSE,r_mark_DA,976,SURVIVED,none
turkishStemmer.java,org.tartarus.snowball.ext.turkishStemmer,org.pitest.mutationtest.engine.gregor.mutators.RemoveConditionalMutator_EQUAL_IF,r_mark_DA,971,SURVIVED,none
turkishStemmer.java,org.tartarus.snowball.ext.turkishStemmer,org.pitest.mutationtest.engine.gregor.mutators.RemoveConditionalMutator_EQUAL_IF,r_mark_DA,976,SURVIVED,none
turkishStemmer.java,org.tartarus.snowball.ext.turkishStemmer,org.pitest.mutationtest.engine.gregor.mutators.ReturnValsMutator,r_mark_DA,973,SURVIVED,none
turkishStemmer.java,org.tartarus.snowball.ext.turkishStemmer,org.pitest.mutationtest.engine.gregor.mutators.ReturnValsMutator,r_mark_DA,978,SURVIVED,none
turkishStemmer.java,org.tartarus.snowball.ext.turkishStemmer,org.pitest.mutationtest.engine.gregor.mutators.ReturnValsMutator,r_mark_DA,980,SURVIVED,none
turkishStemmer.java,org.tartarus.snowball.ext.turkishStemmer,org.pitest.mutationtest.engine.gregor.mutators.ArgumentPropagationMutator,r_mark_DAn,1006,SURVIVED,none
turkishStemmer.java,org.tartarus.snowball.ext.turkishStemmer,org.pitest.mutationtest.engine.gregor.mutators.BooleanFalseReturnValsMutator,r_mark_DAn,1010,NO_COVERAGE,none
turkishStemmer.java,org.tartarus.snowball.ext.turkishStemmer,org.pitest.mutationtest.engine.gregor.mutators.BooleanTrueReturnValsMutator,r_mark_DAn,1003,SURVIVED,none
turkishStemmer.java,org.tartarus.snowball.ext.turkishStemmer,org.pitest.mutationtest.engine.gregor.mutators.BooleanTrueReturnValsMutator,r_mark_DAn,1008,SURVIVED,none
turkishStemmer.java,org.tartarus.snowball.ext.turkishStemmer,org.pitest.mutationtest.engine.gregor.mutators.InlineConstantMutator,r_mark_DAn,1003,SURVIVED,none
turkishStemmer.java,org.tartarus.snowball.ext.turkishStemmer,org.pitest.mutationtest.engine.gregor.mutators.InlineConstantMutator,r_mark_DAn,1006,KILLED,org.tartarus.snowball.ext.turkishStemmer_ESTest.test10
turkishStemmer.java,org.tartarus.snowball.ext.turkishStemmer,org.pitest.mutationtest.engine.gregor.mutators.InlineConstantMutator,r_mark_DAn,1008,SURVIVED,none
turkishStemmer.java,org.tartarus.snowball.ext.turkishStemmer,org.pitest.mutationtest.engine.gregor.mutators.InlineConstantMutator,r_mark_DAn,1010,NO_COVERAGE,none
turkishStemmer.java,org.tartarus.snowball.ext.turkishStemmer,org.pitest.mutationtest.engine.gregor.mutators.NegateConditionalsMutator,r_mark_DAn,1001,SURVIVED,none
turkishStemmer.java,org.tartarus.snowball.ext.turkishStemmer,org.pitest.mutationtest.engine.gregor.mutators.NegateConditionalsMutator,r_mark_DAn,1006,SURVIVED,none
turkishStemmer.java,org.tartarus.snowball.ext.turkishStemmer,org.pitest.mutationtest.engine.gregor.mutators.NonVoidMethodCallMutator,r_mark_DAn,1001,SURVIVED,none
turkishStemmer.java,org.tartarus.snowball.ext.turkishStemmer,org.pitest.mutationtest.engine.gregor.mutators.NonVoidMethodCallMutator,r_mark_DAn,1006,SURVIVED,none
turkishStemmer.java,org.tartarus.snowball.ext.turkishStemmer,org.pitest.mutationtest.engine.gregor.mutators.RemoveConditionalMutator_EQUAL_ELSE,r_mark_DAn,1001,SURVIVED,none
turkishStemmer.java,org.tartarus.snowball.ext.turkishStemmer,org.pitest.mutationtest.engine.gregor.mutators.RemoveConditionalMutator_EQUAL_ELSE,r_mark_DAn,1006,SURVIVED,none
turkishStemmer.java,org.tartarus.snowball.ext.turkishStemmer,org.pitest.mutationtest.engine.gregor.mutators.RemoveConditionalMutator_EQUAL_IF,r_mark_DAn,1001,SURVIVED,none
turkishStemmer.java,org.tartarus.snowball.ext.turkishStemmer,org.pitest.mutationtest.engine.gregor.mutators.RemoveConditionalMutator_EQUAL_IF,r_mark_DAn,1006,SURVIVED,none
turkishStemmer.java,org.tartarus.snowball.ext.turkishStemmer,org.pitest.mutationtest.engine.gregor.mutators.ReturnValsMutator,r_mark_DAn,1003,SURVIVED,none
turkishStemmer.java,org.tartarus.snowball.ext.turkishStemmer,org.pitest.mutationtest.engine.gregor.mutators.ReturnValsMutator,r_mark_DAn,1008,SURVIVED,none
turkishStemmer.java,org.tartarus.snowball.ext.turkishStemmer,org.pitest.mutationtest.engine.gregor.mutators.ReturnValsMutator,r_mark_DAn,1010,NO_COVERAGE,none
turkishStemmer.java,org.tartarus.snowball.ext.turkishStemmer,org.pitest.mutationtest.engine.gregor.mutators.ArgumentPropagationMutator,r_mark_DUr,1185,SURVIVED,none
turkishStemmer.java,org.tartarus.snowball.ext.turkishStemmer,org.pitest.mutationtest.engine.gregor.mutators.BooleanFalseReturnValsMutator,r_mark_DUr,1189,NO_COVERAGE,none
turkishStemmer.java,org.tartarus.snowball.ext.turkishStemmer,org.pitest.mutationtest.engine.gregor.mutators.BooleanTrueReturnValsMutator,r_mark_DUr,1182,SURVIVED,none
turkishStemmer.java,org.tartarus.snowball.ext.turkishStemmer,org.pitest.mutationtest.engine.gregor.mutators.BooleanTrueReturnValsMutator,r_mark_DUr,1187,SURVIVED,none
turkishStemmer.java,org.tartarus.snowball.ext.turkishStemmer,org.pitest.mutationtest.engine.gregor.mutators.InlineConstantMutator,r_mark_DUr,1182,SURVIVED,none
turkishStemmer.java,org.tartarus.snowball.ext.turkishStemmer,org.pitest.mutationtest.engine.gregor.mutators.InlineConstantMutator,r_mark_DUr,1185,KILLED,org.tartarus.snowball.ext.turkishStemmer_ESTest.test07
turkishStemmer.java,org.tartarus.snowball.ext.turkishStemmer,org.pitest.mutationtest.engine.gregor.mutators.InlineConstantMutator,r_mark_DUr,1187,SURVIVED,none
turkishStemmer.java,org.tartarus.snowball.ext.turkishStemmer,org.pitest.mutationtest.engine.gregor.mutators.InlineConstantMutator,r_mark_DUr,1189,NO_COVERAGE,none
turkishStemmer.java,org.tartarus.snowball.ext.turkishStemmer,org.pitest.mutationtest.engine.gregor.mutators.NegateConditionalsMutator,r_mark_DUr,1180,SURVIVED,none
turkishStemmer.java,org.tartarus.snowball.ext.turkishStemmer,org.pitest.mutationtest.engine.gregor.mutators.NegateConditionalsMutator,r_mark_DUr,1185,SURVIVED,none
turkishStemmer.java,org.tartarus.snowball.ext.turkishStemmer,org.pitest.mutationtest.engine.gregor.mutators.NonVoidMethodCallMutator,r_mark_DUr,1180,SURVIVED,none
turkishStemmer.java,org.tartarus.snowball.ext.turkishStemmer,org.pitest.mutationtest.engine.gregor.mutators.NonVoidMethodCallMutator,r_mark_DUr,1185,SURVIVED,none
turkishStemmer.java,org.tartarus.snowball.ext.turkishStemmer,org.pitest.mutationtest.engine.gregor.mutators.RemoveConditionalMutator_EQUAL_ELSE,r_mark_DUr,1180,SURVIVED,none
turkishStemmer.java,org.tartarus.snowball.ext.turkishStemmer,org.pitest.mutationtest.engine.gregor.mutators.RemoveConditionalMutator_EQUAL_ELSE,r_mark_DUr,1185,SURVIVED,none
turkishStemmer.java,org.tartarus.snowball.ext.turkishStemmer,org.pitest.mutationtest.engine.gregor.mutators.RemoveConditionalMutator_EQUAL_IF,r_mark_DUr,1180,SURVIVED,none
turkishStemmer.java,org.tartarus.snowball.ext.turkishStemmer,org.pitest.mutationtest.engine.gregor.mutators.RemoveConditionalMutator_EQUAL_IF,r_mark_DUr,1185,SURVIVED,none
turkishStemmer.java,org.tartarus.snowball.ext.turkishStemmer,org.pitest.mutationtest.engine.gregor.mutators.ReturnValsMutator,r_mark_DUr,1182,SURVIVED,none
turkishStemmer.java,org.tartarus.snowball.ext.turkishStemmer,org.pitest.mutationtest.engine.gregor.mutators.ReturnValsMutator,r_mark_DUr,1187,SURVIVED,none
turkishStemmer.java,org.tartarus.snowball.ext.turkishStemmer,org.pitest.mutationtest.engine.gregor.mutators.ReturnValsMutator,r_mark_DUr,1189,NO_COVERAGE,none
turkishStemmer.java,org.tartarus.snowball.ext.turkishStemmer,org.pitest.mutationtest.engine.gregor.mutators.ArgumentPropagationMutator,r_mark_cAsInA,1195,SURVIVED,none
turkishStemmer.java,org.tartarus.snowball.ext.turkishStemmer,org.pitest.mutationtest.engine.gregor.mutators.BooleanFalseReturnValsMutator,r_mark_cAsInA,1199,NO_COVERAGE,none
turkishStemmer.java,org.tartarus.snowball.ext.turkishStemmer,org.pitest.mutationtest.engine.gregor.mutators.BooleanTrueReturnValsMutator,r_mark_cAsInA,1197,SURVIVED,none
turkishStemmer.java,org.tartarus.snowball.ext.turkishStemmer,org.pitest.mutationtest.engine.gregor.mutators.InlineConstantMutator,r_mark_cAsInA,1195,KILLED,org.tartarus.snowball.ext.turkishStemmer_ESTest.test11
turkishStemmer.java,org.tartarus.snowball.ext.turkishStemmer,org.pitest.mutationtest.engine.gregor.mutators.InlineConstantMutator,r_mark_cAsInA,1197,SURVIVED,none
turkishStemmer.java,org.tartarus.snowball.ext.turkishStemmer,org.pitest.mutationtest.engine.gregor.mutators.InlineConstantMutator,r_mark_cAsInA,1199,NO_COVERAGE,none
turkishStemmer.java,org.tartarus.snowball.ext.turkishStemmer,org.pitest.mutationtest.engine.gregor.mutators.NegateConditionalsMutator,r_mark_cAsInA,1195,SURVIVED,none
turkishStemmer.java,org.tartarus.snowball.ext.turkishStemmer,org.pitest.mutationtest.engine.gregor.mutators.NonVoidMethodCallMutator,r_mark_cAsInA,1195,SURVIVED,none
turkishStemmer.java,org.tartarus.snowball.ext.turkishStemmer,org.pitest.mutationtest.engine.gregor.mutators.RemoveConditionalMutator_EQUAL_ELSE,r_mark_cAsInA,1195,SURVIVED,none
turkishStemmer.java,org.tartarus.snowball.ext.turkishStemmer,org.pitest.mutationtest.engine.gregor.mutators.RemoveConditionalMutator_EQUAL_IF,r_mark_cAsInA,1195,SURVIVED,none
turkishStemmer.java,org.tartarus.snowball.ext.turkishStemmer,org.pitest.mutationtest.engine.gregor.mutators.ReturnValsMutator,r_mark_cAsInA,1197,SURVIVED,none
turkishStemmer.java,org.tartarus.snowball.ext.turkishStemmer,org.pitest.mutationtest.engine.gregor.mutators.ReturnValsMutator,r_mark_cAsInA,1199,NO_COVERAGE,none
turkishStemmer.java,org.tartarus.snowball.ext.turkishStemmer,org.pitest.mutationtest.engine.gregor.mutators.BooleanFalseReturnValsMutator,r_mark_ki,1056,NO_COVERAGE,none
turkishStemmer.java,org.tartarus.snowball.ext.turkishStemmer,org.pitest.mutationtest.engine.gregor.mutators.BooleanTrueReturnValsMutator,r_mark_ki,1054,SURVIVED,none
turkishStemmer.java,org.tartarus.snowball.ext.turkishStemmer,org.pitest.mutationtest.engine.gregor.mutators.InlineConstantMutator,r_mark_ki,1052,SURVIVED,none
turkishStemmer.java,org.tartarus.snowball.ext.turkishStemmer,org.pitest.mutationtest.engine.gregor.mutators.InlineConstantMutator,r_mark_ki,1054,SURVIVED,none
turkishStemmer.java,org.tartarus.snowball.ext.turkishStemmer,org.pitest.mutationtest.engine.gregor.mutators.InlineConstantMutator,r_mark_ki,1056,NO_COVERAGE,none
turkishStemmer.java,org.tartarus.snowball.ext.turkishStemmer,org.pitest.mutationtest.engine.gregor.mutators.NegateConditionalsMutator,r_mark_ki,1052,SURVIVED,none
turkishStemmer.java,org.tartarus.snowball.ext.turkishStemmer,org.pitest.mutationtest.engine.gregor.mutators.NonVoidMethodCallMutator,r_mark_ki,1052,SURVIVED,none
turkishStemmer.java,org.tartarus.snowball.ext.turkishStemmer,org.pitest.mutationtest.engine.gregor.mutators.RemoveConditionalMutator_EQUAL_ELSE,r_mark_ki,1052,SURVIVED,none
turkishStemmer.java,org.tartarus.snowball.ext.turkishStemmer,org.pitest.mutationtest.engine.gregor.mutators.RemoveConditionalMutator_EQUAL_IF,r_mark_ki,1052,SURVIVED,none
turkishStemmer.java,org.tartarus.snowball.ext.turkishStemmer,org.pitest.mutationtest.engine.gregor.mutators.ReturnValsMutator,r_mark_ki,1054,SURVIVED,none
turkishStemmer.java,org.tartarus.snowball.ext.turkishStemmer,org.pitest.mutationtest.engine.gregor.mutators.ReturnValsMutator,r_mark_ki,1056,NO_COVERAGE,none
turkishStemmer.java,org.tartarus.snowball.ext.turkishStemmer,org.pitest.mutationtest.engine.gregor.mutators.ArgumentPropagationMutator,r_mark_lAr,1155,KILLED,org.tartarus.snowball.ext.turkishStemmer_ESTest.test09
turkishStemmer.java,org.tartarus.snowball.ext.turkishStemmer,org.pitest.mutationtest.engine.gregor.mutators.BooleanFalseReturnValsMutator,r_mark_lAr,1159,NO_COVERAGE,none
turkishStemmer.java,org.tartarus.snowball.ext.turkishStemmer,org.pitest.mutationtest.engine.gregor.mutators.BooleanTrueReturnValsMutator,r_mark_lAr,1152,KILLED,org.tartarus.snowball.ext.turkishStemmer_ESTest.test11
turkishStemmer.java,org.tartarus.snowball.ext.turkishStemmer,org.pitest.mutationtest.engine.gregor.mutators.BooleanTrueReturnValsMutator,r_mark_lAr,1157,KILLED,org.tartarus.snowball.ext.turkishStemmer_ESTest.test09
turkishStemmer.java,org.tartarus.snowball.ext.turkishStemmer,org.pitest.mutationtest.engine.gregor.mutators.InlineConstantMutator,r_mark_lAr,1152,KILLED,org.tartarus.snowball.ext.turkishStemmer_ESTest.test11
turkishStemmer.java,org.tartarus.snowball.ext.turkishStemmer,org.pitest.mutationtest.engine.gregor.mutators.InlineConstantMutator,r_mark_lAr,1155,KILLED,org.tartarus.snowball.ext.turkishStemmer_ESTest.test08
turkishStemmer.java,org.tartarus.snowball.ext.turkishStemmer,org.pitest.mutationtest.engine.gregor.mutators.InlineConstantMutator,r_mark_lAr,1157,KILLED,org.tartarus.snowball.ext.turkishStemmer_ESTest.test09
turkishStemmer.java,org.tartarus.snowball.ext.turkishStemmer,org.pitest.mutationtest.engine.gregor.mutators.InlineConstantMutator,r_mark_lAr,1159,NO_COVERAGE,none
turkishStemmer.java,org.tartarus.snowball.ext.turkishStemmer,org.pitest.mutationtest.engine.gregor.mutators.NegateConditionalsMutator,r_mark_lAr,1150,SURVIVED,none
turkishStemmer.java,org.tartarus.snowball.ext.turkishStemmer,org.pitest.mutationtest.engine.gregor.mutators.NegateConditionalsMutator,r_mark_lAr,1155,KILLED,org.tartarus.snowball.ext.turkishStemmer_ESTest.test09
turkishStemmer.java,org.tartarus.snowball.ext.turkishStemmer,org.pitest.mutationtest.engine.gregor.mutators.NonVoidMethodCallMutator,r_mark_lAr,1150,SURVIVED,none
turkishStemmer.java,org.tartarus.snowball.ext.turkishStemmer,org.pitest.mutationtest.engine.gregor.mutators.NonVoidMethodCallMutator,r_mark_lAr,1155,SURVIVED,none
turkishStemmer.java,org.tartarus.snowball.ext.turkishStemmer,org.pitest.mutationtest.engine.gregor.mutators.RemoveConditionalMutator_EQUAL_ELSE,r_mark_lAr,1150,SURVIVED,none
turkishStemmer.java,org.tartarus.snowball.ext.turkishStemmer,org.pitest.mutationtest.engine.gregor.mutators.RemoveConditionalMutator_EQUAL_ELSE,r_mark_lAr,1155,KILLED,org.tartarus.snowball.ext.turkishStemmer_ESTest.test09
turkishStemmer.java,org.tartarus.snowball.ext.turkishStemmer,org.pitest.mutationtest.engine.gregor.mutators.RemoveConditionalMutator_EQUAL_IF,r_mark_lAr,1150,SURVIVED,none
turkishStemmer.java,org.tartarus.snowball.ext.turkishStemmer,org.pitest.mutationtest.engine.gregor.mutators.RemoveConditionalMutator_EQUAL_IF,r_mark_lAr,1155,SURVIVED,none
turkishStemmer.java,org.tartarus.snowball.ext.turkishStemmer,org.pitest.mutationtest.engine.gregor.mutators.ReturnValsMutator,r_mark_lAr,1152,KILLED,org.tartarus.snowball.ext.turkishStemmer_ESTest.test11
turkishStemmer.java,org.tartarus.snowball.ext.turkishStemmer,org.pitest.mutationtest.engine.gregor.mutators.ReturnValsMutator,r_mark_lAr,1157,KILLED,org.tartarus.snowball.ext.turkishStemmer_ESTest.test09
turkishStemmer.java,org.tartarus.snowball.ext.turkishStemmer,org.pitest.mutationtest.engine.gregor.mutators.ReturnValsMutator,r_mark_lAr,1159,NO_COVERAGE,none
turkishStemmer.java,org.tartarus.snowball.ext.turkishStemmer,org.pitest.mutationtest.engine.gregor.mutators.ArgumentPropagationMutator,r_mark_lArI,869,SURVIVED,none
turkishStemmer.java,org.tartarus.snowball.ext.turkishStemmer,org.pitest.mutationtest.engine.gregor.mutators.BooleanFalseReturnValsMutator,r_mark_lArI,873,NO_COVERAGE,none
turkishStemmer.java,org.tartarus.snowball.ext.turkishStemmer,org.pitest.mutationtest.engine.gregor.mutators.BooleanTrueReturnValsMutator,r_mark_lArI,871,SURVIVED,none
turkishStemmer.java,org.tartarus.snowball.ext.turkishStemmer,org.pitest.mutationtest.engine.gregor.mutators.InlineConstantMutator,r_mark_lArI,869,SURVIVED,none
turkishStemmer.java,org.tartarus.snowball.ext.turkishStemmer,org.pitest.mutationtest.engine.gregor.mutators.InlineConstantMutator,r_mark_lArI,871,SURVIVED,none
turkishStemmer.java,org.tartarus.snowball.ext.turkishStemmer,org.pitest.mutationtest.engine.gregor.mutators.InlineConstantMutator,r_mark_lArI,873,NO_COVERAGE,none
turkishStemmer.java,org.tartarus.snowball.ext.turkishStemmer,org.pitest.mutationtest.engine.gregor.mutators.NegateConditionalsMutator,r_mark_lArI,869,SURVIVED,none
turkishStemmer.java,org.tartarus.snowball.ext.turkishStemmer,org.pitest.mutationtest.engine.gregor.mutators.NonVoidMethodCallMutator,r_mark_lArI,869,SURVIVED,none
turkishStemmer.java,org.tartarus.snowball.ext.turkishStemmer,org.pitest.mutationtest.engine.gregor.mutators.RemoveConditionalMutator_EQUAL_ELSE,r_mark_lArI,869,SURVIVED,none
turkishStemmer.java,org.tartarus.snowball.ext.turkishStemmer,org.pitest.mutationtest.engine.gregor.mutators.RemoveConditionalMutator_EQUAL_IF,r_mark_lArI,869,SURVIVED,none
turkishStemmer.java,org.tartarus.snowball.ext.turkishStemmer,org.pitest.mutationtest.engine.gregor.mutators.ReturnValsMutator,r_mark_lArI,871,SURVIVED,none
turkishStemmer.java,org.tartarus.snowball.ext.turkishStemmer,org.pitest.mutationtest.engine.gregor.mutators.ReturnValsMutator,r_mark_lArI,873,NO_COVERAGE,none
turkishStemmer.java,org.tartarus.snowball.ext.turkishStemmer,org.pitest.mutationtest.engine.gregor.mutators.ArgumentPropagationMutator,r_mark_nA,961,SURVIVED,none
turkishStemmer.java,org.tartarus.snowball.ext.turkishStemmer,org.pitest.mutationtest.engine.gregor.mutators.BooleanFalseReturnValsMutator,r_mark_nA,965,NO_COVERAGE,none
turkishStemmer.java,org.tartarus.snowball.ext.turkishStemmer,org.pitest.mutationtest.engine.gregor.mutators.BooleanTrueReturnValsMutator,r_mark_nA,958,SURVIVED,none
turkishStemmer.java,org.tartarus.snowball.ext.turkishStemmer,org.pitest.mutationtest.engine.gregor.mutators.BooleanTrueReturnValsMutator,r_mark_nA,963,SURVIVED,none
turkishStemmer.java,org.tartarus.snowball.ext.turkishStemmer,org.pitest.mutationtest.engine.gregor.mutators.InlineConstantMutator,r_mark_nA,958,SURVIVED,none
turkishStemmer.java,org.tartarus.snowball.ext.turkishStemmer,org.pitest.mutationtest.engine.gregor.mutators.InlineConstantMutator,r_mark_nA,961,KILLED,org.tartarus.snowball.ext.turkishStemmer_ESTest.test10
turkishStemmer.java,org.tartarus.snowball.ext.turkishStemmer,org.pitest.mutationtest.engine.gregor.mutators.InlineConstantMutator,r_mark_nA,963,SURVIVED,none
turkishStemmer.java,org.tartarus.snowball.ext.turkishStemmer,org.pitest.mutationtest.engine.gregor.mutators.InlineConstantMutator,r_mark_nA,965,NO_COVERAGE,none
turkishStemmer.java,org.tartarus.snowball.ext.turkishStemmer,org.pitest.mutationtest.engine.gregor.mutators.NegateConditionalsMutator,r_mark_nA,956,SURVIVED,none
turkishStemmer.java,org.tartarus.snowball.ext.turkishStemmer,org.pitest.mutationtest.engine.gregor.mutators.NegateConditionalsMutator,r_mark_nA,961,SURVIVED,none
turkishStemmer.java,org.tartarus.snowball.ext.turkishStemmer,org.pitest.mutationtest.engine.gregor.mutators.NonVoidMethodCallMutator,r_mark_nA,956,SURVIVED,none
turkishStemmer.java,org.tartarus.snowball.ext.turkishStemmer,org.pitest.mutationtest.engine.gregor.mutators.NonVoidMethodCallMutator,r_mark_nA,961,SURVIVED,none
turkishStemmer.java,org.tartarus.snowball.ext.turkishStemmer,org.pitest.mutationtest.engine.gregor.mutators.RemoveConditionalMutator_EQUAL_ELSE,r_mark_nA,956,SURVIVED,none
turkishStemmer.java,org.tartarus.snowball.ext.turkishStemmer,org.pitest.mutationtest.engine.gregor.mutators.RemoveConditionalMutator_EQUAL_ELSE,r_mark_nA,961,SURVIVED,none
turkishStemmer.java,org.tartarus.snowball.ext.turkishStemmer,org.pitest.mutationtest.engine.gregor.mutators.RemoveConditionalMutator_EQUAL_IF,r_mark_nA,956,SURVIVED,none
turkishStemmer.java,org.tartarus.snowball.ext.turkishStemmer,org.pitest.mutationtest.engine.gregor.mutators.RemoveConditionalMutator_EQUAL_IF,r_mark_nA,961,SURVIVED,none
turkishStemmer.java,org.tartarus.snowball.ext.turkishStemmer,org.pitest.mutationtest.engine.gregor.mutators.ReturnValsMutator,r_mark_nA,958,SURVIVED,none
turkishStemmer.java,org.tartarus.snowball.ext.turkishStemmer,org.pitest.mutationtest.engine.gregor.mutators.ReturnValsMutator,r_mark_nA,963,SURVIVED,none
turkishStemmer.java,org.tartarus.snowball.ext.turkishStemmer,org.pitest.mutationtest.engine.gregor.mutators.ReturnValsMutator,r_mark_nA,965,NO_COVERAGE,none
turkishStemmer.java,org.tartarus.snowball.ext.turkishStemmer,org.pitest.mutationtest.engine.gregor.mutators.ArgumentPropagationMutator,r_mark_nU,904,SURVIVED,none
turkishStemmer.java,org.tartarus.snowball.ext.turkishStemmer,org.pitest.mutationtest.engine.gregor.mutators.BooleanFalseReturnValsMutator,r_mark_nU,908,SURVIVED,none
turkishStemmer.java,org.tartarus.snowball.ext.turkishStemmer,org.pitest.mutationtest.engine.gregor.mutators.BooleanTrueReturnValsMutator,r_mark_nU,901,SURVIVED,none
turkishStemmer.java,org.tartarus.snowball.ext.turkishStemmer,org.pitest.mutationtest.engine.gregor.mutators.BooleanTrueReturnValsMutator,r_mark_nU,906,SURVIVED,none
turkishStemmer.java,org.tartarus.snowball.ext.turkishStemmer,org.pitest.mutationtest.engine.gregor.mutators.InlineConstantMutator,r_mark_nU,901,SURVIVED,none
turkishStemmer.java,org.tartarus.snowball.ext.turkishStemmer,org.pitest.mutationtest.engine.gregor.mutators.InlineConstantMutator,r_mark_nU,904,SURVIVED,none
turkishStemmer.java,org.tartarus.snowball.ext.turkishStemmer,org.pitest.mutationtest.engine.gregor.mutators.InlineConstantMutator,r_mark_nU,906,SURVIVED,none
turkishStemmer.java,org.tartarus.snowball.ext.turkishStemmer,org.pitest.mutationtest.engine.gregor.mutators.InlineConstantMutator,r_mark_nU,908,SURVIVED,none
turkishStemmer.java,org.tartarus.snowball.ext.turkishStemmer,org.pitest.mutationtest.engine.gregor.mutators.NegateConditionalsMutator,r_mark_nU,899,SURVIVED,none
turkishStemmer.java,org.tartarus.snowball.ext.turkishStemmer,org.pitest.mutationtest.engine.gregor.mutators.NegateConditionalsMutator,r_mark_nU,904,SURVIVED,none
turkishStemmer.java,org.tartarus.snowball.ext.turkishStemmer,org.pitest.mutationtest.engine.gregor.mutators.NonVoidMethodCallMutator,r_mark_nU,899,SURVIVED,none
turkishStemmer.java,org.tartarus.snowball.ext.turkishStemmer,org.pitest.mutationtest.engine.gregor.mutators.NonVoidMethodCallMutator,r_mark_nU,904,SURVIVED,none
turkishStemmer.java,org.tartarus.snowball.ext.turkishStemmer,org.pitest.mutationtest.engine.gregor.mutators.RemoveConditionalMutator_EQUAL_ELSE,r_mark_nU,899,SURVIVED,none
turkishStemmer.java,org.tartarus.snowball.ext.turkishStemmer,org.pitest.mutationtest.engine.gregor.mutators.RemoveConditionalMutator_EQUAL_ELSE,r_mark_nU,904,SURVIVED,none
turkishStemmer.java,org.tartarus.snowball.ext.turkishStemmer,org.pitest.mutationtest.engine.gregor.mutators.RemoveConditionalMutator_EQUAL_IF,r_mark_nU,899,SURVIVED,none
turkishStemmer.java,org.tartarus.snowball.ext.turkishStemmer,org.pitest.mutationtest.engine.gregor.mutators.RemoveConditionalMutator_EQUAL_IF,r_mark_nU,904,SURVIVED,none
turkishStemmer.java,org.tartarus.snowball.ext.turkishStemmer,org.pitest.mutationtest.engine.gregor.mutators.ReturnValsMutator,r_mark_nU,901,SURVIVED,none
turkishStemmer.java,org.tartarus.snowball.ext.turkishStemmer,org.pitest.mutationtest.engine.gregor.mutators.ReturnValsMutator,r_mark_nU,906,SURVIVED,none
turkishStemmer.java,org.tartarus.snowball.ext.turkishStemmer,org.pitest.mutationtest.engine.gregor.mutators.ReturnValsMutator,r_mark_nU,908,SURVIVED,none
turkishStemmer.java,org.tartarus.snowball.ext.turkishStemmer,org.pitest.mutationtest.engine.gregor.mutators.ArgumentPropagationMutator,r_mark_nUn,919,SURVIVED,none
turkishStemmer.java,org.tartarus.snowball.ext.turkishStemmer,org.pitest.mutationtest.engine.gregor.mutators.BooleanFalseReturnValsMutator,r_mark_nUn,929,NO_COVERAGE,none
turkishStemmer.java,org.tartarus.snowball.ext.turkishStemmer,org.pitest.mutationtest.engine.gregor.mutators.BooleanTrueReturnValsMutator,r_mark_nUn,916,SURVIVED,none
turkishStemmer.java,org.tartarus.snowball.ext.turkishStemmer,org.pitest.mutationtest.engine.gregor.mutators.BooleanTrueReturnValsMutator,r_mark_nUn,921,SURVIVED,none
turkishStemmer.java,org.tartarus.snowball.ext.turkishStemmer,org.pitest.mutationtest.engine.gregor.mutators.BooleanTrueReturnValsMutator,r_mark_nUn,927,NO_COVERAGE,none
turkishStemmer.java,org.tartarus.snowball.ext.turkishStemmer,org.pitest.mutationtest.engine.gregor.mutators.InlineConstantMutator,r_mark_nUn,916,SURVIVED,none
turkishStemmer.java,org.tartarus.snowball.ext.turkishStemmer,org.pitest.mutationtest.engine.gregor.mutators.InlineConstantMutator,r_mark_nUn,919,KILLED,org.tartarus.snowball.ext.turkishStemmer_ESTest.test07
turkishStemmer.java,org.tartarus.snowball.ext.turkishStemmer,org.pitest.mutationtest.engine.gregor.mutators.InlineConstantMutator,r_mark_nUn,921,SURVIVED,none
turkishStemmer.java,org.tartarus.snowball.ext.turkishStemmer,org.pitest.mutationtest.engine.gregor.mutators.InlineConstantMutator,r_mark_nUn,927,NO_COVERAGE,none
turkishStemmer.java,org.tartarus.snowball.ext.turkishStemmer,org.pitest.mutationtest.engine.gregor.mutators.InlineConstantMutator,r_mark_nUn,929,NO_COVERAGE,none
turkishStemmer.java,org.tartarus.snowball.ext.turkishStemmer,org.pitest.mutationtest.engine.gregor.mutators.NegateConditionalsMutator,r_mark_nUn,914,SURVIVED,none
turkishStemmer.java,org.tartarus.snowball.ext.turkishStemmer,org.pitest.mutationtest.engine.gregor.mutators.NegateConditionalsMutator,r_mark_nUn,919,SURVIVED,none
turkishStemmer.java,org.tartarus.snowball.ext.turkishStemmer,org.pitest.mutationtest.engine.gregor.mutators.NegateConditionalsMutator,r_mark_nUn,925,NO_COVERAGE,none
turkishStemmer.java,org.tartarus.snowball.ext.turkishStemmer,org.pitest.mutationtest.engine.gregor.mutators.NonVoidMethodCallMutator,r_mark_nUn,914,SURVIVED,none
turkishStemmer.java,org.tartarus.snowball.ext.turkishStemmer,org.pitest.mutationtest.engine.gregor.mutators.NonVoidMethodCallMutator,r_mark_nUn,919,SURVIVED,none
turkishStemmer.java,org.tartarus.snowball.ext.turkishStemmer,org.pitest.mutationtest.engine.gregor.mutators.NonVoidMethodCallMutator,r_mark_nUn,925,NO_COVERAGE,none
turkishStemmer.java,org.tartarus.snowball.ext.turkishStemmer,org.pitest.mutationtest.engine.gregor.mutators.RemoveConditionalMutator_EQUAL_ELSE,r_mark_nUn,914,SURVIVED,none
turkishStemmer.java,org.tartarus.snowball.ext.turkishStemmer,org.pitest.mutationtest.engine.gregor.mutators.RemoveConditionalMutator_EQUAL_ELSE,r_mark_nUn,919,SURVIVED,none
turkishStemmer.java,org.tartarus.snowball.ext.turkishStemmer,org.pitest.mutationtest.engine.gregor.mutators.RemoveConditionalMutator_EQUAL_ELSE,r_mark_nUn,925,NO_COVERAGE,none
turkishStemmer.java,org.tartarus.snowball.ext.turkishStemmer,org.pitest.mutationtest.engine.gregor.mutators.RemoveConditionalMutator_EQUAL_IF,r_mark_nUn,914,SURVIVED,none
turkishStemmer.java,org.tartarus.snowball.ext.turkishStemmer,org.pitest.mutationtest.engine.gregor.mutators.RemoveConditionalMutator_EQUAL_IF,r_mark_nUn,919,SURVIVED,none
turkishStemmer.java,org.tartarus.snowball.ext.turkishStemmer,org.pitest.mutationtest.engine.gregor.mutators.RemoveConditionalMutator_EQUAL_IF,r_mark_nUn,925,NO_COVERAGE,none
turkishStemmer.java,org.tartarus.snowball.ext.turkishStemmer,org.pitest.mutationtest.engine.gregor.mutators.ReturnValsMutator,r_mark_nUn,916,SURVIVED,none
turkishStemmer.java,org.tartarus.snowball.ext.turkishStemmer,org.pitest.mutationtest.engine.gregor.mutators.ReturnValsMutator,r_mark_nUn,921,SURVIVED,none
turkishStemmer.java,org.tartarus.snowball.ext.turkishStemmer,org.pitest.mutationtest.engine.gregor.mutators.ReturnValsMutator,r_mark_nUn,927,NO_COVERAGE,none
turkishStemmer.java,org.tartarus.snowball.ext.turkishStemmer,org.pitest.mutationtest.engine.gregor.mutators.ReturnValsMutator,r_mark_nUn,929,NO_COVERAGE,none
turkishStemmer.java,org.tartarus.snowball.ext.turkishStemmer,org.pitest.mutationtest.engine.gregor.mutators.ArgumentPropagationMutator,r_mark_nUz,1170,SURVIVED,none
turkishStemmer.java,org.tartarus.snowball.ext.turkishStemmer,org.pitest.mutationtest.engine.gregor.mutators.BooleanFalseReturnValsMutator,r_mark_nUz,1174,SURVIVED,none
turkishStemmer.java,org.tartarus.snowball.ext.turkishStemmer,org.pitest.mutationtest.engine.gregor.mutators.BooleanTrueReturnValsMutator,r_mark_nUz,1167,SURVIVED,none
turkishStemmer.java,org.tartarus.snowball.ext.turkishStemmer,org.pitest.mutationtest.engine.gregor.mutators.BooleanTrueReturnValsMutator,r_mark_nUz,1172,SURVIVED,none
turkishStemmer.java,org.tartarus.snowball.ext.turkishStemmer,org.pitest.mutationtest.engine.gregor.mutators.InlineConstantMutator,r_mark_nUz,1167,SURVIVED,none
turkishStemmer.java,org.tartarus.snowball.ext.turkishStemmer,org.pitest.mutationtest.engine.gregor.mutators.InlineConstantMutator,r_mark_nUz,1170,KILLED,org.tartarus.snowball.ext.turkishStemmer_ESTest.test00
turkishStemmer.java,org.tartarus.snowball.ext.turkishStemmer,org.pitest.mutationtest.engine.gregor.mutators.InlineConstantMutator,r_mark_nUz,1172,SURVIVED,none
turkishStemmer.java,org.tartarus.snowball.ext.turkishStemmer,org.pitest.mutationtest.engine.gregor.mutators.InlineConstantMutator,r_mark_nUz,1174,SURVIVED,none
turkishStemmer.java,org.tartarus.snowball.ext.turkishStemmer,org.pitest.mutationtest.engine.gregor.mutators.NegateConditionalsMutator,r_mark_nUz,1165,SURVIVED,none
turkishStemmer.java,org.tartarus.snowball.ext.turkishStemmer,org.pitest.mutationtest.engine.gregor.mutators.NegateConditionalsMutator,r_mark_nUz,1170,SURVIVED,none
turkishStemmer.java,org.tartarus.snowball.ext.turkishStemmer,org.pitest.mutationtest.engine.gregor.mutators.NonVoidMethodCallMutator,r_mark_nUz,1165,SURVIVED,none
turkishStemmer.java,org.tartarus.snowball.ext.turkishStemmer,org.pitest.mutationtest.engine.gregor.mutators.NonVoidMethodCallMutator,r_mark_nUz,1170,SURVIVED,none
turkishStemmer.java,org.tartarus.snowball.ext.turkishStemmer,org.pitest.mutationtest.engine.gregor.mutators.RemoveConditionalMutator_EQUAL_ELSE,r_mark_nUz,1165,SURVIVED,none
turkishStemmer.java,org.tartarus.snowball.ext.turkishStemmer,org.pitest.mutationtest.engine.gregor.mutators.RemoveConditionalMutator_EQUAL_ELSE,r_mark_nUz,1170,SURVIVED,none
turkishStemmer.java,org.tartarus.snowball.ext.turkishStemmer,org.pitest.mutationtest.engine.gregor.mutators.RemoveConditionalMutator_EQUAL_IF,r_mark_nUz,1165,SURVIVED,none
turkishStemmer.java,org.tartarus.snowball.ext.turkishStemmer,org.pitest.mutationtest.engine.gregor.mutators.RemoveConditionalMutator_EQUAL_IF,r_mark_nUz,1170,SURVIVED,none
turkishStemmer.java,org.tartarus.snowball.ext.turkishStemmer,org.pitest.mutationtest.engine.gregor.mutators.ReturnValsMutator,r_mark_nUz,1167,SURVIVED,none
turkishStemmer.java,org.tartarus.snowball.ext.turkishStemmer,org.pitest.mutationtest.engine.gregor.mutators.ReturnValsMutator,r_mark_nUz,1172,SURVIVED,none
turkishStemmer.java,org.tartarus.snowball.ext.turkishStemmer,org.pitest.mutationtest.engine.gregor.mutators.ReturnValsMutator,r_mark_nUz,1174,SURVIVED,none
turkishStemmer.java,org.tartarus.snowball.ext.turkishStemmer,org.pitest.mutationtest.engine.gregor.mutators.ArgumentPropagationMutator,r_mark_ncA,1067,SURVIVED,none
turkishStemmer.java,org.tartarus.snowball.ext.turkishStemmer,org.pitest.mutationtest.engine.gregor.mutators.BooleanFalseReturnValsMutator,r_mark_ncA,1077,NO_COVERAGE,none
turkishStemmer.java,org.tartarus.snowball.ext.turkishStemmer,org.pitest.mutationtest.engine.gregor.mutators.BooleanTrueReturnValsMutator,r_mark_ncA,1064,SURVIVED,none
turkishStemmer.java,org.tartarus.snowball.ext.turkishStemmer,org.pitest.mutationtest.engine.gregor.mutators.BooleanTrueReturnValsMutator,r_mark_ncA,1069,SURVIVED,none
turkishStemmer.java,org.tartarus.snowball.ext.turkishStemmer,org.pitest.mutationtest.engine.gregor.mutators.BooleanTrueReturnValsMutator,r_mark_ncA,1075,NO_COVERAGE,none
turkishStemmer.java,org.tartarus.snowball.ext.turkishStemmer,org.pitest.mutationtest.engine.gregor.mutators.InlineConstantMutator,r_mark_ncA,1064,SURVIVED,none
turkishStemmer.java,org.tartarus.snowball.ext.turkishStemmer,org.pitest.mutationtest.engine.gregor.mutators.InlineConstantMutator,r_mark_ncA,1067,KILLED,org.tartarus.snowball.ext.turkishStemmer_ESTest.test10
turkishStemmer.java,org.tartarus.snowball.ext.turkishStemmer,org.pitest.mutationtest.engine.gregor.mutators.InlineConstantMutator,r_mark_ncA,1069,SURVIVED,none
turkishStemmer.java,org.tartarus.snowball.ext.turkishStemmer,org.pitest.mutationtest.engine.gregor.mutators.InlineConstantMutator,r_mark_ncA,1075,NO_COVERAGE,none
turkishStemmer.java,org.tartarus.snowball.ext.turkishStemmer,org.pitest.mutationtest.engine.gregor.mutators.InlineConstantMutator,r_mark_ncA,1077,NO_COVERAGE,none
turkishStemmer.java,org.tartarus.snowball.ext.turkishStemmer,org.pitest.mutationtest.engine.gregor.mutators.NegateConditionalsMutator,r_mark_ncA,1062,SURVIVED,none
turkishStemmer.java,org.tartarus.snowball.ext.turkishStemmer,org.pitest.mutationtest.engine.gregor.mutators.NegateConditionalsMutator,r_mark_ncA,1067,SURVIVED,none
turkishStemmer.java,org.tartarus.snowball.ext.turkishStemmer,org.pitest.mutationtest.engine.gregor.mutators.NegateConditionalsMutator,r_mark_ncA,1073,NO_COVERAGE,none
turkishStemmer.java,org.tartarus.snowball.ext.turkishStemmer,org.pitest.mutationtest.engine.gregor.mutators.NonVoidMethodCallMutator,r_mark_ncA,1062,SURVIVED,none
turkishStemmer.java,org.tartarus.snowball.ext.turkishStemmer,org.pitest.mutationtest.engine.gregor.mutators.NonVoidMethodCallMutator,r_mark_ncA,1067,SURVIVED,none
turkishStemmer.java,org.tartarus.snowball.ext.turkishStemmer,org.pitest.mutationtest.engine.gregor.mutators.NonVoidMethodCallMutator,r_mark_ncA,1073,NO_COVERAGE,none
turkishStemmer.java,org.tartarus.snowball.ext.turkishStemmer,org.pitest.mutationtest.engine.gregor.mutators.RemoveConditionalMutator_EQUAL_ELSE,r_mark_ncA,1062,SURVIVED,none
turkishStemmer.java,org.tartarus.snowball.ext.turkishStemmer,org.pitest.mutationtest.engine.gregor.mutators.RemoveConditionalMutator_EQUAL_ELSE,r_mark_ncA,1067,SURVIVED,none
turkishStemmer.java,org.tartarus.snowball.ext.turkishStemmer,org.pitest.mutationtest.engine.gregor.mutators.RemoveConditionalMutator_EQUAL_ELSE,r_mark_ncA,1073,NO_COVERAGE,none
turkishStemmer.java,org.tartarus.snowball.ext.turkishStemmer,org.pitest.mutationtest.engine.gregor.mutators.RemoveConditionalMutator_EQUAL_IF,r_mark_ncA,1062,SURVIVED,none
turkishStemmer.java,org.tartarus.snowball.ext.turkishStemmer,org.pitest.mutationtest.engine.gregor.mutators.RemoveConditionalMutator_EQUAL_IF,r_mark_ncA,1067,SURVIVED,none
turkishStemmer.java,org.tartarus.snowball.ext.turkishStemmer,org.pitest.mutationtest.engine.gregor.mutators.RemoveConditionalMutator_EQUAL_IF,r_mark_ncA,1073,NO_COVERAGE,none
turkishStemmer.java,org.tartarus.snowball.ext.turkishStemmer,org.pitest.mutationtest.engine.gregor.mutators.ReturnValsMutator,r_mark_ncA,1064,SURVIVED,none
turkishStemmer.java,org.tartarus.snowball.ext.turkishStemmer,org.pitest.mutationtest.engine.gregor.mutators.ReturnValsMutator,r_mark_ncA,1069,SURVIVED,none
turkishStemmer.java,org.tartarus.snowball.ext.turkishStemmer,org.pitest.mutationtest.engine.gregor.mutators.ReturnValsMutator,r_mark_ncA,1075,NO_COVERAGE,none
turkishStemmer.java,org.tartarus.snowball.ext.turkishStemmer,org.pitest.mutationtest.engine.gregor.mutators.ReturnValsMutator,r_mark_ncA,1077,NO_COVERAGE,none
turkishStemmer.java,org.tartarus.snowball.ext.turkishStemmer,org.pitest.mutationtest.engine.gregor.mutators.ArgumentPropagationMutator,r_mark_ndA,991,SURVIVED,none
turkishStemmer.java,org.tartarus.snowball.ext.turkishStemmer,org.pitest.mutationtest.engine.gregor.mutators.BooleanFalseReturnValsMutator,r_mark_ndA,995,NO_COVERAGE,none
turkishStemmer.java,org.tartarus.snowball.ext.turkishStemmer,org.pitest.mutationtest.engine.gregor.mutators.BooleanTrueReturnValsMutator,r_mark_ndA,988,SURVIVED,none
turkishStemmer.java,org.tartarus.snowball.ext.turkishStemmer,org.pitest.mutationtest.engine.gregor.mutators.BooleanTrueReturnValsMutator,r_mark_ndA,993,SURVIVED,none
turkishStemmer.java,org.tartarus.snowball.ext.turkishStemmer,org.pitest.mutationtest.engine.gregor.mutators.InlineConstantMutator,r_mark_ndA,988,SURVIVED,none
turkishStemmer.java,org.tartarus.snowball.ext.turkishStemmer,org.pitest.mutationtest.engine.gregor.mutators.InlineConstantMutator,r_mark_ndA,991,KILLED,org.tartarus.snowball.ext.turkishStemmer_ESTest.test10
turkishStemmer.java,org.tartarus.snowball.ext.turkishStemmer,org.pitest.mutationtest.engine.gregor.mutators.InlineConstantMutator,r_mark_ndA,993,SURVIVED,none
turkishStemmer.java,org.tartarus.snowball.ext.turkishStemmer,org.pitest.mutationtest.engine.gregor.mutators.InlineConstantMutator,r_mark_ndA,995,NO_COVERAGE,none
turkishStemmer.java,org.tartarus.snowball.ext.turkishStemmer,org.pitest.mutationtest.engine.gregor.mutators.NegateConditionalsMutator,r_mark_ndA,986,SURVIVED,none
turkishStemmer.java,org.tartarus.snowball.ext.turkishStemmer,org.pitest.mutationtest.engine.gregor.mutators.NegateConditionalsMutator,r_mark_ndA,991,SURVIVED,none
turkishStemmer.java,org.tartarus.snowball.ext.turkishStemmer,org.pitest.mutationtest.engine.gregor.mutators.NonVoidMethodCallMutator,r_mark_ndA,986,SURVIVED,none
turkishStemmer.java,org.tartarus.snowball.ext.turkishStemmer,org.pitest.mutationtest.engine.gregor.mutators.NonVoidMethodCallMutator,r_mark_ndA,991,SURVIVED,none
turkishStemmer.java,org.tartarus.snowball.ext.turkishStemmer,org.pitest.mutationtest.engine.gregor.mutators.RemoveConditionalMutator_EQUAL_ELSE,r_mark_ndA,986,SURVIVED,none
turkishStemmer.java,org.tartarus.snowball.ext.turkishStemmer,org.pitest.mutationtest.engine.gregor.mutators.RemoveConditionalMutator_EQUAL_ELSE,r_mark_ndA,991,SURVIVED,none
turkishStemmer.java,org.tartarus.snowball.ext.turkishStemmer,org.pitest.mutationtest.engine.gregor.mutators.RemoveConditionalMutator_EQUAL_IF,r_mark_ndA,986,SURVIVED,none
turkishStemmer.java,org.tartarus.snowball.ext.turkishStemmer,org.pitest.mutationtest.engine.gregor.mutators.RemoveConditionalMutator_EQUAL_IF,r_mark_ndA,991,SURVIVED,none
turkishStemmer.java,org.tartarus.snowball.ext.turkishStemmer,org.pitest.mutationtest.engine.gregor.mutators.ReturnValsMutator,r_mark_ndA,988,SURVIVED,none
turkishStemmer.java,org.tartarus.snowball.ext.turkishStemmer,org.pitest.mutationtest.engine.gregor.mutators.ReturnValsMutator,r_mark_ndA,993,SURVIVED,none
turkishStemmer.java,org.tartarus.snowball.ext.turkishStemmer,org.pitest.mutationtest.engine.gregor.mutators.ReturnValsMutator,r_mark_ndA,995,NO_COVERAGE,none
turkishStemmer.java,org.tartarus.snowball.ext.turkishStemmer,org.pitest.mutationtest.engine.gregor.mutators.ArgumentPropagationMutator,r_mark_ndAn,1021,SURVIVED,none
turkishStemmer.java,org.tartarus.snowball.ext.turkishStemmer,org.pitest.mutationtest.engine.gregor.mutators.BooleanFalseReturnValsMutator,r_mark_ndAn,1025,NO_COVERAGE,none
turkishStemmer.java,org.tartarus.snowball.ext.turkishStemmer,org.pitest.mutationtest.engine.gregor.mutators.BooleanTrueReturnValsMutator,r_mark_ndAn,1018,SURVIVED,none
turkishStemmer.java,org.tartarus.snowball.ext.turkishStemmer,org.pitest.mutationtest.engine.gregor.mutators.BooleanTrueReturnValsMutator,r_mark_ndAn,1023,SURVIVED,none
turkishStemmer.java,org.tartarus.snowball.ext.turkishStemmer,org.pitest.mutationtest.engine.gregor.mutators.InlineConstantMutator,r_mark_ndAn,1018,SURVIVED,none
turkishStemmer.java,org.tartarus.snowball.ext.turkishStemmer,org.pitest.mutationtest.engine.gregor.mutators.InlineConstantMutator,r_mark_ndAn,1021,KILLED,org.tartarus.snowball.ext.turkishStemmer_ESTest.test10
turkishStemmer.java,org.tartarus.snowball.ext.turkishStemmer,org.pitest.mutationtest.engine.gregor.mutators.InlineConstantMutator,r_mark_ndAn,1023,SURVIVED,none
turkishStemmer.java,org.tartarus.snowball.ext.turkishStemmer,org.pitest.mutationtest.engine.gregor.mutators.InlineConstantMutator,r_mark_ndAn,1025,NO_COVERAGE,none
turkishStemmer.java,org.tartarus.snowball.ext.turkishStemmer,org.pitest.mutationtest.engine.gregor.mutators.NegateConditionalsMutator,r_mark_ndAn,1016,SURVIVED,none
turkishStemmer.java,org.tartarus.snowball.ext.turkishStemmer,org.pitest.mutationtest.engine.gregor.mutators.NegateConditionalsMutator,r_mark_ndAn,1021,SURVIVED,none
turkishStemmer.java,org.tartarus.snowball.ext.turkishStemmer,org.pitest.mutationtest.engine.gregor.mutators.NonVoidMethodCallMutator,r_mark_ndAn,1016,SURVIVED,none
turkishStemmer.java,org.tartarus.snowball.ext.turkishStemmer,org.pitest.mutationtest.engine.gregor.mutators.NonVoidMethodCallMutator,r_mark_ndAn,1021,SURVIVED,none
turkishStemmer.java,org.tartarus.snowball.ext.turkishStemmer,org.pitest.mutationtest.engine.gregor.mutators.RemoveConditionalMutator_EQUAL_ELSE,r_mark_ndAn,1016,SURVIVED,none
turkishStemmer.java,org.tartarus.snowball.ext.turkishStemmer,org.pitest.mutationtest.engine.gregor.mutators.RemoveConditionalMutator_EQUAL_ELSE,r_mark_ndAn,1021,SURVIVED,none
turkishStemmer.java,org.tartarus.snowball.ext.turkishStemmer,org.pitest.mutationtest.engine.gregor.mutators.RemoveConditionalMutator_EQUAL_IF,r_mark_ndAn,1016,SURVIVED,none
turkishStemmer.java,org.tartarus.snowball.ext.turkishStemmer,org.pitest.mutationtest.engine.gregor.mutators.RemoveConditionalMutator_EQUAL_IF,r_mark_ndAn,1021,SURVIVED,none
turkishStemmer.java,org.tartarus.snowball.ext.turkishStemmer,org.pitest.mutationtest.engine.gregor.mutators.ReturnValsMutator,r_mark_ndAn,1018,SURVIVED,none
turkishStemmer.java,org.tartarus.snowball.ext.turkishStemmer,org.pitest.mutationtest.engine.gregor.mutators.ReturnValsMutator,r_mark_ndAn,1023,SURVIVED,none
turkishStemmer.java,org.tartarus.snowball.ext.turkishStemmer,org.pitest.mutationtest.engine.gregor.mutators.ReturnValsMutator,r_mark_ndAn,1025,NO_COVERAGE,none
turkishStemmer.java,org.tartarus.snowball.ext.turkishStemmer,org.pitest.mutationtest.engine.gregor.mutators.ArgumentPropagationMutator,r_mark_possessives,833,SURVIVED,none
turkishStemmer.java,org.tartarus.snowball.ext.turkishStemmer,org.pitest.mutationtest.engine.gregor.mutators.BooleanFalseReturnValsMutator,r_mark_possessives,843,SURVIVED,none
turkishStemmer.java,org.tartarus.snowball.ext.turkishStemmer,org.pitest.mutationtest.engine.gregor.mutators.BooleanTrueReturnValsMutator,r_mark_possessives,835,SURVIVED,none
turkishStemmer.java,org.tartarus.snowball.ext.turkishStemmer,org.pitest.mutationtest.engine.gregor.mutators.BooleanTrueReturnValsMutator,r_mark_possessives,841,SURVIVED,none
turkishStemmer.java,org.tartarus.snowball.ext.turkishStemmer,org.pitest.mutationtest.engine.gregor.mutators.InlineConstantMutator,r_mark_possessives,833,SURVIVED,none
turkishStemmer.java,org.tartarus.snowball.ext.turkishStemmer,org.pitest.mutationtest.engine.gregor.mutators.InlineConstantMutator,r_mark_possessives,835,SURVIVED,none
turkishStemmer.java,org.tartarus.snowball.ext.turkishStemmer,org.pitest.mutationtest.engine.gregor.mutators.InlineConstantMutator,r_mark_possessives,841,SURVIVED,none
turkishStemmer.java,org.tartarus.snowball.ext.turkishStemmer,org.pitest.mutationtest.engine.gregor.mutators.InlineConstantMutator,r_mark_possessives,843,SURVIVED,none
turkishStemmer.java,org.tartarus.snowball.ext.turkishStemmer,org.pitest.mutationtest.engine.gregor.mutators.NegateConditionalsMutator,r_mark_possessives,833,SURVIVED,none
turkishStemmer.java,org.tartarus.snowball.ext.turkishStemmer,org.pitest.mutationtest.engine.gregor.mutators.NegateConditionalsMutator,r_mark_possessives,839,SURVIVED,none
turkishStemmer.java,org.tartarus.snowball.ext.turkishStemmer,org.pitest.mutationtest.engine.gregor.mutators.NonVoidMethodCallMutator,r_mark_possessives,833,SURVIVED,none
turkishStemmer.java,org.tartarus.snowball.ext.turkishStemmer,org.pitest.mutationtest.engine.gregor.mutators.NonVoidMethodCallMutator,r_mark_possessives,839,SURVIVED,none
turkishStemmer.java,org.tartarus.snowball.ext.turkishStemmer,org.pitest.mutationtest.engine.gregor.mutators.RemoveConditionalMutator_EQUAL_ELSE,r_mark_possessives,833,SURVIVED,none
turkishStemmer.java,org.tartarus.snowball.ext.turkishStemmer,org.pitest.mutationtest.engine.gregor.mutators.RemoveConditionalMutator_EQUAL_ELSE,r_mark_possessives,839,SURVIVED,none
turkishStemmer.java,org.tartarus.snowball.ext.turkishStemmer,org.pitest.mutationtest.engine.gregor.mutators.RemoveConditionalMutator_EQUAL_IF,r_mark_possessives,833,SURVIVED,none
turkishStemmer.java,org.tartarus.snowball.ext.turkishStemmer,org.pitest.mutationtest.engine.gregor.mutators.RemoveConditionalMutator_EQUAL_IF,r_mark_possessives,839,SURVIVED,none
turkishStemmer.java,org.tartarus.snowball.ext.turkishStemmer,org.pitest.mutationtest.engine.gregor.mutators.ReturnValsMutator,r_mark_possessives,835,SURVIVED,none
turkishStemmer.java,org.tartarus.snowball.ext.turkishStemmer,org.pitest.mutationtest.engine.gregor.mutators.ReturnValsMutator,r_mark_possessives,841,SURVIVED,none
turkishStemmer.java,org.tartarus.snowball.ext.turkishStemmer,org.pitest.mutationtest.engine.gregor.mutators.ReturnValsMutator,r_mark_possessives,843,SURVIVED,none
turkishStemmer.java,org.tartarus.snowball.ext.turkishStemmer,org.pitest.mutationtest.engine.gregor.mutators.BooleanFalseReturnValsMutator,r_mark_sU,863,NO_COVERAGE,none
turkishStemmer.java,org.tartarus.snowball.ext.turkishStemmer,org.pitest.mutationtest.engine.gregor.mutators.BooleanTrueReturnValsMutator,r_mark_sU,851,SURVIVED,none
turkishStemmer.java,org.tartarus.snowball.ext.turkishStemmer,org.pitest.mutationtest.engine.gregor.mutators.BooleanTrueReturnValsMutator,r_mark_sU,855,SURVIVED,none
turkishStemmer.java,org.tartarus.snowball.ext.turkishStemmer,org.pitest.mutationtest.engine.gregor.mutators.BooleanTrueReturnValsMutator,r_mark_sU,861,SURVIVED,none
turkishStemmer.java,org.tartarus.snowball.ext.turkishStemmer,org.pitest.mutationtest.engine.gregor.mutators.InlineConstantMutator,r_mark_sU,851,SURVIVED,none
turkishStemmer.java,org.tartarus.snowball.ext.turkishStemmer,org.pitest.mutationtest.engine.gregor.mutators.InlineConstantMutator,r_mark_sU,853,SURVIVED,none
turkishStemmer.java,org.tartarus.snowball.ext.turkishStemmer,org.pitest.mutationtest.engine.gregor.mutators.InlineConstantMutator,r_mark_sU,853,SURVIVED,none
turkishStemmer.java,org.tartarus.snowball.ext.turkishStemmer,org.pitest.mutationtest.engine.gregor.mutators.InlineConstantMutator,r_mark_sU,855,SURVIVED,none
turkishStemmer.java,org.tartarus.snowball.ext.turkishStemmer,org.pitest.mutationtest.engine.gregor.mutators.InlineConstantMutator,r_mark_sU,861,SURVIVED,none
turkishStemmer.java,org.tartarus.snowball.ext.turkishStemmer,org.pitest.mutationtest.engine.gregor.mutators.InlineConstantMutator,r_mark_sU,863,NO_COVERAGE,none
turkishStemmer.java,org.tartarus.snowball.ext.turkishStemmer,org.pitest.mutationtest.engine.gregor.mutators.NegateConditionalsMutator,r_mark_sU,849,SURVIVED,none
turkishStemmer.java,org.tartarus.snowball.ext.turkishStemmer,org.pitest.mutationtest.engine.gregor.mutators.NegateConditionalsMutator,r_mark_sU,853,SURVIVED,none
turkishStemmer.java,org.tartarus.snowball.ext.turkishStemmer,org.pitest.mutationtest.engine.gregor.mutators.NegateConditionalsMutator,r_mark_sU,859,SURVIVED,none
turkishStemmer.java,org.tartarus.snowball.ext.turkishStemmer,org.pitest.mutationtest.engine.gregor.mutators.NonVoidMethodCallMutator,r_mark_sU,849,SURVIVED,none
turkishStemmer.java,org.tartarus.snowball.ext.turkishStemmer,org.pitest.mutationtest.engine.gregor.mutators.NonVoidMethodCallMutator,r_mark_sU,853,SURVIVED,none
turkishStemmer.java,org.tartarus.snowball.ext.turkishStemmer,org.pitest.mutationtest.engine.gregor.mutators.NonVoidMethodCallMutator,r_mark_sU,859,SURVIVED,none
turkishStemmer.java,org.tartarus.snowball.ext.turkishStemmer,org.pitest.mutationtest.engine.gregor.mutators.RemoveConditionalMutator_EQUAL_ELSE,r_mark_sU,849,SURVIVED,none
turkishStemmer.java,org.tartarus.snowball.ext.turkishStemmer,org.pitest.mutationtest.engine.gregor.mutators.RemoveConditionalMutator_EQUAL_ELSE,r_mark_sU,853,SURVIVED,none
turkishStemmer.java,org.tartarus.snowball.ext.turkishStemmer,org.pitest.mutationtest.engine.gregor.mutators.RemoveConditionalMutator_EQUAL_ELSE,r_mark_sU,859,SURVIVED,none
turkishStemmer.java,org.tartarus.snowball.ext.turkishStemmer,org.pitest.mutationtest.engine.gregor.mutators.RemoveConditionalMutator_EQUAL_IF,r_mark_sU,849,SURVIVED,none
turkishStemmer.java,org.tartarus.snowball.ext.turkishStemmer,org.pitest.mutationtest.engine.gregor.mutators.RemoveConditionalMutator_EQUAL_IF,r_mark_sU,853,SURVIVED,none
turkishStemmer.java,org.tartarus.snowball.ext.turkishStemmer,org.pitest.mutationtest.engine.gregor.mutators.RemoveConditionalMutator_EQUAL_IF,r_mark_sU,859,SURVIVED,none
turkishStemmer.java,org.tartarus.snowball.ext.turkishStemmer,org.pitest.mutationtest.engine.gregor.mutators.ReturnValsMutator,r_mark_sU,851,SURVIVED,none
turkishStemmer.java,org.tartarus.snowball.ext.turkishStemmer,org.pitest.mutationtest.engine.gregor.mutators.ReturnValsMutator,r_mark_sU,855,SURVIVED,none
turkishStemmer.java,org.tartarus.snowball.ext.turkishStemmer,org.pitest.mutationtest.engine.gregor.mutators.ReturnValsMutator,r_mark_sU,861,SURVIVED,none
turkishStemmer.java,org.tartarus.snowball.ext.turkishStemmer,org.pitest.mutationtest.engine.gregor.mutators.ReturnValsMutator,r_mark_sU,863,NO_COVERAGE,none
turkishStemmer.java,org.tartarus.snowball.ext.turkishStemmer,org.pitest.mutationtest.engine.gregor.mutators.ArgumentPropagationMutator,r_mark_sUn,1109,SURVIVED,none
turkishStemmer.java,org.tartarus.snowball.ext.turkishStemmer,org.pitest.mutationtest.engine.gregor.mutators.BooleanFalseReturnValsMutator,r_mark_sUn,1113,NO_COVERAGE,none
turkishStemmer.java,org.tartarus.snowball.ext.turkishStemmer,org.pitest.mutationtest.engine.gregor.mutators.BooleanTrueReturnValsMutator,r_mark_sUn,1106,SURVIVED,none
turkishStemmer.java,org.tartarus.snowball.ext.turkishStemmer,org.pitest.mutationtest.engine.gregor.mutators.BooleanTrueReturnValsMutator,r_mark_sUn,1111,SURVIVED,none
turkishStemmer.java,org.tartarus.snowball.ext.turkishStemmer,org.pitest.mutationtest.engine.gregor.mutators.InlineConstantMutator,r_mark_sUn,1106,SURVIVED,none
turkishStemmer.java,org.tartarus.snowball.ext.turkishStemmer,org.pitest.mutationtest.engine.gregor.mutators.InlineConstantMutator,r_mark_sUn,1109,KILLED,org.tartarus.snowball.ext.turkishStemmer_ESTest.test07
turkishStemmer.java,org.tartarus.snowball.ext.turkishStemmer,org.pitest.mutationtest.engine.gregor.mutators.InlineConstantMutator,r_mark_sUn,1111,SURVIVED,none
turkishStemmer.java,org.tartarus.snowball.ext.turkishStemmer,org.pitest.mutationtest.engine.gregor.mutators.InlineConstantMutator,r_mark_sUn,1113,NO_COVERAGE,none
turkishStemmer.java,org.tartarus.snowball.ext.turkishStemmer,org.pitest.mutationtest.engine.gregor.mutators.NegateConditionalsMutator,r_mark_sUn,1104,SURVIVED,none
turkishStemmer.java,org.tartarus.snowball.ext.turkishStemmer,org.pitest.mutationtest.engine.gregor.mutators.NegateConditionalsMutator,r_mark_sUn,1109,SURVIVED,none
turkishStemmer.java,org.tartarus.snowball.ext.turkishStemmer,org.pitest.mutationtest.engine.gregor.mutators.NonVoidMethodCallMutator,r_mark_sUn,1104,SURVIVED,none
turkishStemmer.java,org.tartarus.snowball.ext.turkishStemmer,org.pitest.mutationtest.engine.gregor.mutators.NonVoidMethodCallMutator,r_mark_sUn,1109,SURVIVED,none
turkishStemmer.java,org.tartarus.snowball.ext.turkishStemmer,org.pitest.mutationtest.engine.gregor.mutators.RemoveConditionalMutator_EQUAL_ELSE,r_mark_sUn,1104,SURVIVED,none
turkishStemmer.java,org.tartarus.snowball.ext.turkishStemmer,org.pitest.mutationtest.engine.gregor.mutators.RemoveConditionalMutator_EQUAL_ELSE,r_mark_sUn,1109,SURVIVED,none
turkishStemmer.java,org.tartarus.snowball.ext.turkishStemmer,org.pitest.mutationtest.engine.gregor.mutators.RemoveConditionalMutator_EQUAL_IF,r_mark_sUn,1104,SURVIVED,none
turkishStemmer.java,org.tartarus.snowball.ext.turkishStemmer,org.pitest.mutationtest.engine.gregor.mutators.RemoveConditionalMutator_EQUAL_IF,r_mark_sUn,1109,SURVIVED,none
turkishStemmer.java,org.tartarus.snowball.ext.turkishStemmer,org.pitest.mutationtest.engine.gregor.mutators.ReturnValsMutator,r_mark_sUn,1106,SURVIVED,none
turkishStemmer.java,org.tartarus.snowball.ext.turkishStemmer,org.pitest.mutationtest.engine.gregor.mutators.ReturnValsMutator,r_mark_sUn,1111,SURVIVED,none
turkishStemmer.java,org.tartarus.snowball.ext.turkishStemmer,org.pitest.mutationtest.engine.gregor.mutators.ReturnValsMutator,r_mark_sUn,1113,NO_COVERAGE,none
turkishStemmer.java,org.tartarus.snowball.ext.turkishStemmer,org.pitest.mutationtest.engine.gregor.mutators.ArgumentPropagationMutator,r_mark_sUnUz,1140,SURVIVED,none
turkishStemmer.java,org.tartarus.snowball.ext.turkishStemmer,org.pitest.mutationtest.engine.gregor.mutators.BooleanFalseReturnValsMutator,r_mark_sUnUz,1144,SURVIVED,none
turkishStemmer.java,org.tartarus.snowball.ext.turkishStemmer,org.pitest.mutationtest.engine.gregor.mutators.BooleanTrueReturnValsMutator,r_mark_sUnUz,1142,SURVIVED,none
turkishStemmer.java,org.tartarus.snowball.ext.turkishStemmer,org.pitest.mutationtest.engine.gregor.mutators.InlineConstantMutator,r_mark_sUnUz,1140,KILLED,org.tartarus.snowball.ext.turkishStemmer_ESTest.test00
turkishStemmer.java,org.tartarus.snowball.ext.turkishStemmer,org.pitest.mutationtest.engine.gregor.mutators.InlineConstantMutator,r_mark_sUnUz,1142,SURVIVED,none
turkishStemmer.java,org.tartarus.snowball.ext.turkishStemmer,org.pitest.mutationtest.engine.gregor.mutators.InlineConstantMutator,r_mark_sUnUz,1144,SURVIVED,none
turkishStemmer.java,org.tartarus.snowball.ext.turkishStemmer,org.pitest.mutationtest.engine.gregor.mutators.NegateConditionalsMutator,r_mark_sUnUz,1140,SURVIVED,none
turkishStemmer.java,org.tartarus.snowball.ext.turkishStemmer,org.pitest.mutationtest.engine.gregor.mutators.NonVoidMethodCallMutator,r_mark_sUnUz,1140,SURVIVED,none
turkishStemmer.java,org.tartarus.snowball.ext.turkishStemmer,org.pitest.mutationtest.engine.gregor.mutators.RemoveConditionalMutator_EQUAL_ELSE,r_mark_sUnUz,1140,SURVIVED,none
turkishStemmer.java,org.tartarus.snowball.ext.turkishStemmer,org.pitest.mutationtest.engine.gregor.mutators.RemoveConditionalMutator_EQUAL_IF,r_mark_sUnUz,1140,SURVIVED,none
turkishStemmer.java,org.tartarus.snowball.ext.turkishStemmer,org.pitest.mutationtest.engine.gregor.mutators.ReturnValsMutator,r_mark_sUnUz,1142,SURVIVED,none
turkishStemmer.java,org.tartarus.snowball.ext.turkishStemmer,org.pitest.mutationtest.engine.gregor.mutators.ReturnValsMutator,r_mark_sUnUz,1144,SURVIVED,none
turkishStemmer.java,org.tartarus.snowball.ext.turkishStemmer,org.pitest.mutationtest.engine.gregor.mutators.BooleanFalseReturnValsMutator,r_mark_suffix_with_optional_U_vowel,827,SURVIVED,none
turkishStemmer.java,org.tartarus.snowball.ext.turkishStemmer,org.pitest.mutationtest.engine.gregor.mutators.BooleanTrueReturnValsMutator,r_mark_suffix_with_optional_U_vowel,804,NO_COVERAGE,none
turkishStemmer.java,org.tartarus.snowball.ext.turkishStemmer,org.pitest.mutationtest.engine.gregor.mutators.BooleanTrueReturnValsMutator,r_mark_suffix_with_optional_U_vowel,814,NO_COVERAGE,none
turkishStemmer.java,org.tartarus.snowball.ext.turkishStemmer,org.pitest.mutationtest.engine.gregor.mutators.BooleanTrueReturnValsMutator,r_mark_suffix_with_optional_U_vowel,822,SURVIVED,none
turkishStemmer.java,org.tartarus.snowball.ext.turkishStemmer,org.pitest.mutationtest.engine.gregor.mutators.ConditionalsBoundaryMutator,r_mark_suffix_with_optional_U_vowel,774,SURVIVED,none
turkishStemmer.java,org.tartarus.snowball.ext.turkishStemmer,org.pitest.mutationtest.engine.gregor.mutators.ConditionalsBoundaryMutator,r_mark_suffix_with_optional_U_vowel,812,SURVIVED,none
turkishStemmer.java,org.tartarus.snowball.ext.turkishStemmer,org.pitest.mutationtest.engine.gregor.mutators.InlineConstantMutator,r_mark_suffix_with_optional_U_vowel,768,SURVIVED,none
turkishStemmer.java,org.tartarus.snowball.ext.turkishStemmer,org.pitest.mutationtest.engine.gregor.mutators.InlineConstantMutator,r_mark_suffix_with_optional_U_vowel,768,SURVIVED,none
turkishStemmer.java,org.tartarus.snowball.ext.turkishStemmer,org.pitest.mutationtest.engine.gregor.mutators.InlineConstantMutator,r_mark_suffix_with_optional_U_vowel,778,SURVIVED,none
turkishStemmer.java,org.tartarus.snowball.ext.turkishStemmer,org.pitest.mutationtest.engine.gregor.mutators.InlineConstantMutator,r_mark_suffix_with_optional_U_vowel,782,SURVIVED,none
turkishStemmer.java,org.tartarus.snowball.ext.turkishStemmer,org.pitest.mutationtest.engine.gregor.mutators.InlineConstantMutator,r_mark_suffix_with_optional_U_vowel,782,SURVIVED,none
turkishStemmer.java,org.tartarus.snowball.ext.turkishStemmer,org.pitest.mutationtest.engine.gregor.mutators.InlineConstantMutator,r_mark_suffix_with_optional_U_vowel,799,SURVIVED,none
turkishStemmer.java,org.tartarus.snowball.ext.turkishStemmer,org.pitest.mutationtest.engine.gregor.mutators.InlineConstantMutator,r_mark_suffix_with_optional_U_vowel,799,SURVIVED,none
turkishStemmer.java,org.tartarus.snowball.ext.turkishStemmer,org.pitest.mutationtest.engine.gregor.mutators.InlineConstantMutator,r_mark_suffix_with_optional_U_vowel,804,NO_COVERAGE,none
turkishStemmer.java,org.tartarus.snowball.ext.turkishStemmer,org.pitest.mutationtest.engine.gregor.mutators.InlineConstantMutator,r_mark_suffix_with_optional_U_vowel,814,NO_COVERAGE,none
turkishStemmer.java,org.tartarus.snowball.ext.turkishStemmer,org.pitest.mutationtest.engine.gregor.mutators.InlineConstantMutator,r_mark_suffix_with_optional_U_vowel,816,SURVIVED,none
turkishStemmer.java,org.tartarus.snowball.ext.turkishStemmer,org.pitest.mutationtest.engine.gregor.mutators.InlineConstantMutator,r_mark_suffix_with_optional_U_vowel,820,SURVIVED,none
turkishStemmer.java,org.tartarus.snowball.ext.turkishStemmer,org.pitest.mutationtest.engine.gregor.mutators.InlineConstantMutator,r_mark_suffix_with_optional_U_vowel,820,SURVIVED,none
turkishStemmer.java,org.tartarus.snowball.ext.turkishStemmer,org.pitest.mutationtest.engine.gregor.mutators.InlineConstantMutator,r_mark_suffix_with_optional_U_vowel,822,SURVIVED,none
turkishStemmer.java,org.tartarus.snowball.ext.turkishStemmer,org.pitest.mutationtest.engine.gregor.mutators.InlineConstantMutator,r_mark_suffix_with_optional_U_vowel,827,SURVIVED,none
turkishStemmer.java,org.tartarus.snowball.ext.turkishStemmer,org.pitest.mutationtest.engine.gregor.mutators.MathMutator,r_mark_suffix_with_optional_U_vowel,762,SURVIVED,none
turkishStemmer.java,org.tartarus.snowball.ext.turkishStemmer,org.pitest.mutationtest.engine.gregor.mutators.MathMutator,r_mark_suffix_with_optional_U_vowel,767,SURVIVED,none
turkishStemmer.java,org.tartarus.snowball.ext.turkishStemmer,org.pitest.mutationtest.engine.gregor.mutators.MathMutator,r_mark_suffix_with_optional_U_vowel,772,SURVIVED,none
turkishStemmer.java,org.tartarus.snowball.ext.turkishStemmer,org.pitest.mutationtest.engine.gregor.mutators.MathMutator,r_mark_suffix_with_optional_U_vowel,778,SURVIVED,none
turkishStemmer.java,org.tartarus.snowball.ext.turkishStemmer,org.pitest.mutationtest.engine.gregor.mutators.MathMutator,r_mark_suffix_with_optional_U_vowel,781,KILLED,org.tartarus.snowball.ext.turkishStemmer_ESTest.test08
turkishStemmer.java,org.tartarus.snowball.ext.turkishStemmer,org.pitest.mutationtest.engine.gregor.mutators.MathMutator,r_mark_suffix_with_optional_U_vowel,786,KILLED,org.tartarus.snowball.ext.turkishStemmer_ESTest.test08
turkishStemmer.java,org.tartarus.snowball.ext.turkishStemmer,org.pitest.mutationtest.engine.gregor.mutators.MathMutator,r_mark_suffix_with_optional_U_vowel,789,KILLED,org.tartarus.snowball.ext.turkishStemmer_ESTest.test10
turkishStemmer.java,org.tartarus.snowball.ext.turkishStemmer,org.pitest.mutationtest.engine.gregor.mutators.MathMutator,r_mark_suffix_with_optional_U_vowel,794,SURVIVED,none
turkishStemmer.java,org.tartarus.snowball.ext.turkishStemmer,org.pitest.mutationtest.engine.gregor.mutators.MathMutator,r_mark_suffix_with_optional_U_vowel,798,SURVIVED,none
turkishStemmer.java,org.tartarus.snowball.ext.turkishStemmer,org.pitest.mutationtest.engine.gregor.mutators.MathMutator,r_mark_suffix_with_optional_U_vowel,803,NO_COVERAGE,none
turkishStemmer.java,org.tartarus.snowball.ext.turkishStemmer,org.pitest.mutationtest.engine.gregor.mutators.MathMutator,r_mark_suffix_with_optional_U_vowel,806,KILLED,org.tartarus.snowball.ext.turkishStemmer_ESTest.test10
turkishStemmer.java,org.tartarus.snowball.ext.turkishStemmer,org.pitest.mutationtest.engine.gregor.mutators.MathMutator,r_mark_suffix_with_optional_U_vowel,809,KILLED,org.tartarus.snowball.ext.turkishStemmer_ESTest.test17
turkishStemmer.java,org.tartarus.snowball.ext.turkishStemmer,org.pitest.mutationtest.engine.gregor.mutators.MathMutator,r_mark_suffix_with_optional_U_vowel,816,SURVIVED,none
turkishStemmer.java,org.tartarus.snowball.ext.turkishStemmer,org.pitest.mutationtest.engine.gregor.mutators.MathMutator,r_mark_suffix_with_optional_U_vowel,819,SURVIVED,none
turkishStemmer.java,org.tartarus.snowball.ext.turkishStemmer,org.pitest.mutationtest.engine.gregor.mutators.MathMutator,r_mark_suffix_with_optional_U_vowel,824,SURVIVED,none
turkishStemmer.java,org.tartarus.snowball.ext.turkishStemmer,org.pitest.mutationtest.engine.gregor.mutators.MathMutator,r_mark_suffix_with_optional_U_vowel,825,KILLED,org.tartarus.snowball.ext.turkishStemmer_ESTest.test17
turkishStemmer.java,org.tartarus.snowball.ext.turkishStemmer,org.pitest.mutationtest.engine.gregor.mutators.NegateConditionalsMutator,r_mark_suffix_with_optional_U_vowel,768,SURVIVED,none
turkishStemmer.java,org.tartarus.snowball.ext.turkishStemmer,org.pitest.mutationtest.engine.gregor.mutators.NegateConditionalsMutator,r_mark_suffix_with_optional_U_vowel,774,SURVIVED,none
turkishStemmer.java,org.tartarus.snowball.ext.turkishStemmer,org.pitest.mutationtest.engine.gregor.mutators.NegateConditionalsMutator,r_mark_suffix_with_optional_U_vowel,782,SURVIVED,none
turkishStemmer.java,org.tartarus.snowball.ext.turkishStemmer,org.pitest.mutationtest.engine.gregor.mutators.NegateConditionalsMutator,r_mark_suffix_with_optional_U_vowel,799,SURVIVED,none
turkishStemmer.java,org.tartarus.snowball.ext.turkishStemmer,org.pitest.mutationtest.engine.gregor.mutators.NegateConditionalsMutator,r_mark_suffix_with_optional_U_vowel,812,SURVIVED,none
turkishStemmer.java,org.tartarus.snowball.ext.turkishStemmer,org.pitest.mutationtest.engine.gregor.mutators.NegateConditionalsMutator,r_mark_suffix_with_optional_U_vowel,820,SURVIVED,none
turkishStemmer.java,org.tartarus.snowball.ext.turkishStemmer,org.pitest.mutationtest.engine.gregor.mutators.NonVoidMethodCallMutator,r_mark_suffix_with_optional_U_vowel,768,SURVIVED,none
turkishStemmer.java,org.tartarus.snowball.ext.turkishStemmer,org.pitest.mutationtest.engine.gregor.mutators.NonVoidMethodCallMutator,r_mark_suffix_with_optional_U_vowel,782,SURVIVED,none
turkishStemmer.java,org.tartarus.snowball.ext.turkishStemmer,org.pitest.mutationtest.engine.gregor.mutators.NonVoidMethodCallMutator,r_mark_suffix_with_optional_U_vowel,799,SURVIVED,none
turkishStemmer.java,org.tartarus.snowball.ext.turkishStemmer,org.pitest.mutationtest.engine.gregor.mutators.NonVoidMethodCallMutator,r_mark_suffix_with_optional_U_vowel,820,SURVIVED,none
turkishStemmer.java,org.tartarus.snowball.ext.turkishStemmer,org.pitest.mutationtest.engine.gregor.mutators.RemoveConditionalMutator_EQUAL_ELSE,r_mark_suffix_with_optional_U_vowel,768,SURVIVED,none
turkishStemmer.java,org.tartarus.snowball.ext.turkishStemmer,org.pitest.mutationtest.engine.gregor.mutators.RemoveConditionalMutator_EQUAL_ELSE,r_mark_suffix_with_optional_U_vowel,782,SURVIVED,none
turkishStemmer.java,org.tartarus.snowball.ext.turkishStemmer,org.pitest.mutationtest.engine.gregor.mutators.RemoveConditionalMutator_EQUAL_ELSE,r_mark_suffix_with_optional_U_vowel,799,SURVIVED,none
turkishStemmer.java,org.tartarus.snowball.ext.turkishStemmer,org.pitest.mutationtest.engine.gregor.mutators.RemoveConditionalMutator_EQUAL_ELSE,r_mark_suffix_with_optional_U_vowel,820,SURVIVED,none
turkishStemmer.java,org.tartarus.snowball.ext.turkishStemmer,org.pitest.mutationtest.engine.gregor.mutators.RemoveConditionalMutator_EQUAL_IF,r_mark_suffix_with_optional_U_vowel,768,SURVIVED,none
turkishStemmer.java,org.tartarus.snowball.ext.turkishStemmer,org.pitest.mutationtest.engine.gregor.mutators.RemoveConditionalMutator_EQUAL_IF,r_mark_suffix_with_optional_U_vowel,782,SURVIVED,none
turkishStemmer.java,org.tartarus.snowball.ext.turkishStemmer,org.pitest.mutationtest.engine.gregor.mutators.RemoveConditionalMutator_EQUAL_IF,r_mark_suffix_with_optional_U_vowel,799,SURVIVED,none
turkishStemmer.java,org.tartarus.snowball.ext.turkishStemmer,org.pitest.mutationtest.engine.gregor.mutators.RemoveConditionalMutator_EQUAL_IF,r_mark_suffix_with_optional_U_vowel,820,SURVIVED,none
turkishStemmer.java,org.tartarus.snowball.ext.turkishStemmer,org.pitest.mutationtest.engine.gregor.mutators.RemoveConditionalMutator_ORDER_ELSE,r_mark_suffix_with_optional_U_vowel,774,SURVIVED,none
turkishStemmer.java,org.tartarus.snowball.ext.turkishStemmer,org.pitest.mutationtest.engine.gregor.mutators.RemoveConditionalMutator_ORDER_ELSE,r_mark_suffix_with_optional_U_vowel,812,SURVIVED,none
turkishStemmer.java,org.tartarus.snowball.ext.turkishStemmer,org.pitest.mutationtest.engine.gregor.mutators.RemoveConditionalMutator_ORDER_IF,r_mark_suffix_with_optional_U_vowel,774,SURVIVED,none
turkishStemmer.java,org.tartarus.snowball.ext.turkishStemmer,org.pitest.mutationtest.engine.gregor.mutators.RemoveConditionalMutator_ORDER_IF,r_mark_suffix_with_optional_U_vowel,812,SURVIVED,none
turkishStemmer.java,org.tartarus.snowball.ext.turkishStemmer,org.pitest.mutationtest.engine.gregor.mutators.ReturnValsMutator,r_mark_suffix_with_optional_U_vowel,804,NO_COVERAGE,none
turkishStemmer.java,org.tartarus.snowball.ext.turkishStemmer,org.pitest.mutationtest.engine.gregor.mutators.ReturnValsMutator,r_mark_suffix_with_optional_U_vowel,814,NO_COVERAGE,none
turkishStemmer.java,org.tartarus.snowball.ext.turkishStemmer,org.pitest.mutationtest.engine.gregor.mutators.ReturnValsMutator,r_mark_suffix_with_optional_U_vowel,822,SURVIVED,none
turkishStemmer.java,org.tartarus.snowball.ext.turkishStemmer,org.pitest.mutationtest.engine.gregor.mutators.ReturnValsMutator,r_mark_suffix_with_optional_U_vowel,827,SURVIVED,none
turkishStemmer.java,org.tartarus.snowball.ext.turkishStemmer,org.pitest.mutationtest.engine.gregor.mutators.experimental.MemberVariableMutator,r_mark_suffix_with_optional_U_vowel,772,SURVIVED,none
turkishStemmer.java,org.tartarus.snowball.ext.turkishStemmer,org.pitest.mutationtest.engine.gregor.mutators.experimental.MemberVariableMutator,r_mark_suffix_with_optional_U_vowel,778,SURVIVED,none
turkishStemmer.java,org.tartarus.snowball.ext.turkishStemmer,org.pitest.mutationtest.engine.gregor.mutators.experimental.MemberVariableMutator,r_mark_suffix_with_optional_U_vowel,786,SURVIVED,none
turkishStemmer.java,org.tartarus.snowball.ext.turkishStemmer,org.pitest.mutationtest.engine.gregor.mutators.experimental.MemberVariableMutator,r_mark_suffix_with_optional_U_vowel,789,SURVIVED,none
turkishStemmer.java,org.tartarus.snowball.ext.turkishStemmer,org.pitest.mutationtest.engine.gregor.mutators.experimental.MemberVariableMutator,r_mark_suffix_with_optional_U_vowel,803,NO_COVERAGE,none
turkishStemmer.java,org.tartarus.snowball.ext.turkishStemmer,org.pitest.mutationtest.engine.gregor.mutators.experimental.MemberVariableMutator,r_mark_suffix_with_optional_U_vowel,806,SURVIVED,none
turkishStemmer.java,org.tartarus.snowball.ext.turkishStemmer,org.pitest.mutationtest.engine.gregor.mutators.experimental.MemberVariableMutator,r_mark_suffix_with_optional_U_vowel,816,SURVIVED,none
turkishStemmer.java,org.tartarus.snowball.ext.turkishStemmer,org.pitest.mutationtest.engine.gregor.mutators.experimental.MemberVariableMutator,r_mark_suffix_with_optional_U_vowel,824,SURVIVED,none
turkishStemmer.java,org.tartarus.snowball.ext.turkishStemmer,org.pitest.mutationtest.engine.gregor.mutators.experimental.MemberVariableMutator,r_mark_suffix_with_optional_U_vowel,825,SURVIVED,none
turkishStemmer.java,org.tartarus.snowball.ext.turkishStemmer,org.pitest.mutationtest.engine.gregor.mutators.BooleanFalseReturnValsMutator,r_mark_suffix_with_optional_n_consonant,586,NO_COVERAGE,none
turkishStemmer.java,org.tartarus.snowball.ext.turkishStemmer,org.pitest.mutationtest.engine.gregor.mutators.BooleanTrueReturnValsMutator,r_mark_suffix_with_optional_n_consonant,563,NO_COVERAGE,none
turkishStemmer.java,org.tartarus.snowball.ext.turkishStemmer,org.pitest.mutationtest.engine.gregor.mutators.BooleanTrueReturnValsMutator,r_mark_suffix_with_optional_n_consonant,573,NO_COVERAGE,none
turkishStemmer.java,org.tartarus.snowball.ext.turkishStemmer,org.pitest.mutationtest.engine.gregor.mutators.BooleanTrueReturnValsMutator,r_mark_suffix_with_optional_n_consonant,581,NO_COVERAGE,none
turkishStemmer.java,org.tartarus.snowball.ext.turkishStemmer,org.pitest.mutationtest.engine.gregor.mutators.ConditionalsBoundaryMutator,r_mark_suffix_with_optional_n_consonant,532,NO_COVERAGE,none
turkishStemmer.java,org.tartarus.snowball.ext.turkishStemmer,org.pitest.mutationtest.engine.gregor.mutators.ConditionalsBoundaryMutator,r_mark_suffix_with_optional_n_consonant,571,NO_COVERAGE,none
turkishStemmer.java,org.tartarus.snowball.ext.turkishStemmer,org.pitest.mutationtest.engine.gregor.mutators.InlineConstantMutator,r_mark_suffix_with_optional_n_consonant,526,NO_COVERAGE,none
turkishStemmer.java,org.tartarus.snowball.ext.turkishStemmer,org.pitest.mutationtest.engine.gregor.mutators.InlineConstantMutator,r_mark_suffix_with_optional_n_consonant,536,NO_COVERAGE,none
turkishStemmer.java,org.tartarus.snowball.ext.turkishStemmer,org.pitest.mutationtest.engine.gregor.mutators.InlineConstantMutator,r_mark_suffix_with_optional_n_consonant,540,NO_COVERAGE,none
turkishStemmer.java,org.tartarus.snowball.ext.turkishStemmer,org.pitest.mutationtest.engine.gregor.mutators.InlineConstantMutator,r_mark_suffix_with_optional_n_consonant,540,NO_COVERAGE,none
turkishStemmer.java,org.tartarus.snowball.ext.turkishStemmer,org.pitest.mutationtest.engine.gregor.mutators.InlineConstantMutator,r_mark_suffix_with_optional_n_consonant,558,NO_COVERAGE,none
turkishStemmer.java,org.tartarus.snowball.ext.turkishStemmer,org.pitest.mutationtest.engine.gregor.mutators.InlineConstantMutator,r_mark_suffix_with_optional_n_consonant,563,NO_COVERAGE,none
turkishStemmer.java,org.tartarus.snowball.ext.turkishStemmer,org.pitest.mutationtest.engine.gregor.mutators.InlineConstantMutator,r_mark_suffix_with_optional_n_consonant,573,NO_COVERAGE,none
turkishStemmer.java,org.tartarus.snowball.ext.turkishStemmer,org.pitest.mutationtest.engine.gregor.mutators.InlineConstantMutator,r_mark_suffix_with_optional_n_consonant,575,NO_COVERAGE,none
turkishStemmer.java,org.tartarus.snowball.ext.turkishStemmer,org.pitest.mutationtest.engine.gregor.mutators.InlineConstantMutator,r_mark_suffix_with_optional_n_consonant,579,NO_COVERAGE,none
turkishStemmer.java,org.tartarus.snowball.ext.turkishStemmer,org.pitest.mutationtest.engine.gregor.mutators.InlineConstantMutator,r_mark_suffix_with_optional_n_consonant,579,NO_COVERAGE,none
turkishStemmer.java,org.tartarus.snowball.ext.turkishStemmer,org.pitest.mutationtest.engine.gregor.mutators.InlineConstantMutator,r_mark_suffix_with_optional_n_consonant,581,NO_COVERAGE,none
turkishStemmer.java,org.tartarus.snowball.ext.turkishStemmer,org.pitest.mutationtest.engine.gregor.mutators.InlineConstantMutator,r_mark_suffix_with_optional_n_consonant,586,NO_COVERAGE,none
turkishStemmer.java,org.tartarus.snowball.ext.turkishStemmer,org.pitest.mutationtest.engine.gregor.mutators.MathMutator,r_mark_suffix_with_optional_n_consonant,519,NO_COVERAGE,none
turkishStemmer.java,org.tartarus.snowball.ext.turkishStemmer,org.pitest.mutationtest.engine.gregor.mutators.MathMutator,r_mark_suffix_with_optional_n_consonant,524,NO_COVERAGE,none
turkishStemmer.java,org.tartarus.snowball.ext.turkishStemmer,org.pitest.mutationtest.engine.gregor.mutators.MathMutator,r_mark_suffix_with_optional_n_consonant,530,NO_COVERAGE,none
turkishStemmer.java,org.tartarus.snowball.ext.turkishStemmer,org.pitest.mutationtest.engine.gregor.mutators.MathMutator,r_mark_suffix_with_optional_n_consonant,536,NO_COVERAGE,none
turkishStemmer.java,org.tartarus.snowball.ext.turkishStemmer,org.pitest.mutationtest.engine.gregor.mutators.MathMutator,r_mark_suffix_with_optional_n_consonant,539,NO_COVERAGE,none
turkishStemmer.java,org.tartarus.snowball.ext.turkishStemmer,org.pitest.mutationtest.engine.gregor.mutators.MathMutator,r_mark_suffix_with_optional_n_consonant,544,NO_COVERAGE,none
turkishStemmer.java,org.tartarus.snowball.ext.turkishStemmer,org.pitest.mutationtest.engine.gregor.mutators.MathMutator,r_mark_suffix_with_optional_n_consonant,547,NO_COVERAGE,none
turkishStemmer.java,org.tartarus.snowball.ext.turkishStemmer,org.pitest.mutationtest.engine.gregor.mutators.MathMutator,r_mark_suffix_with_optional_n_consonant,552,NO_COVERAGE,none
turkishStemmer.java,org.tartarus.snowball.ext.turkishStemmer,org.pitest.mutationtest.engine.gregor.mutators.MathMutator,r_mark_suffix_with_optional_n_consonant,556,NO_COVERAGE,none
turkishStemmer.java,org.tartarus.snowball.ext.turkishStemmer,org.pitest.mutationtest.engine.gregor.mutators.MathMutator,r_mark_suffix_with_optional_n_consonant,562,NO_COVERAGE,none
turkishStemmer.java,org.tartarus.snowball.ext.turkishStemmer,org.pitest.mutationtest.engine.gregor.mutators.MathMutator,r_mark_suffix_with_optional_n_consonant,565,NO_COVERAGE,none
turkishStemmer.java,org.tartarus.snowball.ext.turkishStemmer,org.pitest.mutationtest.engine.gregor.mutators.MathMutator,r_mark_suffix_with_optional_n_consonant,568,NO_COVERAGE,none
turkishStemmer.java,org.tartarus.snowball.ext.turkishStemmer,org.pitest.mutationtest.engine.gregor.mutators.MathMutator,r_mark_suffix_with_optional_n_consonant,575,NO_COVERAGE,none
turkishStemmer.java,org.tartarus.snowball.ext.turkishStemmer,org.pitest.mutationtest.engine.gregor.mutators.MathMutator,r_mark_suffix_with_optional_n_consonant,578,NO_COVERAGE,none
turkishStemmer.java,org.tartarus.snowball.ext.turkishStemmer,org.pitest.mutationtest.engine.gregor.mutators.MathMutator,r_mark_suffix_with_optional_n_consonant,583,NO_COVERAGE,none
turkishStemmer.java,org.tartarus.snowball.ext.turkishStemmer,org.pitest.mutationtest.engine.gregor.mutators.MathMutator,r_mark_suffix_with_optional_n_consonant,584,NO_COVERAGE,none
turkishStemmer.java,org.tartarus.snowball.ext.turkishStemmer,org.pitest.mutationtest.engine.gregor.mutators.NegateConditionalsMutator,r_mark_suffix_with_optional_n_consonant,526,NO_COVERAGE,none
turkishStemmer.java,org.tartarus.snowball.ext.turkishStemmer,org.pitest.mutationtest.engine.gregor.mutators.NegateConditionalsMutator,r_mark_suffix_with_optional_n_consonant,532,NO_COVERAGE,none
turkishStemmer.java,org.tartarus.snowball.ext.turkishStemmer,org.pitest.mutationtest.engine.gregor.mutators.NegateConditionalsMutator,r_mark_suffix_with_optional_n_consonant,540,NO_COVERAGE,none
turkishStemmer.java,org.tartarus.snowball.ext.turkishStemmer,org.pitest.mutationtest.engine.gregor.mutators.NegateConditionalsMutator,r_mark_suffix_with_optional_n_consonant,558,NO_COVERAGE,none
turkishStemmer.java,org.tartarus.snowball.ext.turkishStemmer,org.pitest.mutationtest.engine.gregor.mutators.NegateConditionalsMutator,r_mark_suffix_with_optional_n_consonant,571,NO_COVERAGE,none
turkishStemmer.java,org.tartarus.snowball.ext.turkishStemmer,org.pitest.mutationtest.engine.gregor.mutators.NegateConditionalsMutator,r_mark_suffix_with_optional_n_consonant,579,NO_COVERAGE,none
turkishStemmer.java,org.tartarus.snowball.ext.turkishStemmer,org.pitest.mutationtest.engine.gregor.mutators.NonVoidMethodCallMutator,r_mark_suffix_with_optional_n_consonant,526,NO_COVERAGE,none
turkishStemmer.java,org.tartarus.snowball.ext.turkishStemmer,org.pitest.mutationtest.engine.gregor.mutators.NonVoidMethodCallMutator,r_mark_suffix_with_optional_n_consonant,540,NO_COVERAGE,none
turkishStemmer.java,org.tartarus.snowball.ext.turkishStemmer,org.pitest.mutationtest.engine.gregor.mutators.NonVoidMethodCallMutator,r_mark_suffix_with_optional_n_consonant,558,NO_COVERAGE,none
turkishStemmer.java,org.tartarus.snowball.ext.turkishStemmer,org.pitest.mutationtest.engine.gregor.mutators.NonVoidMethodCallMutator,r_mark_suffix_with_optional_n_consonant,579,NO_COVERAGE,none
turkishStemmer.java,org.tartarus.snowball.ext.turkishStemmer,org.pitest.mutationtest.engine.gregor.mutators.RemoveConditionalMutator_EQUAL_ELSE,r_mark_suffix_with_optional_n_consonant,526,NO_COVERAGE,none
turkishStemmer.java,org.tartarus.snowball.ext.turkishStemmer,org.pitest.mutationtest.engine.gregor.mutators.RemoveConditionalMutator_EQUAL_ELSE,r_mark_suffix_with_optional_n_consonant,540,NO_COVERAGE,none
turkishStemmer.java,org.tartarus.snowball.ext.turkishStemmer,org.pitest.mutationtest.engine.gregor.mutators.RemoveConditionalMutator_EQUAL_ELSE,r_mark_suffix_with_optional_n_consonant,558,NO_COVERAGE,none
turkishStemmer.java,org.tartarus.snowball.ext.turkishStemmer,org.pitest.mutationtest.engine.gregor.mutators.RemoveConditionalMutator_EQUAL_ELSE,r_mark_suffix_with_optional_n_consonant,579,NO_COVERAGE,none
turkishStemmer.java,org.tartarus.snowball.ext.turkishStemmer,org.pitest.mutationtest.engine.gregor.mutators.RemoveConditionalMutator_EQUAL_IF,r_mark_suffix_with_optional_n_consonant,526,NO_COVERAGE,none
turkishStemmer.java,org.tartarus.snowball.ext.turkishStemmer,org.pitest.mutationtest.engine.gregor.mutators.RemoveConditionalMutator_EQUAL_IF,r_mark_suffix_with_optional_n_consonant,540,NO_COVERAGE,none
turkishStemmer.java,org.tartarus.snowball.ext.turkishStemmer,org.pitest.mutationtest.engine.gregor.mutators.RemoveConditionalMutator_EQUAL_IF,r_mark_suffix_with_optional_n_consonant,558,NO_COVERAGE,none
turkishStemmer.java,org.tartarus.snowball.ext.turkishStemmer,org.pitest.mutationtest.engine.gregor.mutators.RemoveConditionalMutator_EQUAL_IF,r_mark_suffix_with_optional_n_consonant,579,NO_COVERAGE,none
turkishStemmer.java,org.tartarus.snowball.ext.turkishStemmer,org.pitest.mutationtest.engine.gregor.mutators.RemoveConditionalMutator_ORDER_ELSE,r_mark_suffix_with_optional_n_consonant,532,NO_COVERAGE,none
turkishStemmer.java,org.tartarus.snowball.ext.turkishStemmer,org.pitest.mutationtest.engine.gregor.mutators.RemoveConditionalMutator_ORDER_ELSE,r_mark_suffix_with_optional_n_consonant,571,NO_COVERAGE,none
turkishStemmer.java,org.tartarus.snowball.ext.turkishStemmer,org.pitest.mutationtest.engine.gregor.mutators.RemoveConditionalMutator_ORDER_IF,r_mark_suffix_with_optional_n_consonant,532,NO_COVERAGE,none
turkishStemmer.java,org.tartarus.snowball.ext.turkishStemmer,org.pitest.mutationtest.engine.gregor.mutators.RemoveConditionalMutator_ORDER_IF,r_mark_suffix_with_optional_n_consonant,571,NO_COVERAGE,none
turkishStemmer.java,org.tartarus.snowball.ext.turkishStemmer,org.pitest.mutationtest.engine.gregor.mutators.ReturnValsMutator,r_mark_suffix_with_optional_n_consonant,563,NO_COVERAGE,none
turkishStemmer.java,org.tartarus.snowball.ext.turkishStemmer,org.pitest.mutationtest.engine.gregor.mutators.ReturnValsMutator,r_mark_suffix_with_optional_n_consonant,573,NO_COVERAGE,none
turkishStemmer.java,org.tartarus.snowball.ext.turkishStemmer,org.pitest.mutationtest.engine.gregor.mutators.ReturnValsMutator,r_mark_suffix_with_optional_n_consonant,581,NO_COVERAGE,none
turkishStemmer.java,org.tartarus.snowball.ext.turkishStemmer,org.pitest.mutationtest.engine.gregor.mutators.ReturnValsMutator,r_mark_suffix_with_optional_n_consonant,586,NO_COVERAGE,none
turkishStemmer.java,org.tartarus.snowball.ext.turkishStemmer,org.pitest.mutationtest.engine.gregor.mutators.experimental.MemberVariableMutator,r_mark_suffix_with_optional_n_consonant,530,NO_COVERAGE,none
turkishStemmer.java,org.tartarus.snowball.ext.turkishStemmer,org.pitest.mutationtest.engine.gregor.mutators.experimental.MemberVariableMutator,r_mark_suffix_with_optional_n_consonant,536,NO_COVERAGE,none
turkishStemmer.java,org.tartarus.snowball.ext.turkishStemmer,org.pitest.mutationtest.engine.gregor.mutators.experimental.MemberVariableMutator,r_mark_suffix_with_optional_n_consonant,544,NO_COVERAGE,none
turkishStemmer.java,org.tartarus.snowball.ext.turkishStemmer,org.pitest.mutationtest.engine.gregor.mutators.experimental.MemberVariableMutator,r_mark_suffix_with_optional_n_consonant,547,NO_COVERAGE,none
turkishStemmer.java,org.tartarus.snowball.ext.turkishStemmer,org.pitest.mutationtest.engine.gregor.mutators.experimental.MemberVariableMutator,r_mark_suffix_with_optional_n_consonant,562,NO_COVERAGE,none
turkishStemmer.java,org.tartarus.snowball.ext.turkishStemmer,org.pitest.mutationtest.engine.gregor.mutators.experimental.MemberVariableMutator,r_mark_suffix_with_optional_n_consonant,565,NO_COVERAGE,none
turkishStemmer.java,org.tartarus.snowball.ext.turkishStemmer,org.pitest.mutationtest.engine.gregor.mutators.experimental.MemberVariableMutator,r_mark_suffix_with_optional_n_consonant,575,NO_COVERAGE,none
turkishStemmer.java,org.tartarus.snowball.ext.turkishStemmer,org.pitest.mutationtest.engine.gregor.mutators.experimental.MemberVariableMutator,r_mark_suffix_with_optional_n_consonant,583,NO_COVERAGE,none
turkishStemmer.java,org.tartarus.snowball.ext.turkishStemmer,org.pitest.mutationtest.engine.gregor.mutators.experimental.MemberVariableMutator,r_mark_suffix_with_optional_n_consonant,584,NO_COVERAGE,none
turkishStemmer.java,org.tartarus.snowball.ext.turkishStemmer,org.pitest.mutationtest.engine.gregor.mutators.BooleanFalseReturnValsMutator,r_mark_suffix_with_optional_s_consonant,667,NO_COVERAGE,none
turkishStemmer.java,org.tartarus.snowball.ext.turkishStemmer,org.pitest.mutationtest.engine.gregor.mutators.BooleanTrueReturnValsMutator,r_mark_suffix_with_optional_s_consonant,644,NO_COVERAGE,none
turkishStemmer.java,org.tartarus.snowball.ext.turkishStemmer,org.pitest.mutationtest.engine.gregor.mutators.BooleanTrueReturnValsMutator,r_mark_suffix_with_optional_s_consonant,654,NO_COVERAGE,none
turkishStemmer.java,org.tartarus.snowball.ext.turkishStemmer,org.pitest.mutationtest.engine.gregor.mutators.BooleanTrueReturnValsMutator,r_mark_suffix_with_optional_s_consonant,662,SURVIVED,none
turkishStemmer.java,org.tartarus.snowball.ext.turkishStemmer,org.pitest.mutationtest.engine.gregor.mutators.ConditionalsBoundaryMutator,r_mark_suffix_with_optional_s_consonant,613,NO_COVERAGE,none
turkishStemmer.java,org.tartarus.snowball.ext.turkishStemmer,org.pitest.mutationtest.engine.gregor.mutators.ConditionalsBoundaryMutator,r_mark_suffix_with_optional_s_consonant,652,SURVIVED,none
turkishStemmer.java,org.tartarus.snowball.ext.turkishStemmer,org.pitest.mutationtest.engine.gregor.mutators.InlineConstantMutator,r_mark_suffix_with_optional_s_consonant,607,SURVIVED,none
turkishStemmer.java,org.tartarus.snowball.ext.turkishStemmer,org.pitest.mutationtest.engine.gregor.mutators.InlineConstantMutator,r_mark_suffix_with_optional_s_consonant,617,NO_COVERAGE,none
turkishStemmer.java,org.tartarus.snowball.ext.turkishStemmer,org.pitest.mutationtest.engine.gregor.mutators.InlineConstantMutator,r_mark_suffix_with_optional_s_consonant,621,NO_COVERAGE,none
turkishStemmer.java,org.tartarus.snowball.ext.turkishStemmer,org.pitest.mutationtest.engine.gregor.mutators.InlineConstantMutator,r_mark_suffix_with_optional_s_consonant,621,NO_COVERAGE,none
turkishStemmer.java,org.tartarus.snowball.ext.turkishStemmer,org.pitest.mutationtest.engine.gregor.mutators.InlineConstantMutator,r_mark_suffix_with_optional_s_consonant,639,SURVIVED,none
turkishStemmer.java,org.tartarus.snowball.ext.turkishStemmer,org.pitest.mutationtest.engine.gregor.mutators.InlineConstantMutator,r_mark_suffix_with_optional_s_consonant,644,NO_COVERAGE,none
turkishStemmer.java,org.tartarus.snowball.ext.turkishStemmer,org.pitest.mutationtest.engine.gregor.mutators.InlineConstantMutator,r_mark_suffix_with_optional_s_consonant,654,NO_COVERAGE,none
turkishStemmer.java,org.tartarus.snowball.ext.turkishStemmer,org.pitest.mutationtest.engine.gregor.mutators.InlineConstantMutator,r_mark_suffix_with_optional_s_consonant,656,SURVIVED,none
turkishStemmer.java,org.tartarus.snowball.ext.turkishStemmer,org.pitest.mutationtest.engine.gregor.mutators.InlineConstantMutator,r_mark_suffix_with_optional_s_consonant,660,SURVIVED,none
turkishStemmer.java,org.tartarus.snowball.ext.turkishStemmer,org.pitest.mutationtest.engine.gregor.mutators.InlineConstantMutator,r_mark_suffix_with_optional_s_consonant,660,SURVIVED,none
turkishStemmer.java,org.tartarus.snowball.ext.turkishStemmer,org.pitest.mutationtest.engine.gregor.mutators.InlineConstantMutator,r_mark_suffix_with_optional_s_consonant,662,SURVIVED,none
turkishStemmer.java,org.tartarus.snowball.ext.turkishStemmer,org.pitest.mutationtest.engine.gregor.mutators.InlineConstantMutator,r_mark_suffix_with_optional_s_consonant,667,NO_COVERAGE,none
turkishStemmer.java,org.tartarus.snowball.ext.turkishStemmer,org.pitest.mutationtest.engine.gregor.mutators.MathMutator,r_mark_suffix_with_optional_s_consonant,600,SURVIVED,none
turkishStemmer.java,org.tartarus.snowball.ext.turkishStemmer,org.pitest.mutationtest.engine.gregor.mutators.MathMutator,r_mark_suffix_with_optional_s_consonant,605,SURVIVED,none
turkishStemmer.java,org.tartarus.snowball.ext.turkishStemmer,org.pitest.mutationtest.engine.gregor.mutators.MathMutator,r_mark_suffix_with_optional_s_consonant,611,NO_COVERAGE,none
turkishStemmer.java,org.tartarus.snowball.ext.turkishStemmer,org.pitest.mutationtest.engine.gregor.mutators.MathMutator,r_mark_suffix_with_optional_s_consonant,617,NO_COVERAGE,none
turkishStemmer.java,org.tartarus.snowball.ext.turkishStemmer,org.pitest.mutationtest.engine.gregor.mutators.MathMutator,r_mark_suffix_with_optional_s_consonant,620,NO_COVERAGE,none
turkishStemmer.java,org.tartarus.snowball.ext.turkishStemmer,org.pitest.mutationtest.engine.gregor.mutators.MathMutator,r_mark_suffix_with_optional_s_consonant,625,NO_COVERAGE,none
turkishStemmer.java,org.tartarus.snowball.ext.turkishStemmer,org.pitest.mutationtest.engine.gregor.mutators.MathMutator,r_mark_suffix_with_optional_s_consonant,628,KILLED,org.tartarus.snowball.ext.turkishStemmer_ESTest.test13
turkishStemmer.java,org.tartarus.snowball.ext.turkishStemmer,org.pitest.mutationtest.engine.gregor.mutators.MathMutator,r_mark_suffix_with_optional_s_consonant,633,SURVIVED,none
turkishStemmer.java,org.tartarus.snowball.ext.turkishStemmer,org.pitest.mutationtest.engine.gregor.mutators.MathMutator,r_mark_suffix_with_optional_s_consonant,637,SURVIVED,none
turkishStemmer.java,org.tartarus.snowball.ext.turkishStemmer,org.pitest.mutationtest.engine.gregor.mutators.MathMutator,r_mark_suffix_with_optional_s_consonant,643,NO_COVERAGE,none
turkishStemmer.java,org.tartarus.snowball.ext.turkishStemmer,org.pitest.mutationtest.engine.gregor.mutators.MathMutator,r_mark_suffix_with_optional_s_consonant,646,KILLED,org.tartarus.snowball.ext.turkishStemmer_ESTest.test13
turkishStemmer.java,org.tartarus.snowball.ext.turkishStemmer,org.pitest.mutationtest.engine.gregor.mutators.MathMutator,r_mark_suffix_with_optional_s_consonant,649,SURVIVED,none
turkishStemmer.java,org.tartarus.snowball.ext.turkishStemmer,org.pitest.mutationtest.engine.gregor.mutators.MathMutator,r_mark_suffix_with_optional_s_consonant,656,SURVIVED,none
turkishStemmer.java,org.tartarus.snowball.ext.turkishStemmer,org.pitest.mutationtest.engine.gregor.mutators.MathMutator,r_mark_suffix_with_optional_s_consonant,659,SURVIVED,none
turkishStemmer.java,org.tartarus.snowball.ext.turkishStemmer,org.pitest.mutationtest.engine.gregor.mutators.MathMutator,r_mark_suffix_with_optional_s_consonant,664,NO_COVERAGE,none
turkishStemmer.java,org.tartarus.snowball.ext.turkishStemmer,org.pitest.mutationtest.engine.gregor.mutators.MathMutator,r_mark_suffix_with_optional_s_consonant,665,NO_COVERAGE,none
turkishStemmer.java,org.tartarus.snowball.ext.turkishStemmer,org.pitest.mutationtest.engine.gregor.mutators.NegateConditionalsMutator,r_mark_suffix_with_optional_s_consonant,607,SURVIVED,none
turkishStemmer.java,org.tartarus.snowball.ext.turkishStemmer,org.pitest.mutationtest.engine.gregor.mutators.NegateConditionalsMutator,r_mark_suffix_with_optional_s_consonant,613,NO_COVERAGE,none
turkishStemmer.java,org.tartarus.snowball.ext.turkishStemmer,org.pitest.mutationtest.engine.gregor.mutators.NegateConditionalsMutator,r_mark_suffix_with_optional_s_consonant,621,NO_COVERAGE,none
turkishStemmer.java,org.tartarus.snowball.ext.turkishStemmer,org.pitest.mutationtest.engine.gregor.mutators.NegateConditionalsMutator,r_mark_suffix_with_optional_s_consonant,639,SURVIVED,none
turkishStemmer.java,org.tartarus.snowball.ext.turkishStemmer,org.pitest.mutationtest.engine.gregor.mutators.NegateConditionalsMutator,r_mark_suffix_with_optional_s_consonant,652,SURVIVED,none
turkishStemmer.java,org.tartarus.snowball.ext.turkishStemmer,org.pitest.mutationtest.engine.gregor.mutators.NegateConditionalsMutator,r_mark_suffix_with_optional_s_consonant,660,SURVIVED,none
turkishStemmer.java,org.tartarus.snowball.ext.turkishStemmer,org.pitest.mutationtest.engine.gregor.mutators.NonVoidMethodCallMutator,r_mark_suffix_with_optional_s_consonant,607,SURVIVED,none
turkishStemmer.java,org.tartarus.snowball.ext.turkishStemmer,org.pitest.mutationtest.engine.gregor.mutators.NonVoidMethodCallMutator,r_mark_suffix_with_optional_s_consonant,621,NO_COVERAGE,none
turkishStemmer.java,org.tartarus.snowball.ext.turkishStemmer,org.pitest.mutationtest.engine.gregor.mutators.NonVoidMethodCallMutator,r_mark_suffix_with_optional_s_consonant,639,SURVIVED,none
turkishStemmer.java,org.tartarus.snowball.ext.turkishStemmer,org.pitest.mutationtest.engine.gregor.mutators.NonVoidMethodCallMutator,r_mark_suffix_with_optional_s_consonant,660,SURVIVED,none
turkishStemmer.java,org.tartarus.snowball.ext.turkishStemmer,org.pitest.mutationtest.engine.gregor.mutators.RemoveConditionalMutator_EQUAL_ELSE,r_mark_suffix_with_optional_s_consonant,607,SURVIVED,none
turkishStemmer.java,org.tartarus.snowball.ext.turkishStemmer,org.pitest.mutationtest.engine.gregor.mutators.RemoveConditionalMutator_EQUAL_ELSE,r_mark_suffix_with_optional_s_consonant,621,NO_COVERAGE,none
turkishStemmer.java,org.tartarus.snowball.ext.turkishStemmer,org.pitest.mutationtest.engine.gregor.mutators.RemoveConditionalMutator_EQUAL_ELSE,r_mark_suffix_with_optional_s_consonant,639,SURVIVED,none
turkishStemmer.java,org.tartarus.snowball.ext.turkishStemmer,org.pitest.mutationtest.engine.gregor.mutators.RemoveConditionalMutator_EQUAL_ELSE,r_mark_suffix_with_optional_s_consonant,660,SURVIVED,none
turkishStemmer.java,org.tartarus.snowball.ext.turkishStemmer,org.pitest.mutationtest.engine.gregor.mutators.RemoveConditionalMutator_EQUAL_IF,r_mark_suffix_with_optional_s_consonant,607,SURVIVED,none
turkishStemmer.java,org.tartarus.snowball.ext.turkishStemmer,org.pitest.mutationtest.engine.gregor.mutators.RemoveConditionalMutator_EQUAL_IF,r_mark_suffix_with_optional_s_consonant,621,NO_COVERAGE,none
turkishStemmer.java,org.tartarus.snowball.ext.turkishStemmer,org.pitest.mutationtest.engine.gregor.mutators.RemoveConditionalMutator_EQUAL_IF,r_mark_suffix_with_optional_s_consonant,639,SURVIVED,none
turkishStemmer.java,org.tartarus.snowball.ext.turkishStemmer,org.pitest.mutationtest.engine.gregor.mutators.RemoveConditionalMutator_EQUAL_IF,r_mark_suffix_with_optional_s_consonant,660,SURVIVED,none
turkishStemmer.java,org.tartarus.snowball.ext.turkishStemmer,org.pitest.mutationtest.engine.gregor.mutators.RemoveConditionalMutator_ORDER_ELSE,r_mark_suffix_with_optional_s_consonant,613,NO_COVERAGE,none
turkishStemmer.java,org.tartarus.snowball.ext.turkishStemmer,org.pitest.mutationtest.engine.gregor.mutators.RemoveConditionalMutator_ORDER_ELSE,r_mark_suffix_with_optional_s_consonant,652,SURVIVED,none
turkishStemmer.java,org.tartarus.snowball.ext.turkishStemmer,org.pitest.mutationtest.engine.gregor.mutators.RemoveConditionalMutator_ORDER_IF,r_mark_suffix_with_optional_s_consonant,613,NO_COVERAGE,none
turkishStemmer.java,org.tartarus.snowball.ext.turkishStemmer,org.pitest.mutationtest.engine.gregor.mutators.RemoveConditionalMutator_ORDER_IF,r_mark_suffix_with_optional_s_consonant,652,SURVIVED,none
turkishStemmer.java,org.tartarus.snowball.ext.turkishStemmer,org.pitest.mutationtest.engine.gregor.mutators.ReturnValsMutator,r_mark_suffix_with_optional_s_consonant,644,NO_COVERAGE,none
turkishStemmer.java,org.tartarus.snowball.ext.turkishStemmer,org.pitest.mutationtest.engine.gregor.mutators.ReturnValsMutator,r_mark_suffix_with_optional_s_consonant,654,NO_COVERAGE,none
turkishStemmer.java,org.tartarus.snowball.ext.turkishStemmer,org.pitest.mutationtest.engine.gregor.mutators.ReturnValsMutator,r_mark_suffix_with_optional_s_consonant,662,SURVIVED,none
turkishStemmer.java,org.tartarus.snowball.ext.turkishStemmer,org.pitest.mutationtest.engine.gregor.mutators.ReturnValsMutator,r_mark_suffix_with_optional_s_consonant,667,NO_COVERAGE,none
turkishStemmer.java,org.tartarus.snowball.ext.turkishStemmer,org.pitest.mutationtest.engine.gregor.mutators.experimental.MemberVariableMutator,r_mark_suffix_with_optional_s_consonant,611,NO_COVERAGE,none
turkishStemmer.java,org.tartarus.snowball.ext.turkishStemmer,org.pitest.mutationtest.engine.gregor.mutators.experimental.MemberVariableMutator,r_mark_suffix_with_optional_s_consonant,617,NO_COVERAGE,none
turkishStemmer.java,org.tartarus.snowball.ext.turkishStemmer,org.pitest.mutationtest.engine.gregor.mutators.experimental.MemberVariableMutator,r_mark_suffix_with_optional_s_consonant,625,NO_COVERAGE,none
turkishStemmer.java,org.tartarus.snowball.ext.turkishStemmer,org.pitest.mutationtest.engine.gregor.mutators.experimental.MemberVariableMutator,r_mark_suffix_with_optional_s_consonant,628,SURVIVED,none
turkishStemmer.java,org.tartarus.snowball.ext.turkishStemmer,org.pitest.mutationtest.engine.gregor.mutators.experimental.MemberVariableMutator,r_mark_suffix_with_optional_s_consonant,643,NO_COVERAGE,none
turkishStemmer.java,org.tartarus.snowball.ext.turkishStemmer,org.pitest.mutationtest.engine.gregor.mutators.experimental.MemberVariableMutator,r_mark_suffix_with_optional_s_consonant,646,SURVIVED,none
turkishStemmer.java,org.tartarus.snowball.ext.turkishStemmer,org.pitest.mutationtest.engine.gregor.mutators.experimental.MemberVariableMutator,r_mark_suffix_with_optional_s_consonant,656,SURVIVED,none
turkishStemmer.java,org.tartarus.snowball.ext.turkishStemmer,org.pitest.mutationtest.engine.gregor.mutators.experimental.MemberVariableMutator,r_mark_suffix_with_optional_s_consonant,664,NO_COVERAGE,none
turkishStemmer.java,org.tartarus.snowball.ext.turkishStemmer,org.pitest.mutationtest.engine.gregor.mutators.experimental.MemberVariableMutator,r_mark_suffix_with_optional_s_consonant,665,NO_COVERAGE,none
turkishStemmer.java,org.tartarus.snowball.ext.turkishStemmer,org.pitest.mutationtest.engine.gregor.mutators.BooleanFalseReturnValsMutator,r_mark_suffix_with_optional_y_consonant,748,SURVIVED,none
turkishStemmer.java,org.tartarus.snowball.ext.turkishStemmer,org.pitest.mutationtest.engine.gregor.mutators.BooleanTrueReturnValsMutator,r_mark_suffix_with_optional_y_consonant,725,NO_COVERAGE,none
turkishStemmer.java,org.tartarus.snowball.ext.turkishStemmer,org.pitest.mutationtest.engine.gregor.mutators.BooleanTrueReturnValsMutator,r_mark_suffix_with_optional_y_consonant,735,NO_COVERAGE,none
turkishStemmer.java,org.tartarus.snowball.ext.turkishStemmer,org.pitest.mutationtest.engine.gregor.mutators.BooleanTrueReturnValsMutator,r_mark_suffix_with_optional_y_consonant,743,SURVIVED,none
turkishStemmer.java,org.tartarus.snowball.ext.turkishStemmer,org.pitest.mutationtest.engine.gregor.mutators.ConditionalsBoundaryMutator,r_mark_suffix_with_optional_y_consonant,694,NO_COVERAGE,none
turkishStemmer.java,org.tartarus.snowball.ext.turkishStemmer,org.pitest.mutationtest.engine.gregor.mutators.ConditionalsBoundaryMutator,r_mark_suffix_with_optional_y_consonant,733,SURVIVED,none
turkishStemmer.java,org.tartarus.snowball.ext.turkishStemmer,org.pitest.mutationtest.engine.gregor.mutators.InlineConstantMutator,r_mark_suffix_with_optional_y_consonant,688,SURVIVED,none
turkishStemmer.java,org.tartarus.snowball.ext.turkishStemmer,org.pitest.mutationtest.engine.gregor.mutators.InlineConstantMutator,r_mark_suffix_with_optional_y_consonant,698,NO_COVERAGE,none
turkishStemmer.java,org.tartarus.snowball.ext.turkishStemmer,org.pitest.mutationtest.engine.gregor.mutators.InlineConstantMutator,r_mark_suffix_with_optional_y_consonant,702,NO_COVERAGE,none
turkishStemmer.java,org.tartarus.snowball.ext.turkishStemmer,org.pitest.mutationtest.engine.gregor.mutators.InlineConstantMutator,r_mark_suffix_with_optional_y_consonant,702,NO_COVERAGE,none
turkishStemmer.java,org.tartarus.snowball.ext.turkishStemmer,org.pitest.mutationtest.engine.gregor.mutators.InlineConstantMutator,r_mark_suffix_with_optional_y_consonant,720,SURVIVED,none
turkishStemmer.java,org.tartarus.snowball.ext.turkishStemmer,org.pitest.mutationtest.engine.gregor.mutators.InlineConstantMutator,r_mark_suffix_with_optional_y_consonant,725,NO_COVERAGE,none
turkishStemmer.java,org.tartarus.snowball.ext.turkishStemmer,org.pitest.mutationtest.engine.gregor.mutators.InlineConstantMutator,r_mark_suffix_with_optional_y_consonant,735,NO_COVERAGE,none
turkishStemmer.java,org.tartarus.snowball.ext.turkishStemmer,org.pitest.mutationtest.engine.gregor.mutators.InlineConstantMutator,r_mark_suffix_with_optional_y_consonant,737,SURVIVED,none
turkishStemmer.java,org.tartarus.snowball.ext.turkishStemmer,org.pitest.mutationtest.engine.gregor.mutators.InlineConstantMutator,r_mark_suffix_with_optional_y_consonant,741,SURVIVED,none
turkishStemmer.java,org.tartarus.snowball.ext.turkishStemmer,org.pitest.mutationtest.engine.gregor.mutators.InlineConstantMutator,r_mark_suffix_with_optional_y_consonant,741,SURVIVED,none
turkishStemmer.java,org.tartarus.snowball.ext.turkishStemmer,org.pitest.mutationtest.engine.gregor.mutators.InlineConstantMutator,r_mark_suffix_with_optional_y_consonant,743,SURVIVED,none
turkishStemmer.java,org.tartarus.snowball.ext.turkishStemmer,org.pitest.mutationtest.engine.gregor.mutators.InlineConstantMutator,r_mark_suffix_with_optional_y_consonant,748,SURVIVED,none
turkishStemmer.java,org.tartarus.snowball.ext.turkishStemmer,org.pitest.mutationtest.engine.gregor.mutators.MathMutator,r_mark_suffix_with_optional_y_consonant,681,SURVIVED,none
turkishStemmer.java,org.tartarus.snowball.ext.turkishStemmer,org.pitest.mutationtest.engine.gregor.mutators.MathMutator,r_mark_suffix_with_optional_y_consonant,686,SURVIVED,none
turkishStemmer.java,org.tartarus.snowball.ext.turkishStemmer,org.pitest.mutationtest.engine.gregor.mutators.MathMutator,r_mark_suffix_with_optional_y_consonant,692,NO_COVERAGE,none
turkishStemmer.java,org.tartarus.snowball.ext.turkishStemmer,org.pitest.mutationtest.engine.gregor.mutators.MathMutator,r_mark_suffix_with_optional_y_consonant,698,NO_COVERAGE,none
turkishStemmer.java,org.tartarus.snowball.ext.turkishStemmer,org.pitest.mutationtest.engine.gregor.mutators.MathMutator,r_mark_suffix_with_optional_y_consonant,701,NO_COVERAGE,none
turkishStemmer.java,org.tartarus.snowball.ext.turkishStemmer,org.pitest.mutationtest.engine.gregor.mutators.MathMutator,r_mark_suffix_with_optional_y_consonant,706,NO_COVERAGE,none
turkishStemmer.java,org.tartarus.snowball.ext.turkishStemmer,org.pitest.mutationtest.engine.gregor.mutators.MathMutator,r_mark_suffix_with_optional_y_consonant,709,KILLED,org.tartarus.snowball.ext.turkishStemmer_ESTest.test09
turkishStemmer.java,org.tartarus.snowball.ext.turkishStemmer,org.pitest.mutationtest.engine.gregor.mutators.MathMutator,r_mark_suffix_with_optional_y_consonant,714,SURVIVED,none
turkishStemmer.java,org.tartarus.snowball.ext.turkishStemmer,org.pitest.mutationtest.engine.gregor.mutators.MathMutator,r_mark_suffix_with_optional_y_consonant,718,SURVIVED,none
turkishStemmer.java,org.tartarus.snowball.ext.turkishStemmer,org.pitest.mutationtest.engine.gregor.mutators.MathMutator,r_mark_suffix_with_optional_y_consonant,724,NO_COVERAGE,none
turkishStemmer.java,org.tartarus.snowball.ext.turkishStemmer,org.pitest.mutationtest.engine.gregor.mutators.MathMutator,r_mark_suffix_with_optional_y_consonant,727,KILLED,org.tartarus.snowball.ext.turkishStemmer_ESTest.test09
turkishStemmer.java,org.tartarus.snowball.ext.turkishStemmer,org.pitest.mutationtest.engine.gregor.mutators.MathMutator,r_mark_suffix_with_optional_y_consonant,730,KILLED,org.tartarus.snowball.ext.turkishStemmer_ESTest.test08
turkishStemmer.java,org.tartarus.snowball.ext.turkishStemmer,org.pitest.mutationtest.engine.gregor.mutators.MathMutator,r_mark_suffix_with_optional_y_consonant,737,SURVIVED,none
turkishStemmer.java,org.tartarus.snowball.ext.turkishStemmer,org.pitest.mutationtest.engine.gregor.mutators.MathMutator,r_mark_suffix_with_optional_y_consonant,740,SURVIVED,none
turkishStemmer.java,org.tartarus.snowball.ext.turkishStemmer,org.pitest.mutationtest.engine.gregor.mutators.MathMutator,r_mark_suffix_with_optional_y_consonant,745,SURVIVED,none
turkishStemmer.java,org.tartarus.snowball.ext.turkishStemmer,org.pitest.mutationtest.engine.gregor.mutators.MathMutator,r_mark_suffix_with_optional_y_consonant,746,KILLED,org.tartarus.snowball.ext.turkishStemmer_ESTest.test08
turkishStemmer.java,org.tartarus.snowball.ext.turkishStemmer,org.pitest.mutationtest.engine.gregor.mutators.NegateConditionalsMutator,r_mark_suffix_with_optional_y_consonant,688,SURVIVED,none
turkishStemmer.java,org.tartarus.snowball.ext.turkishStemmer,org.pitest.mutationtest.engine.gregor.mutators.NegateConditionalsMutator,r_mark_suffix_with_optional_y_consonant,694,NO_COVERAGE,none
turkishStemmer.java,org.tartarus.snowball.ext.turkishStemmer,org.pitest.mutationtest.engine.gregor.mutators.NegateConditionalsMutator,r_mark_suffix_with_optional_y_consonant,702,NO_COVERAGE,none
turkishStemmer.java,org.tartarus.snowball.ext.turkishStemmer,org.pitest.mutationtest.engine.gregor.mutators.NegateConditionalsMutator,r_mark_suffix_with_optional_y_consonant,720,SURVIVED,none
turkishStemmer.java,org.tartarus.snowball.ext.turkishStemmer,org.pitest.mutationtest.engine.gregor.mutators.NegateConditionalsMutator,r_mark_suffix_with_optional_y_consonant,733,SURVIVED,none
turkishStemmer.java,org.tartarus.snowball.ext.turkishStemmer,org.pitest.mutationtest.engine.gregor.mutators.NegateConditionalsMutator,r_mark_suffix_with_optional_y_consonant,741,SURVIVED,none
turkishStemmer.java,org.tartarus.snowball.ext.turkishStemmer,org.pitest.mutationtest.engine.gregor.mutators.NonVoidMethodCallMutator,r_mark_suffix_with_optional_y_consonant,688,SURVIVED,none
turkishStemmer.java,org.tartarus.snowball.ext.turkishStemmer,org.pitest.mutationtest.engine.gregor.mutators.NonVoidMethodCallMutator,r_mark_suffix_with_optional_y_consonant,702,NO_COVERAGE,none
turkishStemmer.java,org.tartarus.snowball.ext.turkishStemmer,org.pitest.mutationtest.engine.gregor.mutators.NonVoidMethodCallMutator,r_mark_suffix_with_optional_y_consonant,720,SURVIVED,none
turkishStemmer.java,org.tartarus.snowball.ext.turkishStemmer,org.pitest.mutationtest.engine.gregor.mutators.NonVoidMethodCallMutator,r_mark_suffix_with_optional_y_consonant,741,SURVIVED,none
turkishStemmer.java,org.tartarus.snowball.ext.turkishStemmer,org.pitest.mutationtest.engine.gregor.mutators.RemoveConditionalMutator_EQUAL_ELSE,r_mark_suffix_with_optional_y_consonant,688,SURVIVED,none
turkishStemmer.java,org.tartarus.snowball.ext.turkishStemmer,org.pitest.mutationtest.engine.gregor.mutators.RemoveConditionalMutator_EQUAL_ELSE,r_mark_suffix_with_optional_y_consonant,702,NO_COVERAGE,none
turkishStemmer.java,org.tartarus.snowball.ext.turkishStemmer,org.pitest.mutationtest.engine.gregor.mutators.RemoveConditionalMutator_EQUAL_ELSE,r_mark_suffix_with_optional_y_consonant,720,SURVIVED,none
turkishStemmer.java,org.tartarus.snowball.ext.turkishStemmer,org.pitest.mutationtest.engine.gregor.mutators.RemoveConditionalMutator_EQUAL_ELSE,r_mark_suffix_with_optional_y_consonant,741,SURVIVED,none
turkishStemmer.java,org.tartarus.snowball.ext.turkishStemmer,org.pitest.mutationtest.engine.gregor.mutators.RemoveConditionalMutator_EQUAL_IF,r_mark_suffix_with_optional_y_consonant,688,SURVIVED,none
turkishStemmer.java,org.tartarus.snowball.ext.turkishStemmer,org.pitest.mutationtest.engine.gregor.mutators.RemoveConditionalMutator_EQUAL_IF,r_mark_suffix_with_optional_y_consonant,702,NO_COVERAGE,none
turkishStemmer.java,org.tartarus.snowball.ext.turkishStemmer,org.pitest.mutationtest.engine.gregor.mutators.RemoveConditionalMutator_EQUAL_IF,r_mark_suffix_with_optional_y_consonant,720,SURVIVED,none
turkishStemmer.java,org.tartarus.snowball.ext.turkishStemmer,org.pitest.mutationtest.engine.gregor.mutators.RemoveConditionalMutator_EQUAL_IF,r_mark_suffix_with_optional_y_consonant,741,SURVIVED,none
turkishStemmer.java,org.tartarus.snowball.ext.turkishStemmer,org.pitest.mutationtest.engine.gregor.mutators.RemoveConditionalMutator_ORDER_ELSE,r_mark_suffix_with_optional_y_consonant,694,NO_COVERAGE,none
turkishStemmer.java,org.tartarus.snowball.ext.turkishStemmer,org.pitest.mutationtest.engine.gregor.mutators.RemoveConditionalMutator_ORDER_ELSE,r_mark_suffix_with_optional_y_consonant,733,SURVIVED,none
turkishStemmer.java,org.tartarus.snowball.ext.turkishStemmer,org.pitest.mutationtest.engine.gregor.mutators.RemoveConditionalMutator_ORDER_IF,r_mark_suffix_with_optional_y_consonant,694,NO_COVERAGE,none
turkishStemmer.java,org.tartarus.snowball.ext.turkishStemmer,org.pitest.mutationtest.engine.gregor.mutators.RemoveConditionalMutator_ORDER_IF,r_mark_suffix_with_optional_y_consonant,733,SURVIVED,none
turkishStemmer.java,org.tartarus.snowball.ext.turkishStemmer,org.pitest.mutationtest.engine.gregor.mutators.ReturnValsMutator,r_mark_suffix_with_optional_y_consonant,725,NO_COVERAGE,none
turkishStemmer.java,org.tartarus.snowball.ext.turkishStemmer,org.pitest.mutationtest.engine.gregor.mutators.ReturnValsMutator,r_mark_suffix_with_optional_y_consonant,735,NO_COVERAGE,none
turkishStemmer.java,org.tartarus.snowball.ext.turkishStemmer,org.pitest.mutationtest.engine.gregor.mutators.ReturnValsMutator,r_mark_suffix_with_optional_y_consonant,743,SURVIVED,none
turkishStemmer.java,org.tartarus.snowball.ext.turkishStemmer,org.pitest.mutationtest.engine.gregor.mutators.ReturnValsMutator,r_mark_suffix_with_optional_y_consonant,748,SURVIVED,none
turkishStemmer.java,org.tartarus.snowball.ext.turkishStemmer,org.pitest.mutationtest.engine.gregor.mutators.experimental.MemberVariableMutator,r_mark_suffix_with_optional_y_consonant,692,NO_COVERAGE,none
turkishStemmer.java,org.tartarus.snowball.ext.turkishStemmer,org.pitest.mutationtest.engine.gregor.mutators.experimental.MemberVariableMutator,r_mark_suffix_with_optional_y_consonant,698,NO_COVERAGE,none
turkishStemmer.java,org.tartarus.snowball.ext.turkishStemmer,org.pitest.mutationtest.engine.gregor.mutators.experimental.MemberVariableMutator,r_mark_suffix_with_optional_y_consonant,706,NO_COVERAGE,none
turkishStemmer.java,org.tartarus.snowball.ext.turkishStemmer,org.pitest.mutationtest.engine.gregor.mutators.experimental.MemberVariableMutator,r_mark_suffix_with_optional_y_consonant,709,SURVIVED,none
turkishStemmer.java,org.tartarus.snowball.ext.turkishStemmer,org.pitest.mutationtest.engine.gregor.mutators.experimental.MemberVariableMutator,r_mark_suffix_with_optional_y_consonant,724,NO_COVERAGE,none
turkishStemmer.java,org.tartarus.snowball.ext.turkishStemmer,org.pitest.mutationtest.engine.gregor.mutators.experimental.MemberVariableMutator,r_mark_suffix_with_optional_y_consonant,727,SURVIVED,none
turkishStemmer.java,org.tartarus.snowball.ext.turkishStemmer,org.pitest.mutationtest.engine.gregor.mutators.experimental.MemberVariableMutator,r_mark_suffix_with_optional_y_consonant,737,SURVIVED,none
turkishStemmer.java,org.tartarus.snowball.ext.turkishStemmer,org.pitest.mutationtest.engine.gregor.mutators.experimental.MemberVariableMutator,r_mark_suffix_with_optional_y_consonant,745,SURVIVED,none
turkishStemmer.java,org.tartarus.snowball.ext.turkishStemmer,org.pitest.mutationtest.engine.gregor.mutators.experimental.MemberVariableMutator,r_mark_suffix_with_optional_y_consonant,746,SURVIVED,none
turkishStemmer.java,org.tartarus.snowball.ext.turkishStemmer,org.pitest.mutationtest.engine.gregor.mutators.ArgumentPropagationMutator,r_mark_yA,940,SURVIVED,none
turkishStemmer.java,org.tartarus.snowball.ext.turkishStemmer,org.pitest.mutationtest.engine.gregor.mutators.BooleanFalseReturnValsMutator,r_mark_yA,950,SURVIVED,none
turkishStemmer.java,org.tartarus.snowball.ext.turkishStemmer,org.pitest.mutationtest.engine.gregor.mutators.BooleanTrueReturnValsMutator,r_mark_yA,937,SURVIVED,none
turkishStemmer.java,org.tartarus.snowball.ext.turkishStemmer,org.pitest.mutationtest.engine.gregor.mutators.BooleanTrueReturnValsMutator,r_mark_yA,942,SURVIVED,none
turkishStemmer.java,org.tartarus.snowball.ext.turkishStemmer,org.pitest.mutationtest.engine.gregor.mutators.BooleanTrueReturnValsMutator,r_mark_yA,948,SURVIVED,none
turkishStemmer.java,org.tartarus.snowball.ext.turkishStemmer,org.pitest.mutationtest.engine.gregor.mutators.InlineConstantMutator,r_mark_yA,937,SURVIVED,none
turkishStemmer.java,org.tartarus.snowball.ext.turkishStemmer,org.pitest.mutationtest.engine.gregor.mutators.InlineConstantMutator,r_mark_yA,940,KILLED,org.tartarus.snowball.ext.turkishStemmer_ESTest.test09
turkishStemmer.java,org.tartarus.snowball.ext.turkishStemmer,org.pitest.mutationtest.engine.gregor.mutators.InlineConstantMutator,r_mark_yA,942,SURVIVED,none
turkishStemmer.java,org.tartarus.snowball.ext.turkishStemmer,org.pitest.mutationtest.engine.gregor.mutators.InlineConstantMutator,r_mark_yA,948,SURVIVED,none
turkishStemmer.java,org.tartarus.snowball.ext.turkishStemmer,org.pitest.mutationtest.engine.gregor.mutators.InlineConstantMutator,r_mark_yA,950,SURVIVED,none
turkishStemmer.java,org.tartarus.snowball.ext.turkishStemmer,org.pitest.mutationtest.engine.gregor.mutators.NegateConditionalsMutator,r_mark_yA,935,SURVIVED,none
turkishStemmer.java,org.tartarus.snowball.ext.turkishStemmer,org.pitest.mutationtest.engine.gregor.mutators.NegateConditionalsMutator,r_mark_yA,940,SURVIVED,none
turkishStemmer.java,org.tartarus.snowball.ext.turkishStemmer,org.pitest.mutationtest.engine.gregor.mutators.NegateConditionalsMutator,r_mark_yA,946,SURVIVED,none
turkishStemmer.java,org.tartarus.snowball.ext.turkishStemmer,org.pitest.mutationtest.engine.gregor.mutators.NonVoidMethodCallMutator,r_mark_yA,935,SURVIVED,none
turkishStemmer.java,org.tartarus.snowball.ext.turkishStemmer,org.pitest.mutationtest.engine.gregor.mutators.NonVoidMethodCallMutator,r_mark_yA,940,SURVIVED,none
turkishStemmer.java,org.tartarus.snowball.ext.turkishStemmer,org.pitest.mutationtest.engine.gregor.mutators.NonVoidMethodCallMutator,r_mark_yA,946,SURVIVED,none
turkishStemmer.java,org.tartarus.snowball.ext.turkishStemmer,org.pitest.mutationtest.engine.gregor.mutators.RemoveConditionalMutator_EQUAL_ELSE,r_mark_yA,935,SURVIVED,none
turkishStemmer.java,org.tartarus.snowball.ext.turkishStemmer,org.pitest.mutationtest.engine.gregor.mutators.RemoveConditionalMutator_EQUAL_ELSE,r_mark_yA,940,SURVIVED,none
turkishStemmer.java,org.tartarus.snowball.ext.turkishStemmer,org.pitest.mutationtest.engine.gregor.mutators.RemoveConditionalMutator_EQUAL_ELSE,r_mark_yA,946,SURVIVED,none
turkishStemmer.java,org.tartarus.snowball.ext.turkishStemmer,org.pitest.mutationtest.engine.gregor.mutators.RemoveConditionalMutator_EQUAL_IF,r_mark_yA,935,SURVIVED,none
turkishStemmer.java,org.tartarus.snowball.ext.turkishStemmer,org.pitest.mutationtest.engine.gregor.mutators.RemoveConditionalMutator_EQUAL_IF,r_mark_yA,940,SURVIVED,none
turkishStemmer.java,org.tartarus.snowball.ext.turkishStemmer,org.pitest.mutationtest.engine.gregor.mutators.RemoveConditionalMutator_EQUAL_IF,r_mark_yA,946,SURVIVED,none
turkishStemmer.java,org.tartarus.snowball.ext.turkishStemmer,org.pitest.mutationtest.engine.gregor.mutators.ReturnValsMutator,r_mark_yA,937,SURVIVED,none
turkishStemmer.java,org.tartarus.snowball.ext.turkishStemmer,org.pitest.mutationtest.engine.gregor.mutators.ReturnValsMutator,r_mark_yA,942,SURVIVED,none
turkishStemmer.java,org.tartarus.snowball.ext.turkishStemmer,org.pitest.mutationtest.engine.gregor.mutators.ReturnValsMutator,r_mark_yA,948,SURVIVED,none
turkishStemmer.java,org.tartarus.snowball.ext.turkishStemmer,org.pitest.mutationtest.engine.gregor.mutators.ReturnValsMutator,r_mark_yA,950,SURVIVED,none
turkishStemmer.java,org.tartarus.snowball.ext.turkishStemmer,org.pitest.mutationtest.engine.gregor.mutators.ArgumentPropagationMutator,r_mark_yDU,1210,SURVIVED,none
turkishStemmer.java,org.tartarus.snowball.ext.turkishStemmer,org.pitest.mutationtest.engine.gregor.mutators.BooleanFalseReturnValsMutator,r_mark_yDU,1220,NO_COVERAGE,none
turkishStemmer.java,org.tartarus.snowball.ext.turkishStemmer,org.pitest.mutationtest.engine.gregor.mutators.BooleanTrueReturnValsMutator,r_mark_yDU,1207,SURVIVED,none
turkishStemmer.java,org.tartarus.snowball.ext.turkishStemmer,org.pitest.mutationtest.engine.gregor.mutators.BooleanTrueReturnValsMutator,r_mark_yDU,1212,SURVIVED,none
turkishStemmer.java,org.tartarus.snowball.ext.turkishStemmer,org.pitest.mutationtest.engine.gregor.mutators.BooleanTrueReturnValsMutator,r_mark_yDU,1218,NO_COVERAGE,none
turkishStemmer.java,org.tartarus.snowball.ext.turkishStemmer,org.pitest.mutationtest.engine.gregor.mutators.InlineConstantMutator,r_mark_yDU,1207,SURVIVED,none
turkishStemmer.java,org.tartarus.snowball.ext.turkishStemmer,org.pitest.mutationtest.engine.gregor.mutators.InlineConstantMutator,r_mark_yDU,1210,SURVIVED,none
turkishStemmer.java,org.tartarus.snowball.ext.turkishStemmer,org.pitest.mutationtest.engine.gregor.mutators.InlineConstantMutator,r_mark_yDU,1212,SURVIVED,none
turkishStemmer.java,org.tartarus.snowball.ext.turkishStemmer,org.pitest.mutationtest.engine.gregor.mutators.InlineConstantMutator,r_mark_yDU,1218,NO_COVERAGE,none
turkishStemmer.java,org.tartarus.snowball.ext.turkishStemmer,org.pitest.mutationtest.engine.gregor.mutators.InlineConstantMutator,r_mark_yDU,1220,NO_COVERAGE,none
turkishStemmer.java,org.tartarus.snowball.ext.turkishStemmer,org.pitest.mutationtest.engine.gregor.mutators.NegateConditionalsMutator,r_mark_yDU,1205,SURVIVED,none
turkishStemmer.java,org.tartarus.snowball.ext.turkishStemmer,org.pitest.mutationtest.engine.gregor.mutators.NegateConditionalsMutator,r_mark_yDU,1210,SURVIVED,none
turkishStemmer.java,org.tartarus.snowball.ext.turkishStemmer,org.pitest.mutationtest.engine.gregor.mutators.NegateConditionalsMutator,r_mark_yDU,1216,NO_COVERAGE,none
turkishStemmer.java,org.tartarus.snowball.ext.turkishStemmer,org.pitest.mutationtest.engine.gregor.mutators.NonVoidMethodCallMutator,r_mark_yDU,1205,SURVIVED,none
turkishStemmer.java,org.tartarus.snowball.ext.turkishStemmer,org.pitest.mutationtest.engine.gregor.mutators.NonVoidMethodCallMutator,r_mark_yDU,1210,SURVIVED,none
turkishStemmer.java,org.tartarus.snowball.ext.turkishStemmer,org.pitest.mutationtest.engine.gregor.mutators.NonVoidMethodCallMutator,r_mark_yDU,1216,NO_COVERAGE,none
turkishStemmer.java,org.tartarus.snowball.ext.turkishStemmer,org.pitest.mutationtest.engine.gregor.mutators.RemoveConditionalMutator_EQUAL_ELSE,r_mark_yDU,1205,SURVIVED,none
turkishStemmer.java,org.tartarus.snowball.ext.turkishStemmer,org.pitest.mutationtest.engine.gregor.mutators.RemoveConditionalMutator_EQUAL_ELSE,r_mark_yDU,1210,SURVIVED,none
turkishStemmer.java,org.tartarus.snowball.ext.turkishStemmer,org.pitest.mutationtest.engine.gregor.mutators.RemoveConditionalMutator_EQUAL_ELSE,r_mark_yDU,1216,NO_COVERAGE,none
turkishStemmer.java,org.tartarus.snowball.ext.turkishStemmer,org.pitest.mutationtest.engine.gregor.mutators.RemoveConditionalMutator_EQUAL_IF,r_mark_yDU,1205,SURVIVED,none
turkishStemmer.java,org.tartarus.snowball.ext.turkishStemmer,org.pitest.mutationtest.engine.gregor.mutators.RemoveConditionalMutator_EQUAL_IF,r_mark_yDU,1210,SURVIVED,none
turkishStemmer.java,org.tartarus.snowball.ext.turkishStemmer,org.pitest.mutationtest.engine.gregor.mutators.RemoveConditionalMutator_EQUAL_IF,r_mark_yDU,1216,NO_COVERAGE,none
turkishStemmer.java,org.tartarus.snowball.ext.turkishStemmer,org.pitest.mutationtest.engine.gregor.mutators.ReturnValsMutator,r_mark_yDU,1207,SURVIVED,none
turkishStemmer.java,org.tartarus.snowball.ext.turkishStemmer,org.pitest.mutationtest.engine.gregor.mutators.ReturnValsMutator,r_mark_yDU,1212,SURVIVED,none
turkishStemmer.java,org.tartarus.snowball.ext.turkishStemmer,org.pitest.mutationtest.engine.gregor.mutators.ReturnValsMutator,r_mark_yDU,1218,NO_COVERAGE,none
turkishStemmer.java,org.tartarus.snowball.ext.turkishStemmer,org.pitest.mutationtest.engine.gregor.mutators.ReturnValsMutator,r_mark_yDU,1220,NO_COVERAGE,none
turkishStemmer.java,org.tartarus.snowball.ext.turkishStemmer,org.pitest.mutationtest.engine.gregor.mutators.BooleanFalseReturnValsMutator,r_mark_yU,893,SURVIVED,none
turkishStemmer.java,org.tartarus.snowball.ext.turkishStemmer,org.pitest.mutationtest.engine.gregor.mutators.BooleanTrueReturnValsMutator,r_mark_yU,881,SURVIVED,none
turkishStemmer.java,org.tartarus.snowball.ext.turkishStemmer,org.pitest.mutationtest.engine.gregor.mutators.BooleanTrueReturnValsMutator,r_mark_yU,885,SURVIVED,none
turkishStemmer.java,org.tartarus.snowball.ext.turkishStemmer,org.pitest.mutationtest.engine.gregor.mutators.BooleanTrueReturnValsMutator,r_mark_yU,891,SURVIVED,none
turkishStemmer.java,org.tartarus.snowball.ext.turkishStemmer,org.pitest.mutationtest.engine.gregor.mutators.InlineConstantMutator,r_mark_yU,881,SURVIVED,none
turkishStemmer.java,org.tartarus.snowball.ext.turkishStemmer,org.pitest.mutationtest.engine.gregor.mutators.InlineConstantMutator,r_mark_yU,883,SURVIVED,none
turkishStemmer.java,org.tartarus.snowball.ext.turkishStemmer,org.pitest.mutationtest.engine.gregor.mutators.InlineConstantMutator,r_mark_yU,883,SURVIVED,none
turkishStemmer.java,org.tartarus.snowball.ext.turkishStemmer,org.pitest.mutationtest.engine.gregor.mutators.InlineConstantMutator,r_mark_yU,885,SURVIVED,none
turkishStemmer.java,org.tartarus.snowball.ext.turkishStemmer,org.pitest.mutationtest.engine.gregor.mutators.InlineConstantMutator,r_mark_yU,891,SURVIVED,none
turkishStemmer.java,org.tartarus.snowball.ext.turkishStemmer,org.pitest.mutationtest.engine.gregor.mutators.InlineConstantMutator,r_mark_yU,893,SURVIVED,none
turkishStemmer.java,org.tartarus.snowball.ext.turkishStemmer,org.pitest.mutationtest.engine.gregor.mutators.NegateConditionalsMutator,r_mark_yU,879,SURVIVED,none
turkishStemmer.java,org.tartarus.snowball.ext.turkishStemmer,org.pitest.mutationtest.engine.gregor.mutators.NegateConditionalsMutator,r_mark_yU,883,SURVIVED,none
turkishStemmer.java,org.tartarus.snowball.ext.turkishStemmer,org.pitest.mutationtest.engine.gregor.mutators.NegateConditionalsMutator,r_mark_yU,889,SURVIVED,none
turkishStemmer.java,org.tartarus.snowball.ext.turkishStemmer,org.pitest.mutationtest.engine.gregor.mutators.NonVoidMethodCallMutator,r_mark_yU,879,SURVIVED,none
turkishStemmer.java,org.tartarus.snowball.ext.turkishStemmer,org.pitest.mutationtest.engine.gregor.mutators.NonVoidMethodCallMutator,r_mark_yU,883,SURVIVED,none
turkishStemmer.java,org.tartarus.snowball.ext.turkishStemmer,org.pitest.mutationtest.engine.gregor.mutators.NonVoidMethodCallMutator,r_mark_yU,889,SURVIVED,none
turkishStemmer.java,org.tartarus.snowball.ext.turkishStemmer,org.pitest.mutationtest.engine.gregor.mutators.RemoveConditionalMutator_EQUAL_ELSE,r_mark_yU,879,SURVIVED,none
turkishStemmer.java,org.tartarus.snowball.ext.turkishStemmer,org.pitest.mutationtest.engine.gregor.mutators.RemoveConditionalMutator_EQUAL_ELSE,r_mark_yU,883,SURVIVED,none
turkishStemmer.java,org.tartarus.snowball.ext.turkishStemmer,org.pitest.mutationtest.engine.gregor.mutators.RemoveConditionalMutator_EQUAL_ELSE,r_mark_yU,889,SURVIVED,none
turkishStemmer.java,org.tartarus.snowball.ext.turkishStemmer,org.pitest.mutationtest.engine.gregor.mutators.RemoveConditionalMutator_EQUAL_IF,r_mark_yU,879,SURVIVED,none
turkishStemmer.java,org.tartarus.snowball.ext.turkishStemmer,org.pitest.mutationtest.engine.gregor.mutators.RemoveConditionalMutator_EQUAL_IF,r_mark_yU,883,SURVIVED,none
turkishStemmer.java,org.tartarus.snowball.ext.turkishStemmer,org.pitest.mutationtest.engine.gregor.mutators.RemoveConditionalMutator_EQUAL_IF,r_mark_yU,889,SURVIVED,none
turkishStemmer.java,org.tartarus.snowball.ext.turkishStemmer,org.pitest.mutationtest.engine.gregor.mutators.ReturnValsMutator,r_mark_yU,881,SURVIVED,none
turkishStemmer.java,org.tartarus.snowball.ext.turkishStemmer,org.pitest.mutationtest.engine.gregor.mutators.ReturnValsMutator,r_mark_yU,885,SURVIVED,none
turkishStemmer.java,org.tartarus.snowball.ext.turkishStemmer,org.pitest.mutationtest.engine.gregor.mutators.ReturnValsMutator,r_mark_yU,891,SURVIVED,none
turkishStemmer.java,org.tartarus.snowball.ext.turkishStemmer,org.pitest.mutationtest.engine.gregor.mutators.ReturnValsMutator,r_mark_yU,893,SURVIVED,none
turkishStemmer.java,org.tartarus.snowball.ext.turkishStemmer,org.pitest.mutationtest.engine.gregor.mutators.ArgumentPropagationMutator,r_mark_yUm,1088,SURVIVED,none
turkishStemmer.java,org.tartarus.snowball.ext.turkishStemmer,org.pitest.mutationtest.engine.gregor.mutators.BooleanFalseReturnValsMutator,r_mark_yUm,1098,NO_COVERAGE,none
turkishStemmer.java,org.tartarus.snowball.ext.turkishStemmer,org.pitest.mutationtest.engine.gregor.mutators.BooleanTrueReturnValsMutator,r_mark_yUm,1085,SURVIVED,none
turkishStemmer.java,org.tartarus.snowball.ext.turkishStemmer,org.pitest.mutationtest.engine.gregor.mutators.BooleanTrueReturnValsMutator,r_mark_yUm,1090,SURVIVED,none
turkishStemmer.java,org.tartarus.snowball.ext.turkishStemmer,org.pitest.mutationtest.engine.gregor.mutators.BooleanTrueReturnValsMutator,r_mark_yUm,1096,NO_COVERAGE,none
turkishStemmer.java,org.tartarus.snowball.ext.turkishStemmer,org.pitest.mutationtest.engine.gregor.mutators.InlineConstantMutator,r_mark_yUm,1085,SURVIVED,none
turkishStemmer.java,org.tartarus.snowball.ext.turkishStemmer,org.pitest.mutationtest.engine.gregor.mutators.InlineConstantMutator,r_mark_yUm,1088,KILLED,org.tartarus.snowball.ext.turkishStemmer_ESTest.test10
turkishStemmer.java,org.tartarus.snowball.ext.turkishStemmer,org.pitest.mutationtest.engine.gregor.mutators.InlineConstantMutator,r_mark_yUm,1090,SURVIVED,none
turkishStemmer.java,org.tartarus.snowball.ext.turkishStemmer,org.pitest.mutationtest.engine.gregor.mutators.InlineConstantMutator,r_mark_yUm,1096,NO_COVERAGE,none
turkishStemmer.java,org.tartarus.snowball.ext.turkishStemmer,org.pitest.mutationtest.engine.gregor.mutators.InlineConstantMutator,r_mark_yUm,1098,NO_COVERAGE,none
turkishStemmer.java,org.tartarus.snowball.ext.turkishStemmer,org.pitest.mutationtest.engine.gregor.mutators.NegateConditionalsMutator,r_mark_yUm,1083,SURVIVED,none
turkishStemmer.java,org.tartarus.snowball.ext.turkishStemmer,org.pitest.mutationtest.engine.gregor.mutators.NegateConditionalsMutator,r_mark_yUm,1088,SURVIVED,none
turkishStemmer.java,org.tartarus.snowball.ext.turkishStemmer,org.pitest.mutationtest.engine.gregor.mutators.NegateConditionalsMutator,r_mark_yUm,1094,NO_COVERAGE,none
turkishStemmer.java,org.tartarus.snowball.ext.turkishStemmer,org.pitest.mutationtest.engine.gregor.mutators.NonVoidMethodCallMutator,r_mark_yUm,1083,SURVIVED,none
turkishStemmer.java,org.tartarus.snowball.ext.turkishStemmer,org.pitest.mutationtest.engine.gregor.mutators.NonVoidMethodCallMutator,r_mark_yUm,1088,SURVIVED,none
turkishStemmer.java,org.tartarus.snowball.ext.turkishStemmer,org.pitest.mutationtest.engine.gregor.mutators.NonVoidMethodCallMutator,r_mark_yUm,1094,NO_COVERAGE,none
turkishStemmer.java,org.tartarus.snowball.ext.turkishStemmer,org.pitest.mutationtest.engine.gregor.mutators.RemoveConditionalMutator_EQUAL_ELSE,r_mark_yUm,1083,SURVIVED,none
turkishStemmer.java,org.tartarus.snowball.ext.turkishStemmer,org.pitest.mutationtest.engine.gregor.mutators.RemoveConditionalMutator_EQUAL_ELSE,r_mark_yUm,1088,SURVIVED,none
turkishStemmer.java,org.tartarus.snowball.ext.turkishStemmer,org.pitest.mutationtest.engine.gregor.mutators.RemoveConditionalMutator_EQUAL_ELSE,r_mark_yUm,1094,NO_COVERAGE,none
turkishStemmer.java,org.tartarus.snowball.ext.turkishStemmer,org.pitest.mutationtest.engine.gregor.mutators.RemoveConditionalMutator_EQUAL_IF,r_mark_yUm,1083,SURVIVED,none
turkishStemmer.java,org.tartarus.snowball.ext.turkishStemmer,org.pitest.mutationtest.engine.gregor.mutators.RemoveConditionalMutator_EQUAL_IF,r_mark_yUm,1088,SURVIVED,none
turkishStemmer.java,org.tartarus.snowball.ext.turkishStemmer,org.pitest.mutationtest.engine.gregor.mutators.RemoveConditionalMutator_EQUAL_IF,r_mark_yUm,1094,NO_COVERAGE,none
turkishStemmer.java,org.tartarus.snowball.ext.turkishStemmer,org.pitest.mutationtest.engine.gregor.mutators.ReturnValsMutator,r_mark_yUm,1085,SURVIVED,none
turkishStemmer.java,org.tartarus.snowball.ext.turkishStemmer,org.pitest.mutationtest.engine.gregor.mutators.ReturnValsMutator,r_mark_yUm,1090,SURVIVED,none
turkishStemmer.java,org.tartarus.snowball.ext.turkishStemmer,org.pitest.mutationtest.engine.gregor.mutators.ReturnValsMutator,r_mark_yUm,1096,NO_COVERAGE,none
turkishStemmer.java,org.tartarus.snowball.ext.turkishStemmer,org.pitest.mutationtest.engine.gregor.mutators.ReturnValsMutator,r_mark_yUm,1098,NO_COVERAGE,none
turkishStemmer.java,org.tartarus.snowball.ext.turkishStemmer,org.pitest.mutationtest.engine.gregor.mutators.ArgumentPropagationMutator,r_mark_yUz,1124,SURVIVED,none
turkishStemmer.java,org.tartarus.snowball.ext.turkishStemmer,org.pitest.mutationtest.engine.gregor.mutators.BooleanFalseReturnValsMutator,r_mark_yUz,1134,SURVIVED,none
turkishStemmer.java,org.tartarus.snowball.ext.turkishStemmer,org.pitest.mutationtest.engine.gregor.mutators.BooleanTrueReturnValsMutator,r_mark_yUz,1121,SURVIVED,none
turkishStemmer.java,org.tartarus.snowball.ext.turkishStemmer,org.pitest.mutationtest.engine.gregor.mutators.BooleanTrueReturnValsMutator,r_mark_yUz,1126,SURVIVED,none
turkishStemmer.java,org.tartarus.snowball.ext.turkishStemmer,org.pitest.mutationtest.engine.gregor.mutators.BooleanTrueReturnValsMutator,r_mark_yUz,1132,SURVIVED,none
turkishStemmer.java,org.tartarus.snowball.ext.turkishStemmer,org.pitest.mutationtest.engine.gregor.mutators.InlineConstantMutator,r_mark_yUz,1121,SURVIVED,none
turkishStemmer.java,org.tartarus.snowball.ext.turkishStemmer,org.pitest.mutationtest.engine.gregor.mutators.InlineConstantMutator,r_mark_yUz,1124,KILLED,org.tartarus.snowball.ext.turkishStemmer_ESTest.test00
turkishStemmer.java,org.tartarus.snowball.ext.turkishStemmer,org.pitest.mutationtest.engine.gregor.mutators.InlineConstantMutator,r_mark_yUz,1126,SURVIVED,none
turkishStemmer.java,org.tartarus.snowball.ext.turkishStemmer,org.pitest.mutationtest.engine.gregor.mutators.InlineConstantMutator,r_mark_yUz,1132,SURVIVED,none
turkishStemmer.java,org.tartarus.snowball.ext.turkishStemmer,org.pitest.mutationtest.engine.gregor.mutators.InlineConstantMutator,r_mark_yUz,1134,SURVIVED,none
turkishStemmer.java,org.tartarus.snowball.ext.turkishStemmer,org.pitest.mutationtest.engine.gregor.mutators.NegateConditionalsMutator,r_mark_yUz,1119,SURVIVED,none
turkishStemmer.java,org.tartarus.snowball.ext.turkishStemmer,org.pitest.mutationtest.engine.gregor.mutators.NegateConditionalsMutator,r_mark_yUz,1124,SURVIVED,none
turkishStemmer.java,org.tartarus.snowball.ext.turkishStemmer,org.pitest.mutationtest.engine.gregor.mutators.NegateConditionalsMutator,r_mark_yUz,1130,SURVIVED,none
turkishStemmer.java,org.tartarus.snowball.ext.turkishStemmer,org.pitest.mutationtest.engine.gregor.mutators.NonVoidMethodCallMutator,r_mark_yUz,1119,SURVIVED,none
turkishStemmer.java,org.tartarus.snowball.ext.turkishStemmer,org.pitest.mutationtest.engine.gregor.mutators.NonVoidMethodCallMutator,r_mark_yUz,1124,SURVIVED,none
turkishStemmer.java,org.tartarus.snowball.ext.turkishStemmer,org.pitest.mutationtest.engine.gregor.mutators.NonVoidMethodCallMutator,r_mark_yUz,1130,SURVIVED,none
turkishStemmer.java,org.tartarus.snowball.ext.turkishStemmer,org.pitest.mutationtest.engine.gregor.mutators.RemoveConditionalMutator_EQUAL_ELSE,r_mark_yUz,1119,SURVIVED,none
turkishStemmer.java,org.tartarus.snowball.ext.turkishStemmer,org.pitest.mutationtest.engine.gregor.mutators.RemoveConditionalMutator_EQUAL_ELSE,r_mark_yUz,1124,SURVIVED,none
turkishStemmer.java,org.tartarus.snowball.ext.turkishStemmer,org.pitest.mutationtest.engine.gregor.mutators.RemoveConditionalMutator_EQUAL_ELSE,r_mark_yUz,1130,SURVIVED,none
turkishStemmer.java,org.tartarus.snowball.ext.turkishStemmer,org.pitest.mutationtest.engine.gregor.mutators.RemoveConditionalMutator_EQUAL_IF,r_mark_yUz,1119,SURVIVED,none
turkishStemmer.java,org.tartarus.snowball.ext.turkishStemmer,org.pitest.mutationtest.engine.gregor.mutators.RemoveConditionalMutator_EQUAL_IF,r_mark_yUz,1124,SURVIVED,none
turkishStemmer.java,org.tartarus.snowball.ext.turkishStemmer,org.pitest.mutationtest.engine.gregor.mutators.RemoveConditionalMutator_EQUAL_IF,r_mark_yUz,1130,SURVIVED,none
turkishStemmer.java,org.tartarus.snowball.ext.turkishStemmer,org.pitest.mutationtest.engine.gregor.mutators.ReturnValsMutator,r_mark_yUz,1121,SURVIVED,none
turkishStemmer.java,org.tartarus.snowball.ext.turkishStemmer,org.pitest.mutationtest.engine.gregor.mutators.ReturnValsMutator,r_mark_yUz,1126,SURVIVED,none
turkishStemmer.java,org.tartarus.snowball.ext.turkishStemmer,org.pitest.mutationtest.engine.gregor.mutators.ReturnValsMutator,r_mark_yUz,1132,SURVIVED,none
turkishStemmer.java,org.tartarus.snowball.ext.turkishStemmer,org.pitest.mutationtest.engine.gregor.mutators.ReturnValsMutator,r_mark_yUz,1134,SURVIVED,none
turkishStemmer.java,org.tartarus.snowball.ext.turkishStemmer,org.pitest.mutationtest.engine.gregor.mutators.BooleanFalseReturnValsMutator,r_mark_yken,1273,NO_COVERAGE,none
turkishStemmer.java,org.tartarus.snowball.ext.turkishStemmer,org.pitest.mutationtest.engine.gregor.mutators.BooleanTrueReturnValsMutator,r_mark_yken,1265,SURVIVED,none
turkishStemmer.java,org.tartarus.snowball.ext.turkishStemmer,org.pitest.mutationtest.engine.gregor.mutators.BooleanTrueReturnValsMutator,r_mark_yken,1271,NO_COVERAGE,none
turkishStemmer.java,org.tartarus.snowball.ext.turkishStemmer,org.pitest.mutationtest.engine.gregor.mutators.InlineConstantMutator,r_mark_yken,1263,SURVIVED,none
turkishStemmer.java,org.tartarus.snowball.ext.turkishStemmer,org.pitest.mutationtest.engine.gregor.mutators.InlineConstantMutator,r_mark_yken,1265,SURVIVED,none
turkishStemmer.java,org.tartarus.snowball.ext.turkishStemmer,org.pitest.mutationtest.engine.gregor.mutators.InlineConstantMutator,r_mark_yken,1271,NO_COVERAGE,none
turkishStemmer.java,org.tartarus.snowball.ext.turkishStemmer,org.pitest.mutationtest.engine.gregor.mutators.InlineConstantMutator,r_mark_yken,1273,NO_COVERAGE,none
turkishStemmer.java,org.tartarus.snowball.ext.turkishStemmer,org.pitest.mutationtest.engine.gregor.mutators.NegateConditionalsMutator,r_mark_yken,1263,SURVIVED,none
turkishStemmer.java,org.tartarus.snowball.ext.turkishStemmer,org.pitest.mutationtest.engine.gregor.mutators.NegateConditionalsMutator,r_mark_yken,1269,NO_COVERAGE,none
turkishStemmer.java,org.tartarus.snowball.ext.turkishStemmer,org.pitest.mutationtest.engine.gregor.mutators.NonVoidMethodCallMutator,r_mark_yken,1263,SURVIVED,none
turkishStemmer.java,org.tartarus.snowball.ext.turkishStemmer,org.pitest.mutationtest.engine.gregor.mutators.NonVoidMethodCallMutator,r_mark_yken,1269,NO_COVERAGE,none
turkishStemmer.java,org.tartarus.snowball.ext.turkishStemmer,org.pitest.mutationtest.engine.gregor.mutators.RemoveConditionalMutator_EQUAL_ELSE,r_mark_yken,1263,SURVIVED,none
turkishStemmer.java,org.tartarus.snowball.ext.turkishStemmer,org.pitest.mutationtest.engine.gregor.mutators.RemoveConditionalMutator_EQUAL_ELSE,r_mark_yken,1269,NO_COVERAGE,none
turkishStemmer.java,org.tartarus.snowball.ext.turkishStemmer,org.pitest.mutationtest.engine.gregor.mutators.RemoveConditionalMutator_EQUAL_IF,r_mark_yken,1263,SURVIVED,none
turkishStemmer.java,org.tartarus.snowball.ext.turkishStemmer,org.pitest.mutationtest.engine.gregor.mutators.RemoveConditionalMutator_EQUAL_IF,r_mark_yken,1269,NO_COVERAGE,none
turkishStemmer.java,org.tartarus.snowball.ext.turkishStemmer,org.pitest.mutationtest.engine.gregor.mutators.ReturnValsMutator,r_mark_yken,1265,SURVIVED,none
turkishStemmer.java,org.tartarus.snowball.ext.turkishStemmer,org.pitest.mutationtest.engine.gregor.mutators.ReturnValsMutator,r_mark_yken,1271,NO_COVERAGE,none
turkishStemmer.java,org.tartarus.snowball.ext.turkishStemmer,org.pitest.mutationtest.engine.gregor.mutators.ReturnValsMutator,r_mark_yken,1273,NO_COVERAGE,none
turkishStemmer.java,org.tartarus.snowball.ext.turkishStemmer,org.pitest.mutationtest.engine.gregor.mutators.ArgumentPropagationMutator,r_mark_ylA,1036,SURVIVED,none
turkishStemmer.java,org.tartarus.snowball.ext.turkishStemmer,org.pitest.mutationtest.engine.gregor.mutators.BooleanFalseReturnValsMutator,r_mark_ylA,1046,NO_COVERAGE,none
turkishStemmer.java,org.tartarus.snowball.ext.turkishStemmer,org.pitest.mutationtest.engine.gregor.mutators.BooleanTrueReturnValsMutator,r_mark_ylA,1033,SURVIVED,none
turkishStemmer.java,org.tartarus.snowball.ext.turkishStemmer,org.pitest.mutationtest.engine.gregor.mutators.BooleanTrueReturnValsMutator,r_mark_ylA,1038,SURVIVED,none
turkishStemmer.java,org.tartarus.snowball.ext.turkishStemmer,org.pitest.mutationtest.engine.gregor.mutators.BooleanTrueReturnValsMutator,r_mark_ylA,1044,NO_COVERAGE,none
turkishStemmer.java,org.tartarus.snowball.ext.turkishStemmer,org.pitest.mutationtest.engine.gregor.mutators.InlineConstantMutator,r_mark_ylA,1033,SURVIVED,none
turkishStemmer.java,org.tartarus.snowball.ext.turkishStemmer,org.pitest.mutationtest.engine.gregor.mutators.InlineConstantMutator,r_mark_ylA,1036,KILLED,org.tartarus.snowball.ext.turkishStemmer_ESTest.test10
turkishStemmer.java,org.tartarus.snowball.ext.turkishStemmer,org.pitest.mutationtest.engine.gregor.mutators.InlineConstantMutator,r_mark_ylA,1038,SURVIVED,none
turkishStemmer.java,org.tartarus.snowball.ext.turkishStemmer,org.pitest.mutationtest.engine.gregor.mutators.InlineConstantMutator,r_mark_ylA,1044,NO_COVERAGE,none
turkishStemmer.java,org.tartarus.snowball.ext.turkishStemmer,org.pitest.mutationtest.engine.gregor.mutators.InlineConstantMutator,r_mark_ylA,1046,NO_COVERAGE,none
turkishStemmer.java,org.tartarus.snowball.ext.turkishStemmer,org.pitest.mutationtest.engine.gregor.mutators.NegateConditionalsMutator,r_mark_ylA,1031,SURVIVED,none
turkishStemmer.java,org.tartarus.snowball.ext.turkishStemmer,org.pitest.mutationtest.engine.gregor.mutators.NegateConditionalsMutator,r_mark_ylA,1036,SURVIVED,none
turkishStemmer.java,org.tartarus.snowball.ext.turkishStemmer,org.pitest.mutationtest.engine.gregor.mutators.NegateConditionalsMutator,r_mark_ylA,1042,NO_COVERAGE,none
turkishStemmer.java,org.tartarus.snowball.ext.turkishStemmer,org.pitest.mutationtest.engine.gregor.mutators.NonVoidMethodCallMutator,r_mark_ylA,1031,SURVIVED,none
turkishStemmer.java,org.tartarus.snowball.ext.turkishStemmer,org.pitest.mutationtest.engine.gregor.mutators.NonVoidMethodCallMutator,r_mark_ylA,1036,SURVIVED,none
turkishStemmer.java,org.tartarus.snowball.ext.turkishStemmer,org.pitest.mutationtest.engine.gregor.mutators.NonVoidMethodCallMutator,r_mark_ylA,1042,NO_COVERAGE,none
turkishStemmer.java,org.tartarus.snowball.ext.turkishStemmer,org.pitest.mutationtest.engine.gregor.mutators.RemoveConditionalMutator_EQUAL_ELSE,r_mark_ylA,1031,SURVIVED,none
turkishStemmer.java,org.tartarus.snowball.ext.turkishStemmer,org.pitest.mutationtest.engine.gregor.mutators.RemoveConditionalMutator_EQUAL_ELSE,r_mark_ylA,1036,SURVIVED,none
turkishStemmer.java,org.tartarus.snowball.ext.turkishStemmer,org.pitest.mutationtest.engine.gregor.mutators.RemoveConditionalMutator_EQUAL_ELSE,r_mark_ylA,1042,NO_COVERAGE,none
turkishStemmer.java,org.tartarus.snowball.ext.turkishStemmer,org.pitest.mutationtest.engine.gregor.mutators.RemoveConditionalMutator_EQUAL_IF,r_mark_ylA,1031,SURVIVED,none
turkishStemmer.java,org.tartarus.snowball.ext.turkishStemmer,org.pitest.mutationtest.engine.gregor.mutators.RemoveConditionalMutator_EQUAL_IF,r_mark_ylA,1036,SURVIVED,none
turkishStemmer.java,org.tartarus.snowball.ext.turkishStemmer,org.pitest.mutationtest.engine.gregor.mutators.RemoveConditionalMutator_EQUAL_IF,r_mark_ylA,1042,NO_COVERAGE,none
turkishStemmer.java,org.tartarus.snowball.ext.turkishStemmer,org.pitest.mutationtest.engine.gregor.mutators.ReturnValsMutator,r_mark_ylA,1033,SURVIVED,none
turkishStemmer.java,org.tartarus.snowball.ext.turkishStemmer,org.pitest.mutationtest.engine.gregor.mutators.ReturnValsMutator,r_mark_ylA,1038,SURVIVED,none
turkishStemmer.java,org.tartarus.snowball.ext.turkishStemmer,org.pitest.mutationtest.engine.gregor.mutators.ReturnValsMutator,r_mark_ylA,1044,NO_COVERAGE,none
turkishStemmer.java,org.tartarus.snowball.ext.turkishStemmer,org.pitest.mutationtest.engine.gregor.mutators.ReturnValsMutator,r_mark_ylA,1046,NO_COVERAGE,none
turkishStemmer.java,org.tartarus.snowball.ext.turkishStemmer,org.pitest.mutationtest.engine.gregor.mutators.ArgumentPropagationMutator,r_mark_ymUs_,1247,SURVIVED,none
turkishStemmer.java,org.tartarus.snowball.ext.turkishStemmer,org.pitest.mutationtest.engine.gregor.mutators.BooleanFalseReturnValsMutator,r_mark_ymUs_,1257,NO_COVERAGE,none
turkishStemmer.java,org.tartarus.snowball.ext.turkishStemmer,org.pitest.mutationtest.engine.gregor.mutators.BooleanTrueReturnValsMutator,r_mark_ymUs_,1244,SURVIVED,none
turkishStemmer.java,org.tartarus.snowball.ext.turkishStemmer,org.pitest.mutationtest.engine.gregor.mutators.BooleanTrueReturnValsMutator,r_mark_ymUs_,1249,SURVIVED,none
turkishStemmer.java,org.tartarus.snowball.ext.turkishStemmer,org.pitest.mutationtest.engine.gregor.mutators.BooleanTrueReturnValsMutator,r_mark_ymUs_,1255,NO_COVERAGE,none
turkishStemmer.java,org.tartarus.snowball.ext.turkishStemmer,org.pitest.mutationtest.engine.gregor.mutators.InlineConstantMutator,r_mark_ymUs_,1244,SURVIVED,none
turkishStemmer.java,org.tartarus.snowball.ext.turkishStemmer,org.pitest.mutationtest.engine.gregor.mutators.InlineConstantMutator,r_mark_ymUs_,1247,SURVIVED,none
turkishStemmer.java,org.tartarus.snowball.ext.turkishStemmer,org.pitest.mutationtest.engine.gregor.mutators.InlineConstantMutator,r_mark_ymUs_,1249,SURVIVED,none
turkishStemmer.java,org.tartarus.snowball.ext.turkishStemmer,org.pitest.mutationtest.engine.gregor.mutators.InlineConstantMutator,r_mark_ymUs_,1255,NO_COVERAGE,none
turkishStemmer.java,org.tartarus.snowball.ext.turkishStemmer,org.pitest.mutationtest.engine.gregor.mutators.InlineConstantMutator,r_mark_ymUs_,1257,NO_COVERAGE,none
turkishStemmer.java,org.tartarus.snowball.ext.turkishStemmer,org.pitest.mutationtest.engine.gregor.mutators.NegateConditionalsMutator,r_mark_ymUs_,1242,SURVIVED,none
turkishStemmer.java,org.tartarus.snowball.ext.turkishStemmer,org.pitest.mutationtest.engine.gregor.mutators.NegateConditionalsMutator,r_mark_ymUs_,1247,SURVIVED,none
turkishStemmer.java,org.tartarus.snowball.ext.turkishStemmer,org.pitest.mutationtest.engine.gregor.mutators.NegateConditionalsMutator,r_mark_ymUs_,1253,NO_COVERAGE,none
turkishStemmer.java,org.tartarus.snowball.ext.turkishStemmer,org.pitest.mutationtest.engine.gregor.mutators.NonVoidMethodCallMutator,r_mark_ymUs_,1242,SURVIVED,none
turkishStemmer.java,org.tartarus.snowball.ext.turkishStemmer,org.pitest.mutationtest.engine.gregor.mutators.NonVoidMethodCallMutator,r_mark_ymUs_,1247,SURVIVED,none
turkishStemmer.java,org.tartarus.snowball.ext.turkishStemmer,org.pitest.mutationtest.engine.gregor.mutators.NonVoidMethodCallMutator,r_mark_ymUs_,1253,NO_COVERAGE,none
turkishStemmer.java,org.tartarus.snowball.ext.turkishStemmer,org.pitest.mutationtest.engine.gregor.mutators.RemoveConditionalMutator_EQUAL_ELSE,r_mark_ymUs_,1242,SURVIVED,none
turkishStemmer.java,org.tartarus.snowball.ext.turkishStemmer,org.pitest.mutationtest.engine.gregor.mutators.RemoveConditionalMutator_EQUAL_ELSE,r_mark_ymUs_,1247,SURVIVED,none
turkishStemmer.java,org.tartarus.snowball.ext.turkishStemmer,org.pitest.mutationtest.engine.gregor.mutators.RemoveConditionalMutator_EQUAL_ELSE,r_mark_ymUs_,1253,NO_COVERAGE,none
turkishStemmer.java,org.tartarus.snowball.ext.turkishStemmer,org.pitest.mutationtest.engine.gregor.mutators.RemoveConditionalMutator_EQUAL_IF,r_mark_ymUs_,1242,SURVIVED,none
turkishStemmer.java,org.tartarus.snowball.ext.turkishStemmer,org.pitest.mutationtest.engine.gregor.mutators.RemoveConditionalMutator_EQUAL_IF,r_mark_ymUs_,1247,SURVIVED,none
turkishStemmer.java,org.tartarus.snowball.ext.turkishStemmer,org.pitest.mutationtest.engine.gregor.mutators.RemoveConditionalMutator_EQUAL_IF,r_mark_ymUs_,1253,NO_COVERAGE,none
turkishStemmer.java,org.tartarus.snowball.ext.turkishStemmer,org.pitest.mutationtest.engine.gregor.mutators.ReturnValsMutator,r_mark_ymUs_,1244,SURVIVED,none
turkishStemmer.java,org.tartarus.snowball.ext.turkishStemmer,org.pitest.mutationtest.engine.gregor.mutators.ReturnValsMutator,r_mark_ymUs_,1249,SURVIVED,none
turkishStemmer.java,org.tartarus.snowball.ext.turkishStemmer,org.pitest.mutationtest.engine.gregor.mutators.ReturnValsMutator,r_mark_ymUs_,1255,NO_COVERAGE,none
turkishStemmer.java,org.tartarus.snowball.ext.turkishStemmer,org.pitest.mutationtest.engine.gregor.mutators.ReturnValsMutator,r_mark_ymUs_,1257,NO_COVERAGE,none
turkishStemmer.java,org.tartarus.snowball.ext.turkishStemmer,org.pitest.mutationtest.engine.gregor.mutators.ArgumentPropagationMutator,r_mark_ysA,1226,SURVIVED,none
turkishStemmer.java,org.tartarus.snowball.ext.turkishStemmer,org.pitest.mutationtest.engine.gregor.mutators.BooleanFalseReturnValsMutator,r_mark_ysA,1236,NO_COVERAGE,none
turkishStemmer.java,org.tartarus.snowball.ext.turkishStemmer,org.pitest.mutationtest.engine.gregor.mutators.BooleanTrueReturnValsMutator,r_mark_ysA,1228,SURVIVED,none
turkishStemmer.java,org.tartarus.snowball.ext.turkishStemmer,org.pitest.mutationtest.engine.gregor.mutators.BooleanTrueReturnValsMutator,r_mark_ysA,1234,NO_COVERAGE,none
turkishStemmer.java,org.tartarus.snowball.ext.turkishStemmer,org.pitest.mutationtest.engine.gregor.mutators.InlineConstantMutator,r_mark_ysA,1226,KILLED,org.tartarus.snowball.ext.turkishStemmer_ESTest.test11
turkishStemmer.java,org.tartarus.snowball.ext.turkishStemmer,org.pitest.mutationtest.engine.gregor.mutators.InlineConstantMutator,r_mark_ysA,1228,SURVIVED,none
turkishStemmer.java,org.tartarus.snowball.ext.turkishStemmer,org.pitest.mutationtest.engine.gregor.mutators.InlineConstantMutator,r_mark_ysA,1234,NO_COVERAGE,none
turkishStemmer.java,org.tartarus.snowball.ext.turkishStemmer,org.pitest.mutationtest.engine.gregor.mutators.InlineConstantMutator,r_mark_ysA,1236,NO_COVERAGE,none
turkishStemmer.java,org.tartarus.snowball.ext.turkishStemmer,org.pitest.mutationtest.engine.gregor.mutators.NegateConditionalsMutator,r_mark_ysA,1226,SURVIVED,none
turkishStemmer.java,org.tartarus.snowball.ext.turkishStemmer,org.pitest.mutationtest.engine.gregor.mutators.NegateConditionalsMutator,r_mark_ysA,1232,NO_COVERAGE,none
turkishStemmer.java,org.tartarus.snowball.ext.turkishStemmer,org.pitest.mutationtest.engine.gregor.mutators.NonVoidMethodCallMutator,r_mark_ysA,1226,SURVIVED,none
turkishStemmer.java,org.tartarus.snowball.ext.turkishStemmer,org.pitest.mutationtest.engine.gregor.mutators.NonVoidMethodCallMutator,r_mark_ysA,1232,NO_COVERAGE,none
turkishStemmer.java,org.tartarus.snowball.ext.turkishStemmer,org.pitest.mutationtest.engine.gregor.mutators.RemoveConditionalMutator_EQUAL_ELSE,r_mark_ysA,1226,SURVIVED,none
turkishStemmer.java,org.tartarus.snowball.ext.turkishStemmer,org.pitest.mutationtest.engine.gregor.mutators.RemoveConditionalMutator_EQUAL_ELSE,r_mark_ysA,1232,NO_COVERAGE,none
turkishStemmer.java,org.tartarus.snowball.ext.turkishStemmer,org.pitest.mutationtest.engine.gregor.mutators.RemoveConditionalMutator_EQUAL_IF,r_mark_ysA,1226,SURVIVED,none
turkishStemmer.java,org.tartarus.snowball.ext.turkishStemmer,org.pitest.mutationtest.engine.gregor.mutators.RemoveConditionalMutator_EQUAL_IF,r_mark_ysA,1232,NO_COVERAGE,none
turkishStemmer.java,org.tartarus.snowball.ext.turkishStemmer,org.pitest.mutationtest.engine.gregor.mutators.ReturnValsMutator,r_mark_ysA,1228,SURVIVED,none
turkishStemmer.java,org.tartarus.snowball.ext.turkishStemmer,org.pitest.mutationtest.engine.gregor.mutators.ReturnValsMutator,r_mark_ysA,1234,NO_COVERAGE,none
turkishStemmer.java,org.tartarus.snowball.ext.turkishStemmer,org.pitest.mutationtest.engine.gregor.mutators.ReturnValsMutator,r_mark_ysA,1236,NO_COVERAGE,none
turkishStemmer.java,org.tartarus.snowball.ext.turkishStemmer,org.pitest.mutationtest.engine.gregor.mutators.BooleanFalseReturnValsMutator,r_more_than_one_syllable_word,2968,KILLED,org.tartarus.snowball.ext.turkishStemmer_ESTest.test11
turkishStemmer.java,org.tartarus.snowball.ext.turkishStemmer,org.pitest.mutationtest.engine.gregor.mutators.BooleanTrueReturnValsMutator,r_more_than_one_syllable_word,2964,KILLED,org.tartarus.snowball.ext.turkishStemmer_ESTest.test04
turkishStemmer.java,org.tartarus.snowball.ext.turkishStemmer,org.pitest.mutationtest.engine.gregor.mutators.ConditionalsBoundaryMutator,r_more_than_one_syllable_word,2950,SURVIVED,none
turkishStemmer.java,org.tartarus.snowball.ext.turkishStemmer,org.pitest.mutationtest.engine.gregor.mutators.ConditionalsBoundaryMutator,r_more_than_one_syllable_word,2962,KILLED,org.tartarus.snowball.ext.turkishStemmer_ESTest.test11
turkishStemmer.java,org.tartarus.snowball.ext.turkishStemmer,org.pitest.mutationtest.engine.gregor.mutators.IncrementsMutator,r_more_than_one_syllable_word,2956,KILLED,org.tartarus.snowball.ext.turkishStemmer_ESTest.test11
turkishStemmer.java,org.tartarus.snowball.ext.turkishStemmer,org.pitest.mutationtest.engine.gregor.mutators.InlineConstantMutator,r_more_than_one_syllable_word,2933,KILLED,org.tartarus.snowball.ext.turkishStemmer_ESTest.test11
turkishStemmer.java,org.tartarus.snowball.ext.turkishStemmer,org.pitest.mutationtest.engine.gregor.mutators.InlineConstantMutator,r_more_than_one_syllable_word,2944,KILLED,org.tartarus.snowball.ext.turkishStemmer_ESTest.test11
turkishStemmer.java,org.tartarus.snowball.ext.turkishStemmer,org.pitest.mutationtest.engine.gregor.mutators.InlineConstantMutator,r_more_than_one_syllable_word,2944,SURVIVED,none
turkishStemmer.java,org.tartarus.snowball.ext.turkishStemmer,org.pitest.mutationtest.engine.gregor.mutators.InlineConstantMutator,r_more_than_one_syllable_word,2954,TIMED_OUT,none
turkishStemmer.java,org.tartarus.snowball.ext.turkishStemmer,org.pitest.mutationtest.engine.gregor.mutators.InlineConstantMutator,r_more_than_one_syllable_word,2964,KILLED,org.tartarus.snowball.ext.turkishStemmer_ESTest.test04
turkishStemmer.java,org.tartarus.snowball.ext.turkishStemmer,org.pitest.mutationtest.engine.gregor.mutators.InlineConstantMutator,r_more_than_one_syllable_word,2968,KILLED,org.tartarus.snowball.ext.turkishStemmer_ESTest.test11
turkishStemmer.java,org.tartarus.snowball.ext.turkishStemmer,org.pitest.mutationtest.engine.gregor.mutators.MathMutator,r_more_than_one_syllable_word,2954,KILLED,org.tartarus.snowball.ext.turkishStemmer_ESTest.test11
turkishStemmer.java,org.tartarus.snowball.ext.turkishStemmer,org.pitest.mutationtest.engine.gregor.mutators.NegateConditionalsMutator,r_more_than_one_syllable_word,2944,KILLED,org.tartarus.snowball.ext.turkishStemmer_ESTest.test04
turkishStemmer.java,org.tartarus.snowball.ext.turkishStemmer,org.pitest.mutationtest.engine.gregor.mutators.NegateConditionalsMutator,r_more_than_one_syllable_word,2950,TIMED_OUT,none
turkishStemmer.java,org.tartarus.snowball.ext.turkishStemmer,org.pitest.mutationtest.engine.gregor.mutators.NegateConditionalsMutator,r_more_than_one_syllable_word,2962,KILLED,org.tartarus.snowball.ext.turkishStemmer_ESTest.test04
turkishStemmer.java,org.tartarus.snowball.ext.turkishStemmer,org.pitest.mutationtest.engine.gregor.mutators.NonVoidMethodCallMutator,r_more_than_one_syllable_word,2944,KILLED,org.tartarus.snowball.ext.turkishStemmer_ESTest.test02
turkishStemmer.java,org.tartarus.snowball.ext.turkishStemmer,org.pitest.mutationtest.engine.gregor.mutators.RemoveConditionalMutator_EQUAL_ELSE,r_more_than_one_syllable_word,2944,KILLED,org.tartarus.snowball.ext.turkishStemmer_ESTest.test04
turkishStemmer.java,org.tartarus.snowball.ext.turkishStemmer,org.pitest.mutationtest.engine.gregor.mutators.RemoveConditionalMutator_EQUAL_IF,r_more_than_one_syllable_word,2944,KILLED,org.tartarus.snowball.ext.turkishStemmer_ESTest.test11
turkishStemmer.java,org.tartarus.snowball.ext.turkishStemmer,org.pitest.mutationtest.engine.gregor.mutators.RemoveConditionalMutator_ORDER_ELSE,r_more_than_one_syllable_word,2950,TIMED_OUT,none
turkishStemmer.java,org.tartarus.snowball.ext.turkishStemmer,org.pitest.mutationtest.engine.gregor.mutators.RemoveConditionalMutator_ORDER_ELSE,r_more_than_one_syllable_word,2962,KILLED,org.tartarus.snowball.ext.turkishStemmer_ESTest.test04
turkishStemmer.java,org.tartarus.snowball.ext.turkishStemmer,org.pitest.mutationtest.engine.gregor.mutators.RemoveConditionalMutator_ORDER_IF,r_more_than_one_syllable_word,2950,KILLED,org.tartarus.snowball.ext.turkishStemmer_ESTest.test11
turkishStemmer.java,org.tartarus.snowball.ext.turkishStemmer,org.pitest.mutationtest.engine.gregor.mutators.RemoveConditionalMutator_ORDER_IF,r_more_than_one_syllable_word,2962,KILLED,org.tartarus.snowball.ext.turkishStemmer_ESTest.test11
turkishStemmer.java,org.tartarus.snowball.ext.turkishStemmer,org.pitest.mutationtest.engine.gregor.mutators.ReturnValsMutator,r_more_than_one_syllable_word,2964,KILLED,org.tartarus.snowball.ext.turkishStemmer_ESTest.test04
turkishStemmer.java,org.tartarus.snowball.ext.turkishStemmer,org.pitest.mutationtest.engine.gregor.mutators.ReturnValsMutator,r_more_than_one_syllable_word,2968,KILLED,org.tartarus.snowball.ext.turkishStemmer_ESTest.test11
turkishStemmer.java,org.tartarus.snowball.ext.turkishStemmer,org.pitest.mutationtest.engine.gregor.mutators.experimental.MemberVariableMutator,r_more_than_one_syllable_word,2954,TIMED_OUT,none
turkishStemmer.java,org.tartarus.snowball.ext.turkishStemmer,org.pitest.mutationtest.engine.gregor.mutators.experimental.MemberVariableMutator,r_more_than_one_syllable_word,2959,SURVIVED,none
turkishStemmer.java,org.tartarus.snowball.ext.turkishStemmer,org.pitest.mutationtest.engine.gregor.mutators.experimental.MemberVariableMutator,r_more_than_one_syllable_word,2967,KILLED,org.tartarus.snowball.ext.turkishStemmer_ESTest.test17
turkishStemmer.java,org.tartarus.snowball.ext.turkishStemmer,org.pitest.mutationtest.engine.gregor.mutators.experimental.RemoveIncrementsMutator,r_more_than_one_syllable_word,2956,KILLED,org.tartarus.snowball.ext.turkishStemmer_ESTest.test11
turkishStemmer.java,org.tartarus.snowball.ext.turkishStemmer,org.pitest.mutationtest.engine.gregor.mutators.ArgumentPropagationMutator,r_post_process_last_consonants,2636,SURVIVED,none
turkishStemmer.java,org.tartarus.snowball.ext.turkishStemmer,org.pitest.mutationtest.engine.gregor.mutators.BooleanFalseReturnValsMutator,r_post_process_last_consonants,2667,SURVIVED,none
turkishStemmer.java,org.tartarus.snowball.ext.turkishStemmer,org.pitest.mutationtest.engine.gregor.mutators.BooleanTrueReturnValsMutator,r_post_process_last_consonants,2639,SURVIVED,none
turkishStemmer.java,org.tartarus.snowball.ext.turkishStemmer,org.pitest.mutationtest.engine.gregor.mutators.BooleanTrueReturnValsMutator,r_post_process_last_consonants,2645,NO_COVERAGE,none
turkishStemmer.java,org.tartarus.snowball.ext.turkishStemmer,org.pitest.mutationtest.engine.gregor.mutators.InlineConstantMutator,r_post_process_last_consonants,2636,SURVIVED,none
turkishStemmer.java,org.tartarus.snowball.ext.turkishStemmer,org.pitest.mutationtest.engine.gregor.mutators.InlineConstantMutator,r_post_process_last_consonants,2639,SURVIVED,none
turkishStemmer.java,org.tartarus.snowball.ext.turkishStemmer,org.pitest.mutationtest.engine.gregor.mutators.InlineConstantMutator,r_post_process_last_consonants,2645,NO_COVERAGE,none
turkishStemmer.java,org.tartarus.snowball.ext.turkishStemmer,org.pitest.mutationtest.engine.gregor.mutators.InlineConstantMutator,r_post_process_last_consonants,2667,SURVIVED,none
turkishStemmer.java,org.tartarus.snowball.ext.turkishStemmer,org.pitest.mutationtest.engine.gregor.mutators.NegateConditionalsMutator,r_post_process_last_consonants,2637,SURVIVED,none
turkishStemmer.java,org.tartarus.snowball.ext.turkishStemmer,org.pitest.mutationtest.engine.gregor.mutators.NonVoidMethodCallMutator,r_post_process_last_consonants,2636,SURVIVED,none
turkishStemmer.java,org.tartarus.snowball.ext.turkishStemmer,org.pitest.mutationtest.engine.gregor.mutators.RemoveConditionalMutator_EQUAL_ELSE,r_post_process_last_consonants,2637,SURVIVED,none
turkishStemmer.java,org.tartarus.snowball.ext.turkishStemmer,org.pitest.mutationtest.engine.gregor.mutators.RemoveConditionalMutator_EQUAL_IF,r_post_process_last_consonants,2637,SURVIVED,none
turkishStemmer.java,org.tartarus.snowball.ext.turkishStemmer,org.pitest.mutationtest.engine.gregor.mutators.ReturnValsMutator,r_post_process_last_consonants,2639,SURVIVED,none
turkishStemmer.java,org.tartarus.snowball.ext.turkishStemmer,org.pitest.mutationtest.engine.gregor.mutators.ReturnValsMutator,r_post_process_last_consonants,2645,NO_COVERAGE,none
turkishStemmer.java,org.tartarus.snowball.ext.turkishStemmer,org.pitest.mutationtest.engine.gregor.mutators.ReturnValsMutator,r_post_process_last_consonants,2667,SURVIVED,none
turkishStemmer.java,org.tartarus.snowball.ext.turkishStemmer,org.pitest.mutationtest.engine.gregor.mutators.VoidMethodCallMutator,r_post_process_last_consonants,2649,SURVIVED,none
turkishStemmer.java,org.tartarus.snowball.ext.turkishStemmer,org.pitest.mutationtest.engine.gregor.mutators.VoidMethodCallMutator,r_post_process_last_consonants,2654,NO_COVERAGE,none
turkishStemmer.java,org.tartarus.snowball.ext.turkishStemmer,org.pitest.mutationtest.engine.gregor.mutators.VoidMethodCallMutator,r_post_process_last_consonants,2659,NO_COVERAGE,none
turkishStemmer.java,org.tartarus.snowball.ext.turkishStemmer,org.pitest.mutationtest.engine.gregor.mutators.VoidMethodCallMutator,r_post_process_last_consonants,2664,NO_COVERAGE,none
turkishStemmer.java,org.tartarus.snowball.ext.turkishStemmer,org.pitest.mutationtest.engine.gregor.mutators.experimental.MemberVariableMutator,r_post_process_last_consonants,2634,SURVIVED,none
turkishStemmer.java,org.tartarus.snowball.ext.turkishStemmer,org.pitest.mutationtest.engine.gregor.mutators.experimental.MemberVariableMutator,r_post_process_last_consonants,2642,SURVIVED,none
turkishStemmer.java,org.tartarus.snowball.ext.turkishStemmer,org.pitest.mutationtest.engine.gregor.mutators.experimental.RemoveSwitchMutator_0,r_post_process_last_consonants,2643,SURVIVED,none
turkishStemmer.java,org.tartarus.snowball.ext.turkishStemmer,org.pitest.mutationtest.engine.gregor.mutators.experimental.RemoveSwitchMutator_1,r_post_process_last_consonants,2643,SURVIVED,none
turkishStemmer.java,org.tartarus.snowball.ext.turkishStemmer,org.pitest.mutationtest.engine.gregor.mutators.experimental.RemoveSwitchMutator_2,r_post_process_last_consonants,2643,SURVIVED,none
turkishStemmer.java,org.tartarus.snowball.ext.turkishStemmer,org.pitest.mutationtest.engine.gregor.mutators.experimental.RemoveSwitchMutator_3,r_post_process_last_consonants,2643,SURVIVED,none
turkishStemmer.java,org.tartarus.snowball.ext.turkishStemmer,org.pitest.mutationtest.engine.gregor.mutators.experimental.RemoveSwitchMutator_4,r_post_process_last_consonants,2643,SURVIVED,none
turkishStemmer.java,org.tartarus.snowball.ext.turkishStemmer,org.pitest.mutationtest.engine.gregor.mutators.experimental.SwitchMutator,r_post_process_last_consonants,2643,SURVIVED,none
turkishStemmer.java,org.tartarus.snowball.ext.turkishStemmer,org.pitest.mutationtest.engine.gregor.mutators.BooleanFalseReturnValsMutator,r_postlude,3085,KILLED,org.tartarus.snowball.ext.turkishStemmer_ESTest.test11
turkishStemmer.java,org.tartarus.snowball.ext.turkishStemmer,org.pitest.mutationtest.engine.gregor.mutators.BooleanTrueReturnValsMutator,r_postlude,3058,NO_COVERAGE,none
turkishStemmer.java,org.tartarus.snowball.ext.turkishStemmer,org.pitest.mutationtest.engine.gregor.mutators.InlineConstantMutator,r_postlude,3058,NO_COVERAGE,none
turkishStemmer.java,org.tartarus.snowball.ext.turkishStemmer,org.pitest.mutationtest.engine.gregor.mutators.InlineConstantMutator,r_postlude,3085,KILLED,org.tartarus.snowball.ext.turkishStemmer_ESTest.test11
turkishStemmer.java,org.tartarus.snowball.ext.turkishStemmer,org.pitest.mutationtest.engine.gregor.mutators.MathMutator,r_postlude,3066,KILLED,org.tartarus.snowball.ext.turkishStemmer_ESTest.test11
turkishStemmer.java,org.tartarus.snowball.ext.turkishStemmer,org.pitest.mutationtest.engine.gregor.mutators.MathMutator,r_postlude,3074,SURVIVED,none
turkishStemmer.java,org.tartarus.snowball.ext.turkishStemmer,org.pitest.mutationtest.engine.gregor.mutators.MathMutator,r_postlude,3076,SURVIVED,none
turkishStemmer.java,org.tartarus.snowball.ext.turkishStemmer,org.pitest.mutationtest.engine.gregor.mutators.MathMutator,r_postlude,3084,SURVIVED,none
turkishStemmer.java,org.tartarus.snowball.ext.turkishStemmer,org.pitest.mutationtest.engine.gregor.mutators.NegateConditionalsMutator,r_postlude,3054,KILLED,org.tartarus.snowball.ext.turkishStemmer_ESTest.test11
turkishStemmer.java,org.tartarus.snowball.ext.turkishStemmer,org.pitest.mutationtest.engine.gregor.mutators.NegateConditionalsMutator,r_postlude,3069,SURVIVED,none
turkishStemmer.java,org.tartarus.snowball.ext.turkishStemmer,org.pitest.mutationtest.engine.gregor.mutators.NegateConditionalsMutator,r_postlude,3079,SURVIVED,none
turkishStemmer.java,org.tartarus.snowball.ext.turkishStemmer,org.pitest.mutationtest.engine.gregor.mutators.NonVoidMethodCallMutator,r_postlude,3054,SURVIVED,none
turkishStemmer.java,org.tartarus.snowball.ext.turkishStemmer,org.pitest.mutationtest.engine.gregor.mutators.NonVoidMethodCallMutator,r_postlude,3069,SURVIVED,none
turkishStemmer.java,org.tartarus.snowball.ext.turkishStemmer,org.pitest.mutationtest.engine.gregor.mutators.NonVoidMethodCallMutator,r_postlude,3079,SURVIVED,none
turkishStemmer.java,org.tartarus.snowball.ext.turkishStemmer,org.pitest.mutationtest.engine.gregor.mutators.RemoveConditionalMutator_EQUAL_ELSE,r_postlude,3054,KILLED,org.tartarus.snowball.ext.turkishStemmer_ESTest.test11
turkishStemmer.java,org.tartarus.snowball.ext.turkishStemmer,org.pitest.mutationtest.engine.gregor.mutators.RemoveConditionalMutator_EQUAL_ELSE,r_postlude,3069,SURVIVED,none
turkishStemmer.java,org.tartarus.snowball.ext.turkishStemmer,org.pitest.mutationtest.engine.gregor.mutators.RemoveConditionalMutator_EQUAL_ELSE,r_postlude,3079,SURVIVED,none
turkishStemmer.java,org.tartarus.snowball.ext.turkishStemmer,org.pitest.mutationtest.engine.gregor.mutators.RemoveConditionalMutator_EQUAL_IF,r_postlude,3054,SURVIVED,none
turkishStemmer.java,org.tartarus.snowball.ext.turkishStemmer,org.pitest.mutationtest.engine.gregor.mutators.RemoveConditionalMutator_EQUAL_IF,r_postlude,3069,SURVIVED,none
turkishStemmer.java,org.tartarus.snowball.ext.turkishStemmer,org.pitest.mutationtest.engine.gregor.mutators.RemoveConditionalMutator_EQUAL_IF,r_postlude,3079,SURVIVED,none
turkishStemmer.java,org.tartarus.snowball.ext.turkishStemmer,org.pitest.mutationtest.engine.gregor.mutators.ReturnValsMutator,r_postlude,3058,NO_COVERAGE,none
turkishStemmer.java,org.tartarus.snowball.ext.turkishStemmer,org.pitest.mutationtest.engine.gregor.mutators.ReturnValsMutator,r_postlude,3085,KILLED,org.tartarus.snowball.ext.turkishStemmer_ESTest.test11
turkishStemmer.java,org.tartarus.snowball.ext.turkishStemmer,org.pitest.mutationtest.engine.gregor.mutators.experimental.MemberVariableMutator,r_postlude,3060,KILLED,org.tartarus.snowball.ext.turkishStemmer_ESTest.test17
turkishStemmer.java,org.tartarus.snowball.ext.turkishStemmer,org.pitest.mutationtest.engine.gregor.mutators.experimental.MemberVariableMutator,r_postlude,3063,SURVIVED,none
turkishStemmer.java,org.tartarus.snowball.ext.turkishStemmer,org.pitest.mutationtest.engine.gregor.mutators.experimental.MemberVariableMutator,r_postlude,3063,SURVIVED,none
turkishStemmer.java,org.tartarus.snowball.ext.turkishStemmer,org.pitest.mutationtest.engine.gregor.mutators.experimental.MemberVariableMutator,r_postlude,3074,SURVIVED,none
turkishStemmer.java,org.tartarus.snowball.ext.turkishStemmer,org.pitest.mutationtest.engine.gregor.mutators.experimental.MemberVariableMutator,r_postlude,3084,SURVIVED,none
turkishStemmer.java,org.tartarus.snowball.ext.turkishStemmer,org.pitest.mutationtest.engine.gregor.mutators.experimental.MemberVariableMutator,r_postlude,3085,KILLED,org.tartarus.snowball.ext.turkishStemmer_ESTest.test17
turkishStemmer.java,org.tartarus.snowball.ext.turkishStemmer,org.pitest.mutationtest.engine.gregor.mutators.BooleanFalseReturnValsMutator,r_stem_nominal_verb_suffixes,1628,SURVIVED,none
turkishStemmer.java,org.tartarus.snowball.ext.turkishStemmer,org.pitest.mutationtest.engine.gregor.mutators.BooleanTrueReturnValsMutator,r_stem_nominal_verb_suffixes,1554,SURVIVED,none
turkishStemmer.java,org.tartarus.snowball.ext.turkishStemmer,org.pitest.mutationtest.engine.gregor.mutators.InlineConstantMutator,r_stem_nominal_verb_suffixes,1291,KILLED,org.tartarus.snowball.ext.turkishStemmer_ESTest.test11
turkishStemmer.java,org.tartarus.snowball.ext.turkishStemmer,org.pitest.mutationtest.engine.gregor.mutators.InlineConstantMutator,r_stem_nominal_verb_suffixes,1458,NO_COVERAGE,none
turkishStemmer.java,org.tartarus.snowball.ext.turkishStemmer,org.pitest.mutationtest.engine.gregor.mutators.InlineConstantMutator,r_stem_nominal_verb_suffixes,1554,SURVIVED,none
turkishStemmer.java,org.tartarus.snowball.ext.turkishStemmer,org.pitest.mutationtest.engine.gregor.mutators.InlineConstantMutator,r_stem_nominal_verb_suffixes,1628,SURVIVED,none
turkishStemmer.java,org.tartarus.snowball.ext.turkishStemmer,org.pitest.mutationtest.engine.gregor.mutators.MathMutator,r_stem_nominal_verb_suffixes,1294,KILLED,org.tartarus.snowball.ext.turkishStemmer_ESTest.test11
turkishStemmer.java,org.tartarus.snowball.ext.turkishStemmer,org.pitest.mutationtest.engine.gregor.mutators.MathMutator,r_stem_nominal_verb_suffixes,1299,KILLED,org.tartarus.snowball.ext.turkishStemmer_ESTest.test11
turkishStemmer.java,org.tartarus.snowball.ext.turkishStemmer,org.pitest.mutationtest.engine.gregor.mutators.MathMutator,r_stem_nominal_verb_suffixes,1308,SURVIVED,none
turkishStemmer.java,org.tartarus.snowball.ext.turkishStemmer,org.pitest.mutationtest.engine.gregor.mutators.MathMutator,r_stem_nominal_verb_suffixes,1317,SURVIVED,none
turkishStemmer.java,org.tartarus.snowball.ext.turkishStemmer,org.pitest.mutationtest.engine.gregor.mutators.MathMutator,r_stem_nominal_verb_suffixes,1326,SURVIVED,none
turkishStemmer.java,org.tartarus.snowball.ext.turkishStemmer,org.pitest.mutationtest.engine.gregor.mutators.MathMutator,r_stem_nominal_verb_suffixes,1335,SURVIVED,none
turkishStemmer.java,org.tartarus.snowball.ext.turkishStemmer,org.pitest.mutationtest.engine.gregor.mutators.MathMutator,r_stem_nominal_verb_suffixes,1346,NO_COVERAGE,none
turkishStemmer.java,org.tartarus.snowball.ext.turkishStemmer,org.pitest.mutationtest.engine.gregor.mutators.MathMutator,r_stem_nominal_verb_suffixes,1355,NO_COVERAGE,none
turkishStemmer.java,org.tartarus.snowball.ext.turkishStemmer,org.pitest.mutationtest.engine.gregor.mutators.MathMutator,r_stem_nominal_verb_suffixes,1364,NO_COVERAGE,none
turkishStemmer.java,org.tartarus.snowball.ext.turkishStemmer,org.pitest.mutationtest.engine.gregor.mutators.MathMutator,r_stem_nominal_verb_suffixes,1373,NO_COVERAGE,none
turkishStemmer.java,org.tartarus.snowball.ext.turkishStemmer,org.pitest.mutationtest.engine.gregor.mutators.MathMutator,r_stem_nominal_verb_suffixes,1382,NO_COVERAGE,none
turkishStemmer.java,org.tartarus.snowball.ext.turkishStemmer,org.pitest.mutationtest.engine.gregor.mutators.MathMutator,r_stem_nominal_verb_suffixes,1391,NO_COVERAGE,none
turkishStemmer.java,org.tartarus.snowball.ext.turkishStemmer,org.pitest.mutationtest.engine.gregor.mutators.MathMutator,r_stem_nominal_verb_suffixes,1400,SURVIVED,none
turkishStemmer.java,org.tartarus.snowball.ext.turkishStemmer,org.pitest.mutationtest.engine.gregor.mutators.MathMutator,r_stem_nominal_verb_suffixes,1413,NO_COVERAGE,none
turkishStemmer.java,org.tartarus.snowball.ext.turkishStemmer,org.pitest.mutationtest.engine.gregor.mutators.MathMutator,r_stem_nominal_verb_suffixes,1421,NO_COVERAGE,none
turkishStemmer.java,org.tartarus.snowball.ext.turkishStemmer,org.pitest.mutationtest.engine.gregor.mutators.MathMutator,r_stem_nominal_verb_suffixes,1430,NO_COVERAGE,none
turkishStemmer.java,org.tartarus.snowball.ext.turkishStemmer,org.pitest.mutationtest.engine.gregor.mutators.MathMutator,r_stem_nominal_verb_suffixes,1439,NO_COVERAGE,none
turkishStemmer.java,org.tartarus.snowball.ext.turkishStemmer,org.pitest.mutationtest.engine.gregor.mutators.MathMutator,r_stem_nominal_verb_suffixes,1448,NO_COVERAGE,none
turkishStemmer.java,org.tartarus.snowball.ext.turkishStemmer,org.pitest.mutationtest.engine.gregor.mutators.MathMutator,r_stem_nominal_verb_suffixes,1452,NO_COVERAGE,none
turkishStemmer.java,org.tartarus.snowball.ext.turkishStemmer,org.pitest.mutationtest.engine.gregor.mutators.MathMutator,r_stem_nominal_verb_suffixes,1461,SURVIVED,none
turkishStemmer.java,org.tartarus.snowball.ext.turkishStemmer,org.pitest.mutationtest.engine.gregor.mutators.MathMutator,r_stem_nominal_verb_suffixes,1472,KILLED,org.tartarus.snowball.ext.turkishStemmer_ESTest.test08
turkishStemmer.java,org.tartarus.snowball.ext.turkishStemmer,org.pitest.mutationtest.engine.gregor.mutators.MathMutator,r_stem_nominal_verb_suffixes,1481,KILLED,org.tartarus.snowball.ext.turkishStemmer_ESTest.test08
turkishStemmer.java,org.tartarus.snowball.ext.turkishStemmer,org.pitest.mutationtest.engine.gregor.mutators.MathMutator,r_stem_nominal_verb_suffixes,1490,SURVIVED,none
turkishStemmer.java,org.tartarus.snowball.ext.turkishStemmer,org.pitest.mutationtest.engine.gregor.mutators.MathMutator,r_stem_nominal_verb_suffixes,1496,SURVIVED,none
turkishStemmer.java,org.tartarus.snowball.ext.turkishStemmer,org.pitest.mutationtest.engine.gregor.mutators.MathMutator,r_stem_nominal_verb_suffixes,1505,SURVIVED,none
turkishStemmer.java,org.tartarus.snowball.ext.turkishStemmer,org.pitest.mutationtest.engine.gregor.mutators.MathMutator,r_stem_nominal_verb_suffixes,1514,SURVIVED,none
turkishStemmer.java,org.tartarus.snowball.ext.turkishStemmer,org.pitest.mutationtest.engine.gregor.mutators.MathMutator,r_stem_nominal_verb_suffixes,1523,SURVIVED,none
turkishStemmer.java,org.tartarus.snowball.ext.turkishStemmer,org.pitest.mutationtest.engine.gregor.mutators.MathMutator,r_stem_nominal_verb_suffixes,1535,KILLED,org.tartarus.snowball.ext.turkishStemmer_ESTest.test08
turkishStemmer.java,org.tartarus.snowball.ext.turkishStemmer,org.pitest.mutationtest.engine.gregor.mutators.MathMutator,r_stem_nominal_verb_suffixes,1543,SURVIVED,none
turkishStemmer.java,org.tartarus.snowball.ext.turkishStemmer,org.pitest.mutationtest.engine.gregor.mutators.MathMutator,r_stem_nominal_verb_suffixes,1549,SURVIVED,none
turkishStemmer.java,org.tartarus.snowball.ext.turkishStemmer,org.pitest.mutationtest.engine.gregor.mutators.MathMutator,r_stem_nominal_verb_suffixes,1561,NO_COVERAGE,none
turkishStemmer.java,org.tartarus.snowball.ext.turkishStemmer,org.pitest.mutationtest.engine.gregor.mutators.MathMutator,r_stem_nominal_verb_suffixes,1569,NO_COVERAGE,none
turkishStemmer.java,org.tartarus.snowball.ext.turkishStemmer,org.pitest.mutationtest.engine.gregor.mutators.MathMutator,r_stem_nominal_verb_suffixes,1578,NO_COVERAGE,none
turkishStemmer.java,org.tartarus.snowball.ext.turkishStemmer,org.pitest.mutationtest.engine.gregor.mutators.MathMutator,r_stem_nominal_verb_suffixes,1587,NO_COVERAGE,none
turkishStemmer.java,org.tartarus.snowball.ext.turkishStemmer,org.pitest.mutationtest.engine.gregor.mutators.MathMutator,r_stem_nominal_verb_suffixes,1596,NO_COVERAGE,none
turkishStemmer.java,org.tartarus.snowball.ext.turkishStemmer,org.pitest.mutationtest.engine.gregor.mutators.MathMutator,r_stem_nominal_verb_suffixes,1605,NO_COVERAGE,none
turkishStemmer.java,org.tartarus.snowball.ext.turkishStemmer,org.pitest.mutationtest.engine.gregor.mutators.MathMutator,r_stem_nominal_verb_suffixes,1614,NO_COVERAGE,none
turkishStemmer.java,org.tartarus.snowball.ext.turkishStemmer,org.pitest.mutationtest.engine.gregor.mutators.MathMutator,r_stem_nominal_verb_suffixes,1619,NO_COVERAGE,none
turkishStemmer.java,org.tartarus.snowball.ext.turkishStemmer,org.pitest.mutationtest.engine.gregor.mutators.NegateConditionalsMutator,r_stem_nominal_verb_suffixes,1302,SURVIVED,none
turkishStemmer.java,org.tartarus.snowball.ext.turkishStemmer,org.pitest.mutationtest.engine.gregor.mutators.NegateConditionalsMutator,r_stem_nominal_verb_suffixes,1311,SURVIVED,none
turkishStemmer.java,org.tartarus.snowball.ext.turkishStemmer,org.pitest.mutationtest.engine.gregor.mutators.NegateConditionalsMutator,r_stem_nominal_verb_suffixes,1320,SURVIVED,none
turkishStemmer.java,org.tartarus.snowball.ext.turkishStemmer,org.pitest.mutationtest.engine.gregor.mutators.NegateConditionalsMutator,r_stem_nominal_verb_suffixes,1328,SURVIVED,none
turkishStemmer.java,org.tartarus.snowball.ext.turkishStemmer,org.pitest.mutationtest.engine.gregor.mutators.NegateConditionalsMutator,r_stem_nominal_verb_suffixes,1339,SURVIVED,none
turkishStemmer.java,org.tartarus.snowball.ext.turkishStemmer,org.pitest.mutationtest.engine.gregor.mutators.NegateConditionalsMutator,r_stem_nominal_verb_suffixes,1349,NO_COVERAGE,none
turkishStemmer.java,org.tartarus.snowball.ext.turkishStemmer,org.pitest.mutationtest.engine.gregor.mutators.NegateConditionalsMutator,r_stem_nominal_verb_suffixes,1358,NO_COVERAGE,none
turkishStemmer.java,org.tartarus.snowball.ext.turkishStemmer,org.pitest.mutationtest.engine.gregor.mutators.NegateConditionalsMutator,r_stem_nominal_verb_suffixes,1367,NO_COVERAGE,none
turkishStemmer.java,org.tartarus.snowball.ext.turkishStemmer,org.pitest.mutationtest.engine.gregor.mutators.NegateConditionalsMutator,r_stem_nominal_verb_suffixes,1376,NO_COVERAGE,none
turkishStemmer.java,org.tartarus.snowball.ext.turkishStemmer,org.pitest.mutationtest.engine.gregor.mutators.NegateConditionalsMutator,r_stem_nominal_verb_suffixes,1385,NO_COVERAGE,none
turkishStemmer.java,org.tartarus.snowball.ext.turkishStemmer,org.pitest.mutationtest.engine.gregor.mutators.NegateConditionalsMutator,r_stem_nominal_verb_suffixes,1394,NO_COVERAGE,none
turkishStemmer.java,org.tartarus.snowball.ext.turkishStemmer,org.pitest.mutationtest.engine.gregor.mutators.NegateConditionalsMutator,r_stem_nominal_verb_suffixes,1404,KILLED,org.tartarus.snowball.ext.turkishStemmer_ESTest.test11
turkishStemmer.java,org.tartarus.snowball.ext.turkishStemmer,org.pitest.mutationtest.engine.gregor.mutators.NegateConditionalsMutator,r_stem_nominal_verb_suffixes,1424,NO_COVERAGE,none
turkishStemmer.java,org.tartarus.snowball.ext.turkishStemmer,org.pitest.mutationtest.engine.gregor.mutators.NegateConditionalsMutator,r_stem_nominal_verb_suffixes,1433,NO_COVERAGE,none
turkishStemmer.java,org.tartarus.snowball.ext.turkishStemmer,org.pitest.mutationtest.engine.gregor.mutators.NegateConditionalsMutator,r_stem_nominal_verb_suffixes,1442,NO_COVERAGE,none
turkishStemmer.java,org.tartarus.snowball.ext.turkishStemmer,org.pitest.mutationtest.engine.gregor.mutators.NegateConditionalsMutator,r_stem_nominal_verb_suffixes,1450,NO_COVERAGE,none
turkishStemmer.java,org.tartarus.snowball.ext.turkishStemmer,org.pitest.mutationtest.engine.gregor.mutators.NegateConditionalsMutator,r_stem_nominal_verb_suffixes,1465,SURVIVED,none
turkishStemmer.java,org.tartarus.snowball.ext.turkishStemmer,org.pitest.mutationtest.engine.gregor.mutators.NegateConditionalsMutator,r_stem_nominal_verb_suffixes,1475,SURVIVED,none
turkishStemmer.java,org.tartarus.snowball.ext.turkishStemmer,org.pitest.mutationtest.engine.gregor.mutators.NegateConditionalsMutator,r_stem_nominal_verb_suffixes,1483,SURVIVED,none
turkishStemmer.java,org.tartarus.snowball.ext.turkishStemmer,org.pitest.mutationtest.engine.gregor.mutators.NegateConditionalsMutator,r_stem_nominal_verb_suffixes,1499,SURVIVED,none
turkishStemmer.java,org.tartarus.snowball.ext.turkishStemmer,org.pitest.mutationtest.engine.gregor.mutators.NegateConditionalsMutator,r_stem_nominal_verb_suffixes,1508,SURVIVED,none
turkishStemmer.java,org.tartarus.snowball.ext.turkishStemmer,org.pitest.mutationtest.engine.gregor.mutators.NegateConditionalsMutator,r_stem_nominal_verb_suffixes,1517,SURVIVED,none
turkishStemmer.java,org.tartarus.snowball.ext.turkishStemmer,org.pitest.mutationtest.engine.gregor.mutators.NegateConditionalsMutator,r_stem_nominal_verb_suffixes,1525,SURVIVED,none
turkishStemmer.java,org.tartarus.snowball.ext.turkishStemmer,org.pitest.mutationtest.engine.gregor.mutators.NegateConditionalsMutator,r_stem_nominal_verb_suffixes,1541,SURVIVED,none
turkishStemmer.java,org.tartarus.snowball.ext.turkishStemmer,org.pitest.mutationtest.engine.gregor.mutators.NegateConditionalsMutator,r_stem_nominal_verb_suffixes,1552,SURVIVED,none
turkishStemmer.java,org.tartarus.snowball.ext.turkishStemmer,org.pitest.mutationtest.engine.gregor.mutators.NegateConditionalsMutator,r_stem_nominal_verb_suffixes,1572,NO_COVERAGE,none
turkishStemmer.java,org.tartarus.snowball.ext.turkishStemmer,org.pitest.mutationtest.engine.gregor.mutators.NegateConditionalsMutator,r_stem_nominal_verb_suffixes,1581,NO_COVERAGE,none
turkishStemmer.java,org.tartarus.snowball.ext.turkishStemmer,org.pitest.mutationtest.engine.gregor.mutators.NegateConditionalsMutator,r_stem_nominal_verb_suffixes,1590,NO_COVERAGE,none
turkishStemmer.java,org.tartarus.snowball.ext.turkishStemmer,org.pitest.mutationtest.engine.gregor.mutators.NegateConditionalsMutator,r_stem_nominal_verb_suffixes,1599,NO_COVERAGE,none
turkishStemmer.java,org.tartarus.snowball.ext.turkishStemmer,org.pitest.mutationtest.engine.gregor.mutators.NegateConditionalsMutator,r_stem_nominal_verb_suffixes,1608,NO_COVERAGE,none
turkishStemmer.java,org.tartarus.snowball.ext.turkishStemmer,org.pitest.mutationtest.engine.gregor.mutators.NegateConditionalsMutator,r_stem_nominal_verb_suffixes,1617,NO_COVERAGE,none
turkishStemmer.java,org.tartarus.snowball.ext.turkishStemmer,org.pitest.mutationtest.engine.gregor.mutators.NonVoidMethodCallMutator,r_stem_nominal_verb_suffixes,1302,SURVIVED,none
turkishStemmer.java,org.tartarus.snowball.ext.turkishStemmer,org.pitest.mutationtest.engine.gregor.mutators.NonVoidMethodCallMutator,r_stem_nominal_verb_suffixes,1311,SURVIVED,none
turkishStemmer.java,org.tartarus.snowball.ext.turkishStemmer,org.pitest.mutationtest.engine.gregor.mutators.NonVoidMethodCallMutator,r_stem_nominal_verb_suffixes,1320,SURVIVED,none
turkishStemmer.java,org.tartarus.snowball.ext.turkishStemmer,org.pitest.mutationtest.engine.gregor.mutators.NonVoidMethodCallMutator,r_stem_nominal_verb_suffixes,1328,SURVIVED,none
turkishStemmer.java,org.tartarus.snowball.ext.turkishStemmer,org.pitest.mutationtest.engine.gregor.mutators.NonVoidMethodCallMutator,r_stem_nominal_verb_suffixes,1339,SURVIVED,none
turkishStemmer.java,org.tartarus.snowball.ext.turkishStemmer,org.pitest.mutationtest.engine.gregor.mutators.NonVoidMethodCallMutator,r_stem_nominal_verb_suffixes,1349,NO_COVERAGE,none
turkishStemmer.java,org.tartarus.snowball.ext.turkishStemmer,org.pitest.mutationtest.engine.gregor.mutators.NonVoidMethodCallMutator,r_stem_nominal_verb_suffixes,1358,NO_COVERAGE,none
turkishStemmer.java,org.tartarus.snowball.ext.turkishStemmer,org.pitest.mutationtest.engine.gregor.mutators.NonVoidMethodCallMutator,r_stem_nominal_verb_suffixes,1367,NO_COVERAGE,none
turkishStemmer.java,org.tartarus.snowball.ext.turkishStemmer,org.pitest.mutationtest.engine.gregor.mutators.NonVoidMethodCallMutator,r_stem_nominal_verb_suffixes,1376,NO_COVERAGE,none
turkishStemmer.java,org.tartarus.snowball.ext.turkishStemmer,org.pitest.mutationtest.engine.gregor.mutators.NonVoidMethodCallMutator,r_stem_nominal_verb_suffixes,1385,NO_COVERAGE,none
turkishStemmer.java,org.tartarus.snowball.ext.turkishStemmer,org.pitest.mutationtest.engine.gregor.mutators.NonVoidMethodCallMutator,r_stem_nominal_verb_suffixes,1394,NO_COVERAGE,none
turkishStemmer.java,org.tartarus.snowball.ext.turkishStemmer,org.pitest.mutationtest.engine.gregor.mutators.NonVoidMethodCallMutator,r_stem_nominal_verb_suffixes,1404,SURVIVED,none
turkishStemmer.java,org.tartarus.snowball.ext.turkishStemmer,org.pitest.mutationtest.engine.gregor.mutators.NonVoidMethodCallMutator,r_stem_nominal_verb_suffixes,1424,NO_COVERAGE,none
turkishStemmer.java,org.tartarus.snowball.ext.turkishStemmer,org.pitest.mutationtest.engine.gregor.mutators.NonVoidMethodCallMutator,r_stem_nominal_verb_suffixes,1433,NO_COVERAGE,none
turkishStemmer.java,org.tartarus.snowball.ext.turkishStemmer,org.pitest.mutationtest.engine.gregor.mutators.NonVoidMethodCallMutator,r_stem_nominal_verb_suffixes,1442,NO_COVERAGE,none
turkishStemmer.java,org.tartarus.snowball.ext.turkishStemmer,org.pitest.mutationtest.engine.gregor.mutators.NonVoidMethodCallMutator,r_stem_nominal_verb_suffixes,1450,NO_COVERAGE,none
turkishStemmer.java,org.tartarus.snowball.ext.turkishStemmer,org.pitest.mutationtest.engine.gregor.mutators.NonVoidMethodCallMutator,r_stem_nominal_verb_suffixes,1465,SURVIVED,none
turkishStemmer.java,org.tartarus.snowball.ext.turkishStemmer,org.pitest.mutationtest.engine.gregor.mutators.NonVoidMethodCallMutator,r_stem_nominal_verb_suffixes,1475,SURVIVED,none
turkishStemmer.java,org.tartarus.snowball.ext.turkishStemmer,org.pitest.mutationtest.engine.gregor.mutators.NonVoidMethodCallMutator,r_stem_nominal_verb_suffixes,1483,SURVIVED,none
turkishStemmer.java,org.tartarus.snowball.ext.turkishStemmer,org.pitest.mutationtest.engine.gregor.mutators.NonVoidMethodCallMutator,r_stem_nominal_verb_suffixes,1499,SURVIVED,none
turkishStemmer.java,org.tartarus.snowball.ext.turkishStemmer,org.pitest.mutationtest.engine.gregor.mutators.NonVoidMethodCallMutator,r_stem_nominal_verb_suffixes,1508,SURVIVED,none
turkishStemmer.java,org.tartarus.snowball.ext.turkishStemmer,org.pitest.mutationtest.engine.gregor.mutators.NonVoidMethodCallMutator,r_stem_nominal_verb_suffixes,1517,SURVIVED,none
turkishStemmer.java,org.tartarus.snowball.ext.turkishStemmer,org.pitest.mutationtest.engine.gregor.mutators.NonVoidMethodCallMutator,r_stem_nominal_verb_suffixes,1525,SURVIVED,none
turkishStemmer.java,org.tartarus.snowball.ext.turkishStemmer,org.pitest.mutationtest.engine.gregor.mutators.NonVoidMethodCallMutator,r_stem_nominal_verb_suffixes,1541,SURVIVED,none
turkishStemmer.java,org.tartarus.snowball.ext.turkishStemmer,org.pitest.mutationtest.engine.gregor.mutators.NonVoidMethodCallMutator,r_stem_nominal_verb_suffixes,1552,SURVIVED,none
turkishStemmer.java,org.tartarus.snowball.ext.turkishStemmer,org.pitest.mutationtest.engine.gregor.mutators.NonVoidMethodCallMutator,r_stem_nominal_verb_suffixes,1572,NO_COVERAGE,none
turkishStemmer.java,org.tartarus.snowball.ext.turkishStemmer,org.pitest.mutationtest.engine.gregor.mutators.NonVoidMethodCallMutator,r_stem_nominal_verb_suffixes,1581,NO_COVERAGE,none
turkishStemmer.java,org.tartarus.snowball.ext.turkishStemmer,org.pitest.mutationtest.engine.gregor.mutators.NonVoidMethodCallMutator,r_stem_nominal_verb_suffixes,1590,NO_COVERAGE,none
turkishStemmer.java,org.tartarus.snowball.ext.turkishStemmer,org.pitest.mutationtest.engine.gregor.mutators.NonVoidMethodCallMutator,r_stem_nominal_verb_suffixes,1599,NO_COVERAGE,none
turkishStemmer.java,org.tartarus.snowball.ext.turkishStemmer,org.pitest.mutationtest.engine.gregor.mutators.NonVoidMethodCallMutator,r_stem_nominal_verb_suffixes,1608,NO_COVERAGE,none
turkishStemmer.java,org.tartarus.snowball.ext.turkishStemmer,org.pitest.mutationtest.engine.gregor.mutators.NonVoidMethodCallMutator,r_stem_nominal_verb_suffixes,1617,NO_COVERAGE,none
turkishStemmer.java,org.tartarus.snowball.ext.turkishStemmer,org.pitest.mutationtest.engine.gregor.mutators.RemoveConditionalMutator_EQUAL_ELSE,r_stem_nominal_verb_suffixes,1302,SURVIVED,none
turkishStemmer.java,org.tartarus.snowball.ext.turkishStemmer,org.pitest.mutationtest.engine.gregor.mutators.RemoveConditionalMutator_EQUAL_ELSE,r_stem_nominal_verb_suffixes,1311,SURVIVED,none
turkishStemmer.java,org.tartarus.snowball.ext.turkishStemmer,org.pitest.mutationtest.engine.gregor.mutators.RemoveConditionalMutator_EQUAL_ELSE,r_stem_nominal_verb_suffixes,1320,SURVIVED,none
turkishStemmer.java,org.tartarus.snowball.ext.turkishStemmer,org.pitest.mutationtest.engine.gregor.mutators.RemoveConditionalMutator_EQUAL_ELSE,r_stem_nominal_verb_suffixes,1328,SURVIVED,none
turkishStemmer.java,org.tartarus.snowball.ext.turkishStemmer,org.pitest.mutationtest.engine.gregor.mutators.RemoveConditionalMutator_EQUAL_ELSE,r_stem_nominal_verb_suffixes,1339,SURVIVED,none
turkishStemmer.java,org.tartarus.snowball.ext.turkishStemmer,org.pitest.mutationtest.engine.gregor.mutators.RemoveConditionalMutator_EQUAL_ELSE,r_stem_nominal_verb_suffixes,1349,NO_COVERAGE,none
turkishStemmer.java,org.tartarus.snowball.ext.turkishStemmer,org.pitest.mutationtest.engine.gregor.mutators.RemoveConditionalMutator_EQUAL_ELSE,r_stem_nominal_verb_suffixes,1358,NO_COVERAGE,none
turkishStemmer.java,org.tartarus.snowball.ext.turkishStemmer,org.pitest.mutationtest.engine.gregor.mutators.RemoveConditionalMutator_EQUAL_ELSE,r_stem_nominal_verb_suffixes,1367,NO_COVERAGE,none
turkishStemmer.java,org.tartarus.snowball.ext.turkishStemmer,org.pitest.mutationtest.engine.gregor.mutators.RemoveConditionalMutator_EQUAL_ELSE,r_stem_nominal_verb_suffixes,1376,NO_COVERAGE,none
turkishStemmer.java,org.tartarus.snowball.ext.turkishStemmer,org.pitest.mutationtest.engine.gregor.mutators.RemoveConditionalMutator_EQUAL_ELSE,r_stem_nominal_verb_suffixes,1385,NO_COVERAGE,none
turkishStemmer.java,org.tartarus.snowball.ext.turkishStemmer,org.pitest.mutationtest.engine.gregor.mutators.RemoveConditionalMutator_EQUAL_ELSE,r_stem_nominal_verb_suffixes,1394,NO_COVERAGE,none
turkishStemmer.java,org.tartarus.snowball.ext.turkishStemmer,org.pitest.mutationtest.engine.gregor.mutators.RemoveConditionalMutator_EQUAL_ELSE,r_stem_nominal_verb_suffixes,1404,KILLED,org.tartarus.snowball.ext.turkishStemmer_ESTest.test11
turkishStemmer.java,org.tartarus.snowball.ext.turkishStemmer,org.pitest.mutationtest.engine.gregor.mutators.RemoveConditionalMutator_EQUAL_ELSE,r_stem_nominal_verb_suffixes,1424,NO_COVERAGE,none
turkishStemmer.java,org.tartarus.snowball.ext.turkishStemmer,org.pitest.mutationtest.engine.gregor.mutators.RemoveConditionalMutator_EQUAL_ELSE,r_stem_nominal_verb_suffixes,1433,NO_COVERAGE,none
turkishStemmer.java,org.tartarus.snowball.ext.turkishStemmer,org.pitest.mutationtest.engine.gregor.mutators.RemoveConditionalMutator_EQUAL_ELSE,r_stem_nominal_verb_suffixes,1442,NO_COVERAGE,none
turkishStemmer.java,org.tartarus.snowball.ext.turkishStemmer,org.pitest.mutationtest.engine.gregor.mutators.RemoveConditionalMutator_EQUAL_ELSE,r_stem_nominal_verb_suffixes,1450,NO_COVERAGE,none
turkishStemmer.java,org.tartarus.snowball.ext.turkishStemmer,org.pitest.mutationtest.engine.gregor.mutators.RemoveConditionalMutator_EQUAL_ELSE,r_stem_nominal_verb_suffixes,1465,SURVIVED,none
turkishStemmer.java,org.tartarus.snowball.ext.turkishStemmer,org.pitest.mutationtest.engine.gregor.mutators.RemoveConditionalMutator_EQUAL_ELSE,r_stem_nominal_verb_suffixes,1475,SURVIVED,none
turkishStemmer.java,org.tartarus.snowball.ext.turkishStemmer,org.pitest.mutationtest.engine.gregor.mutators.RemoveConditionalMutator_EQUAL_ELSE,r_stem_nominal_verb_suffixes,1483,SURVIVED,none
turkishStemmer.java,org.tartarus.snowball.ext.turkishStemmer,org.pitest.mutationtest.engine.gregor.mutators.RemoveConditionalMutator_EQUAL_ELSE,r_stem_nominal_verb_suffixes,1499,SURVIVED,none
turkishStemmer.java,org.tartarus.snowball.ext.turkishStemmer,org.pitest.mutationtest.engine.gregor.mutators.RemoveConditionalMutator_EQUAL_ELSE,r_stem_nominal_verb_suffixes,1508,SURVIVED,none
turkishStemmer.java,org.tartarus.snowball.ext.turkishStemmer,org.pitest.mutationtest.engine.gregor.mutators.RemoveConditionalMutator_EQUAL_ELSE,r_stem_nominal_verb_suffixes,1517,SURVIVED,none
turkishStemmer.java,org.tartarus.snowball.ext.turkishStemmer,org.pitest.mutationtest.engine.gregor.mutators.RemoveConditionalMutator_EQUAL_ELSE,r_stem_nominal_verb_suffixes,1525,SURVIVED,none
turkishStemmer.java,org.tartarus.snowball.ext.turkishStemmer,org.pitest.mutationtest.engine.gregor.mutators.RemoveConditionalMutator_EQUAL_ELSE,r_stem_nominal_verb_suffixes,1541,SURVIVED,none
turkishStemmer.java,org.tartarus.snowball.ext.turkishStemmer,org.pitest.mutationtest.engine.gregor.mutators.RemoveConditionalMutator_EQUAL_ELSE,r_stem_nominal_verb_suffixes,1552,SURVIVED,none
turkishStemmer.java,org.tartarus.snowball.ext.turkishStemmer,org.pitest.mutationtest.engine.gregor.mutators.RemoveConditionalMutator_EQUAL_ELSE,r_stem_nominal_verb_suffixes,1572,NO_COVERAGE,none
turkishStemmer.java,org.tartarus.snowball.ext.turkishStemmer,org.pitest.mutationtest.engine.gregor.mutators.RemoveConditionalMutator_EQUAL_ELSE,r_stem_nominal_verb_suffixes,1581,NO_COVERAGE,none
turkishStemmer.java,org.tartarus.snowball.ext.turkishStemmer,org.pitest.mutationtest.engine.gregor.mutators.RemoveConditionalMutator_EQUAL_ELSE,r_stem_nominal_verb_suffixes,1590,NO_COVERAGE,none
turkishStemmer.java,org.tartarus.snowball.ext.turkishStemmer,org.pitest.mutationtest.engine.gregor.mutators.RemoveConditionalMutator_EQUAL_ELSE,r_stem_nominal_verb_suffixes,1599,NO_COVERAGE,none
turkishStemmer.java,org.tartarus.snowball.ext.turkishStemmer,org.pitest.mutationtest.engine.gregor.mutators.RemoveConditionalMutator_EQUAL_ELSE,r_stem_nominal_verb_suffixes,1608,NO_COVERAGE,none
turkishStemmer.java,org.tartarus.snowball.ext.turkishStemmer,org.pitest.mutationtest.engine.gregor.mutators.RemoveConditionalMutator_EQUAL_ELSE,r_stem_nominal_verb_suffixes,1617,NO_COVERAGE,none
turkishStemmer.java,org.tartarus.snowball.ext.turkishStemmer,org.pitest.mutationtest.engine.gregor.mutators.RemoveConditionalMutator_EQUAL_IF,r_stem_nominal_verb_suffixes,1302,SURVIVED,none
turkishStemmer.java,org.tartarus.snowball.ext.turkishStemmer,org.pitest.mutationtest.engine.gregor.mutators.RemoveConditionalMutator_EQUAL_IF,r_stem_nominal_verb_suffixes,1311,SURVIVED,none
turkishStemmer.java,org.tartarus.snowball.ext.turkishStemmer,org.pitest.mutationtest.engine.gregor.mutators.RemoveConditionalMutator_EQUAL_IF,r_stem_nominal_verb_suffixes,1320,SURVIVED,none
turkishStemmer.java,org.tartarus.snowball.ext.turkishStemmer,org.pitest.mutationtest.engine.gregor.mutators.RemoveConditionalMutator_EQUAL_IF,r_stem_nominal_verb_suffixes,1328,SURVIVED,none
turkishStemmer.java,org.tartarus.snowball.ext.turkishStemmer,org.pitest.mutationtest.engine.gregor.mutators.RemoveConditionalMutator_EQUAL_IF,r_stem_nominal_verb_suffixes,1339,SURVIVED,none
turkishStemmer.java,org.tartarus.snowball.ext.turkishStemmer,org.pitest.mutationtest.engine.gregor.mutators.RemoveConditionalMutator_EQUAL_IF,r_stem_nominal_verb_suffixes,1349,NO_COVERAGE,none
turkishStemmer.java,org.tartarus.snowball.ext.turkishStemmer,org.pitest.mutationtest.engine.gregor.mutators.RemoveConditionalMutator_EQUAL_IF,r_stem_nominal_verb_suffixes,1358,NO_COVERAGE,none
turkishStemmer.java,org.tartarus.snowball.ext.turkishStemmer,org.pitest.mutationtest.engine.gregor.mutators.RemoveConditionalMutator_EQUAL_IF,r_stem_nominal_verb_suffixes,1367,NO_COVERAGE,none
turkishStemmer.java,org.tartarus.snowball.ext.turkishStemmer,org.pitest.mutationtest.engine.gregor.mutators.RemoveConditionalMutator_EQUAL_IF,r_stem_nominal_verb_suffixes,1376,NO_COVERAGE,none
turkishStemmer.java,org.tartarus.snowball.ext.turkishStemmer,org.pitest.mutationtest.engine.gregor.mutators.RemoveConditionalMutator_EQUAL_IF,r_stem_nominal_verb_suffixes,1385,NO_COVERAGE,none
turkishStemmer.java,org.tartarus.snowball.ext.turkishStemmer,org.pitest.mutationtest.engine.gregor.mutators.RemoveConditionalMutator_EQUAL_IF,r_stem_nominal_verb_suffixes,1394,NO_COVERAGE,none
turkishStemmer.java,org.tartarus.snowball.ext.turkishStemmer,org.pitest.mutationtest.engine.gregor.mutators.RemoveConditionalMutator_EQUAL_IF,r_stem_nominal_verb_suffixes,1404,SURVIVED,none
turkishStemmer.java,org.tartarus.snowball.ext.turkishStemmer,org.pitest.mutationtest.engine.gregor.mutators.RemoveConditionalMutator_EQUAL_IF,r_stem_nominal_verb_suffixes,1424,NO_COVERAGE,none
turkishStemmer.java,org.tartarus.snowball.ext.turkishStemmer,org.pitest.mutationtest.engine.gregor.mutators.RemoveConditionalMutator_EQUAL_IF,r_stem_nominal_verb_suffixes,1433,NO_COVERAGE,none
turkishStemmer.java,org.tartarus.snowball.ext.turkishStemmer,org.pitest.mutationtest.engine.gregor.mutators.RemoveConditionalMutator_EQUAL_IF,r_stem_nominal_verb_suffixes,1442,NO_COVERAGE,none
turkishStemmer.java,org.tartarus.snowball.ext.turkishStemmer,org.pitest.mutationtest.engine.gregor.mutators.RemoveConditionalMutator_EQUAL_IF,r_stem_nominal_verb_suffixes,1450,NO_COVERAGE,none
turkishStemmer.java,org.tartarus.snowball.ext.turkishStemmer,org.pitest.mutationtest.engine.gregor.mutators.RemoveConditionalMutator_EQUAL_IF,r_stem_nominal_verb_suffixes,1465,SURVIVED,none
turkishStemmer.java,org.tartarus.snowball.ext.turkishStemmer,org.pitest.mutationtest.engine.gregor.mutators.RemoveConditionalMutator_EQUAL_IF,r_stem_nominal_verb_suffixes,1475,SURVIVED,none
turkishStemmer.java,org.tartarus.snowball.ext.turkishStemmer,org.pitest.mutationtest.engine.gregor.mutators.RemoveConditionalMutator_EQUAL_IF,r_stem_nominal_verb_suffixes,1483,SURVIVED,none
turkishStemmer.java,org.tartarus.snowball.ext.turkishStemmer,org.pitest.mutationtest.engine.gregor.mutators.RemoveConditionalMutator_EQUAL_IF,r_stem_nominal_verb_suffixes,1499,SURVIVED,none
turkishStemmer.java,org.tartarus.snowball.ext.turkishStemmer,org.pitest.mutationtest.engine.gregor.mutators.RemoveConditionalMutator_EQUAL_IF,r_stem_nominal_verb_suffixes,1508,SURVIVED,none
turkishStemmer.java,org.tartarus.snowball.ext.turkishStemmer,org.pitest.mutationtest.engine.gregor.mutators.RemoveConditionalMutator_EQUAL_IF,r_stem_nominal_verb_suffixes,1517,SURVIVED,none
turkishStemmer.java,org.tartarus.snowball.ext.turkishStemmer,org.pitest.mutationtest.engine.gregor.mutators.RemoveConditionalMutator_EQUAL_IF,r_stem_nominal_verb_suffixes,1525,SURVIVED,none
turkishStemmer.java,org.tartarus.snowball.ext.turkishStemmer,org.pitest.mutationtest.engine.gregor.mutators.RemoveConditionalMutator_EQUAL_IF,r_stem_nominal_verb_suffixes,1541,SURVIVED,none
turkishStemmer.java,org.tartarus.snowball.ext.turkishStemmer,org.pitest.mutationtest.engine.gregor.mutators.RemoveConditionalMutator_EQUAL_IF,r_stem_nominal_verb_suffixes,1552,SURVIVED,none
turkishStemmer.java,org.tartarus.snowball.ext.turkishStemmer,org.pitest.mutationtest.engine.gregor.mutators.RemoveConditionalMutator_EQUAL_IF,r_stem_nominal_verb_suffixes,1572,NO_COVERAGE,none
turkishStemmer.java,org.tartarus.snowball.ext.turkishStemmer,org.pitest.mutationtest.engine.gregor.mutators.RemoveConditionalMutator_EQUAL_IF,r_stem_nominal_verb_suffixes,1581,NO_COVERAGE,none
turkishStemmer.java,org.tartarus.snowball.ext.turkishStemmer,org.pitest.mutationtest.engine.gregor.mutators.RemoveConditionalMutator_EQUAL_IF,r_stem_nominal_verb_suffixes,1590,NO_COVERAGE,none
turkishStemmer.java,org.tartarus.snowball.ext.turkishStemmer,org.pitest.mutationtest.engine.gregor.mutators.RemoveConditionalMutator_EQUAL_IF,r_stem_nominal_verb_suffixes,1599,NO_COVERAGE,none
turkishStemmer.java,org.tartarus.snowball.ext.turkishStemmer,org.pitest.mutationtest.engine.gregor.mutators.RemoveConditionalMutator_EQUAL_IF,r_stem_nominal_verb_suffixes,1608,NO_COVERAGE,none
turkishStemmer.java,org.tartarus.snowball.ext.turkishStemmer,org.pitest.mutationtest.engine.gregor.mutators.RemoveConditionalMutator_EQUAL_IF,r_stem_nominal_verb_suffixes,1617,NO_COVERAGE,none
turkishStemmer.java,org.tartarus.snowball.ext.turkishStemmer,org.pitest.mutationtest.engine.gregor.mutators.ReturnValsMutator,r_stem_nominal_verb_suffixes,1554,SURVIVED,none
turkishStemmer.java,org.tartarus.snowball.ext.turkishStemmer,org.pitest.mutationtest.engine.gregor.mutators.ReturnValsMutator,r_stem_nominal_verb_suffixes,1628,SURVIVED,none
turkishStemmer.java,org.tartarus.snowball.ext.turkishStemmer,org.pitest.mutationtest.engine.gregor.mutators.VoidMethodCallMutator,r_stem_nominal_verb_suffixes,1411,NO_COVERAGE,none
turkishStemmer.java,org.tartarus.snowball.ext.turkishStemmer,org.pitest.mutationtest.engine.gregor.mutators.VoidMethodCallMutator,r_stem_nominal_verb_suffixes,1533,SURVIVED,none
turkishStemmer.java,org.tartarus.snowball.ext.turkishStemmer,org.pitest.mutationtest.engine.gregor.mutators.VoidMethodCallMutator,r_stem_nominal_verb_suffixes,1559,NO_COVERAGE,none
turkishStemmer.java,org.tartarus.snowball.ext.turkishStemmer,org.pitest.mutationtest.engine.gregor.mutators.VoidMethodCallMutator,r_stem_nominal_verb_suffixes,1627,SURVIVED,none
turkishStemmer.java,org.tartarus.snowball.ext.turkishStemmer,org.pitest.mutationtest.engine.gregor.mutators.experimental.MemberVariableMutator,r_stem_nominal_verb_suffixes,1289,SURVIVED,none
turkishStemmer.java,org.tartarus.snowball.ext.turkishStemmer,org.pitest.mutationtest.engine.gregor.mutators.experimental.MemberVariableMutator,r_stem_nominal_verb_suffixes,1291,KILLED,org.tartarus.snowball.ext.turkishStemmer_ESTest.test11
turkishStemmer.java,org.tartarus.snowball.ext.turkishStemmer,org.pitest.mutationtest.engine.gregor.mutators.experimental.MemberVariableMutator,r_stem_nominal_verb_suffixes,1308,SURVIVED,none
turkishStemmer.java,org.tartarus.snowball.ext.turkishStemmer,org.pitest.mutationtest.engine.gregor.mutators.experimental.MemberVariableMutator,r_stem_nominal_verb_suffixes,1317,SURVIVED,none
turkishStemmer.java,org.tartarus.snowball.ext.turkishStemmer,org.pitest.mutationtest.engine.gregor.mutators.experimental.MemberVariableMutator,r_stem_nominal_verb_suffixes,1326,SURVIVED,none
turkishStemmer.java,org.tartarus.snowball.ext.turkishStemmer,org.pitest.mutationtest.engine.gregor.mutators.experimental.MemberVariableMutator,r_stem_nominal_verb_suffixes,1335,SURVIVED,none
turkishStemmer.java,org.tartarus.snowball.ext.turkishStemmer,org.pitest.mutationtest.engine.gregor.mutators.experimental.MemberVariableMutator,r_stem_nominal_verb_suffixes,1355,NO_COVERAGE,none
turkishStemmer.java,org.tartarus.snowball.ext.turkishStemmer,org.pitest.mutationtest.engine.gregor.mutators.experimental.MemberVariableMutator,r_stem_nominal_verb_suffixes,1364,NO_COVERAGE,none
turkishStemmer.java,org.tartarus.snowball.ext.turkishStemmer,org.pitest.mutationtest.engine.gregor.mutators.experimental.MemberVariableMutator,r_stem_nominal_verb_suffixes,1373,NO_COVERAGE,none
turkishStemmer.java,org.tartarus.snowball.ext.turkishStemmer,org.pitest.mutationtest.engine.gregor.mutators.experimental.MemberVariableMutator,r_stem_nominal_verb_suffixes,1382,NO_COVERAGE,none
turkishStemmer.java,org.tartarus.snowball.ext.turkishStemmer,org.pitest.mutationtest.engine.gregor.mutators.experimental.MemberVariableMutator,r_stem_nominal_verb_suffixes,1391,NO_COVERAGE,none
turkishStemmer.java,org.tartarus.snowball.ext.turkishStemmer,org.pitest.mutationtest.engine.gregor.mutators.experimental.MemberVariableMutator,r_stem_nominal_verb_suffixes,1400,SURVIVED,none
turkishStemmer.java,org.tartarus.snowball.ext.turkishStemmer,org.pitest.mutationtest.engine.gregor.mutators.experimental.MemberVariableMutator,r_stem_nominal_verb_suffixes,1409,NO_COVERAGE,none
turkishStemmer.java,org.tartarus.snowball.ext.turkishStemmer,org.pitest.mutationtest.engine.gregor.mutators.experimental.MemberVariableMutator,r_stem_nominal_verb_suffixes,1417,NO_COVERAGE,none
turkishStemmer.java,org.tartarus.snowball.ext.turkishStemmer,org.pitest.mutationtest.engine.gregor.mutators.experimental.MemberVariableMutator,r_stem_nominal_verb_suffixes,1430,NO_COVERAGE,none
turkishStemmer.java,org.tartarus.snowball.ext.turkishStemmer,org.pitest.mutationtest.engine.gregor.mutators.experimental.MemberVariableMutator,r_stem_nominal_verb_suffixes,1439,NO_COVERAGE,none
turkishStemmer.java,org.tartarus.snowball.ext.turkishStemmer,org.pitest.mutationtest.engine.gregor.mutators.experimental.MemberVariableMutator,r_stem_nominal_verb_suffixes,1448,NO_COVERAGE,none
turkishStemmer.java,org.tartarus.snowball.ext.turkishStemmer,org.pitest.mutationtest.engine.gregor.mutators.experimental.MemberVariableMutator,r_stem_nominal_verb_suffixes,1452,NO_COVERAGE,none
turkishStemmer.java,org.tartarus.snowball.ext.turkishStemmer,org.pitest.mutationtest.engine.gregor.mutators.experimental.MemberVariableMutator,r_stem_nominal_verb_suffixes,1458,NO_COVERAGE,none
turkishStemmer.java,org.tartarus.snowball.ext.turkishStemmer,org.pitest.mutationtest.engine.gregor.mutators.experimental.MemberVariableMutator,r_stem_nominal_verb_suffixes,1461,SURVIVED,none
turkishStemmer.java,org.tartarus.snowball.ext.turkishStemmer,org.pitest.mutationtest.engine.gregor.mutators.experimental.MemberVariableMutator,r_stem_nominal_verb_suffixes,1481,SURVIVED,none
turkishStemmer.java,org.tartarus.snowball.ext.turkishStemmer,org.pitest.mutationtest.engine.gregor.mutators.experimental.MemberVariableMutator,r_stem_nominal_verb_suffixes,1490,SURVIVED,none
turkishStemmer.java,org.tartarus.snowball.ext.turkishStemmer,org.pitest.mutationtest.engine.gregor.mutators.experimental.MemberVariableMutator,r_stem_nominal_verb_suffixes,1505,SURVIVED,none
turkishStemmer.java,org.tartarus.snowball.ext.turkishStemmer,org.pitest.mutationtest.engine.gregor.mutators.experimental.MemberVariableMutator,r_stem_nominal_verb_suffixes,1514,SURVIVED,none
turkishStemmer.java,org.tartarus.snowball.ext.turkishStemmer,org.pitest.mutationtest.engine.gregor.mutators.experimental.MemberVariableMutator,r_stem_nominal_verb_suffixes,1523,SURVIVED,none
turkishStemmer.java,org.tartarus.snowball.ext.turkishStemmer,org.pitest.mutationtest.engine.gregor.mutators.experimental.MemberVariableMutator,r_stem_nominal_verb_suffixes,1531,SURVIVED,none
turkishStemmer.java,org.tartarus.snowball.ext.turkishStemmer,org.pitest.mutationtest.engine.gregor.mutators.experimental.MemberVariableMutator,r_stem_nominal_verb_suffixes,1539,KILLED,org.tartarus.snowball.ext.turkishStemmer_ESTest.test06
turkishStemmer.java,org.tartarus.snowball.ext.turkishStemmer,org.pitest.mutationtest.engine.gregor.mutators.experimental.MemberVariableMutator,r_stem_nominal_verb_suffixes,1543,SURVIVED,none
turkishStemmer.java,org.tartarus.snowball.ext.turkishStemmer,org.pitest.mutationtest.engine.gregor.mutators.experimental.MemberVariableMutator,r_stem_nominal_verb_suffixes,1549,SURVIVED,none
turkishStemmer.java,org.tartarus.snowball.ext.turkishStemmer,org.pitest.mutationtest.engine.gregor.mutators.experimental.MemberVariableMutator,r_stem_nominal_verb_suffixes,1557,NO_COVERAGE,none
turkishStemmer.java,org.tartarus.snowball.ext.turkishStemmer,org.pitest.mutationtest.engine.gregor.mutators.experimental.MemberVariableMutator,r_stem_nominal_verb_suffixes,1565,NO_COVERAGE,none
turkishStemmer.java,org.tartarus.snowball.ext.turkishStemmer,org.pitest.mutationtest.engine.gregor.mutators.experimental.MemberVariableMutator,r_stem_nominal_verb_suffixes,1578,NO_COVERAGE,none
turkishStemmer.java,org.tartarus.snowball.ext.turkishStemmer,org.pitest.mutationtest.engine.gregor.mutators.experimental.MemberVariableMutator,r_stem_nominal_verb_suffixes,1587,NO_COVERAGE,none
turkishStemmer.java,org.tartarus.snowball.ext.turkishStemmer,org.pitest.mutationtest.engine.gregor.mutators.experimental.MemberVariableMutator,r_stem_nominal_verb_suffixes,1596,NO_COVERAGE,none
turkishStemmer.java,org.tartarus.snowball.ext.turkishStemmer,org.pitest.mutationtest.engine.gregor.mutators.experimental.MemberVariableMutator,r_stem_nominal_verb_suffixes,1605,NO_COVERAGE,none
turkishStemmer.java,org.tartarus.snowball.ext.turkishStemmer,org.pitest.mutationtest.engine.gregor.mutators.experimental.MemberVariableMutator,r_stem_nominal_verb_suffixes,1614,NO_COVERAGE,none
turkishStemmer.java,org.tartarus.snowball.ext.turkishStemmer,org.pitest.mutationtest.engine.gregor.mutators.experimental.MemberVariableMutator,r_stem_nominal_verb_suffixes,1619,NO_COVERAGE,none
turkishStemmer.java,org.tartarus.snowball.ext.turkishStemmer,org.pitest.mutationtest.engine.gregor.mutators.experimental.MemberVariableMutator,r_stem_nominal_verb_suffixes,1625,SURVIVED,none
turkishStemmer.java,org.tartarus.snowball.ext.turkishStemmer,org.pitest.mutationtest.engine.gregor.mutators.BooleanFalseReturnValsMutator,r_stem_noun_suffixes,2627,SURVIVED,none
turkishStemmer.java,org.tartarus.snowball.ext.turkishStemmer,org.pitest.mutationtest.engine.gregor.mutators.BooleanTrueReturnValsMutator,r_stem_noun_suffixes,2596,SURVIVED,none
turkishStemmer.java,org.tartarus.snowball.ext.turkishStemmer,org.pitest.mutationtest.engine.gregor.mutators.InlineConstantMutator,r_stem_noun_suffixes,2596,SURVIVED,none
turkishStemmer.java,org.tartarus.snowball.ext.turkishStemmer,org.pitest.mutationtest.engine.gregor.mutators.InlineConstantMutator,r_stem_noun_suffixes,2627,SURVIVED,none
turkishStemmer.java,org.tartarus.snowball.ext.turkishStemmer,org.pitest.mutationtest.engine.gregor.mutators.MathMutator,r_stem_noun_suffixes,1941,KILLED,org.tartarus.snowball.ext.turkishStemmer_ESTest.test11
turkishStemmer.java,org.tartarus.snowball.ext.turkishStemmer,org.pitest.mutationtest.engine.gregor.mutators.MathMutator,r_stem_noun_suffixes,1956,NO_COVERAGE,none
turkishStemmer.java,org.tartarus.snowball.ext.turkishStemmer,org.pitest.mutationtest.engine.gregor.mutators.MathMutator,r_stem_noun_suffixes,1962,NO_COVERAGE,none
turkishStemmer.java,org.tartarus.snowball.ext.turkishStemmer,org.pitest.mutationtest.engine.gregor.mutators.MathMutator,r_stem_noun_suffixes,1968,SURVIVED,none
turkishStemmer.java,org.tartarus.snowball.ext.turkishStemmer,org.pitest.mutationtest.engine.gregor.mutators.MathMutator,r_stem_noun_suffixes,1983,NO_COVERAGE,none
turkishStemmer.java,org.tartarus.snowball.ext.turkishStemmer,org.pitest.mutationtest.engine.gregor.mutators.MathMutator,r_stem_noun_suffixes,1988,NO_COVERAGE,none
turkishStemmer.java,org.tartarus.snowball.ext.turkishStemmer,org.pitest.mutationtest.engine.gregor.mutators.MathMutator,r_stem_noun_suffixes,2004,NO_COVERAGE,none
turkishStemmer.java,org.tartarus.snowball.ext.turkishStemmer,org.pitest.mutationtest.engine.gregor.mutators.MathMutator,r_stem_noun_suffixes,2011,NO_COVERAGE,none
turkishStemmer.java,org.tartarus.snowball.ext.turkishStemmer,org.pitest.mutationtest.engine.gregor.mutators.MathMutator,r_stem_noun_suffixes,2020,NO_COVERAGE,none
turkishStemmer.java,org.tartarus.snowball.ext.turkishStemmer,org.pitest.mutationtest.engine.gregor.mutators.MathMutator,r_stem_noun_suffixes,2032,NO_COVERAGE,none
turkishStemmer.java,org.tartarus.snowball.ext.turkishStemmer,org.pitest.mutationtest.engine.gregor.mutators.MathMutator,r_stem_noun_suffixes,2040,NO_COVERAGE,none
turkishStemmer.java,org.tartarus.snowball.ext.turkishStemmer,org.pitest.mutationtest.engine.gregor.mutators.MathMutator,r_stem_noun_suffixes,2050,NO_COVERAGE,none
turkishStemmer.java,org.tartarus.snowball.ext.turkishStemmer,org.pitest.mutationtest.engine.gregor.mutators.MathMutator,r_stem_noun_suffixes,2056,NO_COVERAGE,none
turkishStemmer.java,org.tartarus.snowball.ext.turkishStemmer,org.pitest.mutationtest.engine.gregor.mutators.MathMutator,r_stem_noun_suffixes,2063,NO_COVERAGE,none
turkishStemmer.java,org.tartarus.snowball.ext.turkishStemmer,org.pitest.mutationtest.engine.gregor.mutators.MathMutator,r_stem_noun_suffixes,2073,NO_COVERAGE,none
turkishStemmer.java,org.tartarus.snowball.ext.turkishStemmer,org.pitest.mutationtest.engine.gregor.mutators.MathMutator,r_stem_noun_suffixes,2080,SURVIVED,none
turkishStemmer.java,org.tartarus.snowball.ext.turkishStemmer,org.pitest.mutationtest.engine.gregor.mutators.MathMutator,r_stem_noun_suffixes,2088,SURVIVED,none
turkishStemmer.java,org.tartarus.snowball.ext.turkishStemmer,org.pitest.mutationtest.engine.gregor.mutators.MathMutator,r_stem_noun_suffixes,2097,SURVIVED,none
turkishStemmer.java,org.tartarus.snowball.ext.turkishStemmer,org.pitest.mutationtest.engine.gregor.mutators.MathMutator,r_stem_noun_suffixes,2107,NO_COVERAGE,none
turkishStemmer.java,org.tartarus.snowball.ext.turkishStemmer,org.pitest.mutationtest.engine.gregor.mutators.MathMutator,r_stem_noun_suffixes,2121,NO_COVERAGE,none
turkishStemmer.java,org.tartarus.snowball.ext.turkishStemmer,org.pitest.mutationtest.engine.gregor.mutators.MathMutator,r_stem_noun_suffixes,2134,NO_COVERAGE,none
turkishStemmer.java,org.tartarus.snowball.ext.turkishStemmer,org.pitest.mutationtest.engine.gregor.mutators.MathMutator,r_stem_noun_suffixes,2142,NO_COVERAGE,none
turkishStemmer.java,org.tartarus.snowball.ext.turkishStemmer,org.pitest.mutationtest.engine.gregor.mutators.MathMutator,r_stem_noun_suffixes,2152,NO_COVERAGE,none
turkishStemmer.java,org.tartarus.snowball.ext.turkishStemmer,org.pitest.mutationtest.engine.gregor.mutators.MathMutator,r_stem_noun_suffixes,2158,NO_COVERAGE,none
turkishStemmer.java,org.tartarus.snowball.ext.turkishStemmer,org.pitest.mutationtest.engine.gregor.mutators.MathMutator,r_stem_noun_suffixes,2168,SURVIVED,none
turkishStemmer.java,org.tartarus.snowball.ext.turkishStemmer,org.pitest.mutationtest.engine.gregor.mutators.MathMutator,r_stem_noun_suffixes,2176,SURVIVED,none
turkishStemmer.java,org.tartarus.snowball.ext.turkishStemmer,org.pitest.mutationtest.engine.gregor.mutators.MathMutator,r_stem_noun_suffixes,2185,SURVIVED,none
turkishStemmer.java,org.tartarus.snowball.ext.turkishStemmer,org.pitest.mutationtest.engine.gregor.mutators.MathMutator,r_stem_noun_suffixes,2195,KILLED,org.tartarus.snowball.ext.turkishStemmer_ESTest.test00
turkishStemmer.java,org.tartarus.snowball.ext.turkishStemmer,org.pitest.mutationtest.engine.gregor.mutators.MathMutator,r_stem_noun_suffixes,2208,NO_COVERAGE,none
turkishStemmer.java,org.tartarus.snowball.ext.turkishStemmer,org.pitest.mutationtest.engine.gregor.mutators.MathMutator,r_stem_noun_suffixes,2216,NO_COVERAGE,none
turkishStemmer.java,org.tartarus.snowball.ext.turkishStemmer,org.pitest.mutationtest.engine.gregor.mutators.MathMutator,r_stem_noun_suffixes,2226,NO_COVERAGE,none
turkishStemmer.java,org.tartarus.snowball.ext.turkishStemmer,org.pitest.mutationtest.engine.gregor.mutators.MathMutator,r_stem_noun_suffixes,2232,KILLED,org.tartarus.snowball.ext.turkishStemmer_ESTest.test00
turkishStemmer.java,org.tartarus.snowball.ext.turkishStemmer,org.pitest.mutationtest.engine.gregor.mutators.MathMutator,r_stem_noun_suffixes,2242,SURVIVED,none
turkishStemmer.java,org.tartarus.snowball.ext.turkishStemmer,org.pitest.mutationtest.engine.gregor.mutators.MathMutator,r_stem_noun_suffixes,2257,NO_COVERAGE,none
turkishStemmer.java,org.tartarus.snowball.ext.turkishStemmer,org.pitest.mutationtest.engine.gregor.mutators.MathMutator,r_stem_noun_suffixes,2265,NO_COVERAGE,none
turkishStemmer.java,org.tartarus.snowball.ext.turkishStemmer,org.pitest.mutationtest.engine.gregor.mutators.MathMutator,r_stem_noun_suffixes,2278,NO_COVERAGE,none
turkishStemmer.java,org.tartarus.snowball.ext.turkishStemmer,org.pitest.mutationtest.engine.gregor.mutators.MathMutator,r_stem_noun_suffixes,2286,NO_COVERAGE,none
turkishStemmer.java,org.tartarus.snowball.ext.turkishStemmer,org.pitest.mutationtest.engine.gregor.mutators.MathMutator,r_stem_noun_suffixes,2296,NO_COVERAGE,none
turkishStemmer.java,org.tartarus.snowball.ext.turkishStemmer,org.pitest.mutationtest.engine.gregor.mutators.MathMutator,r_stem_noun_suffixes,2302,NO_COVERAGE,none
turkishStemmer.java,org.tartarus.snowball.ext.turkishStemmer,org.pitest.mutationtest.engine.gregor.mutators.MathMutator,r_stem_noun_suffixes,2315,NO_COVERAGE,none
turkishStemmer.java,org.tartarus.snowball.ext.turkishStemmer,org.pitest.mutationtest.engine.gregor.mutators.MathMutator,r_stem_noun_suffixes,2321,NO_COVERAGE,none
turkishStemmer.java,org.tartarus.snowball.ext.turkishStemmer,org.pitest.mutationtest.engine.gregor.mutators.MathMutator,r_stem_noun_suffixes,2327,NO_COVERAGE,none
turkishStemmer.java,org.tartarus.snowball.ext.turkishStemmer,org.pitest.mutationtest.engine.gregor.mutators.MathMutator,r_stem_noun_suffixes,2332,NO_COVERAGE,none
turkishStemmer.java,org.tartarus.snowball.ext.turkishStemmer,org.pitest.mutationtest.engine.gregor.mutators.MathMutator,r_stem_noun_suffixes,2339,SURVIVED,none
turkishStemmer.java,org.tartarus.snowball.ext.turkishStemmer,org.pitest.mutationtest.engine.gregor.mutators.MathMutator,r_stem_noun_suffixes,2346,SURVIVED,none
turkishStemmer.java,org.tartarus.snowball.ext.turkishStemmer,org.pitest.mutationtest.engine.gregor.mutators.MathMutator,r_stem_noun_suffixes,2355,SURVIVED,none
turkishStemmer.java,org.tartarus.snowball.ext.turkishStemmer,org.pitest.mutationtest.engine.gregor.mutators.MathMutator,r_stem_noun_suffixes,2367,NO_COVERAGE,none
turkishStemmer.java,org.tartarus.snowball.ext.turkishStemmer,org.pitest.mutationtest.engine.gregor.mutators.MathMutator,r_stem_noun_suffixes,2372,NO_COVERAGE,none
turkishStemmer.java,org.tartarus.snowball.ext.turkishStemmer,org.pitest.mutationtest.engine.gregor.mutators.MathMutator,r_stem_noun_suffixes,2393,NO_COVERAGE,none
turkishStemmer.java,org.tartarus.snowball.ext.turkishStemmer,org.pitest.mutationtest.engine.gregor.mutators.MathMutator,r_stem_noun_suffixes,2400,NO_COVERAGE,none
turkishStemmer.java,org.tartarus.snowball.ext.turkishStemmer,org.pitest.mutationtest.engine.gregor.mutators.MathMutator,r_stem_noun_suffixes,2409,NO_COVERAGE,none
turkishStemmer.java,org.tartarus.snowball.ext.turkishStemmer,org.pitest.mutationtest.engine.gregor.mutators.MathMutator,r_stem_noun_suffixes,2421,NO_COVERAGE,none
turkishStemmer.java,org.tartarus.snowball.ext.turkishStemmer,org.pitest.mutationtest.engine.gregor.mutators.MathMutator,r_stem_noun_suffixes,2429,NO_COVERAGE,none
turkishStemmer.java,org.tartarus.snowball.ext.turkishStemmer,org.pitest.mutationtest.engine.gregor.mutators.MathMutator,r_stem_noun_suffixes,2439,NO_COVERAGE,none
turkishStemmer.java,org.tartarus.snowball.ext.turkishStemmer,org.pitest.mutationtest.engine.gregor.mutators.MathMutator,r_stem_noun_suffixes,2445,NO_COVERAGE,none
turkishStemmer.java,org.tartarus.snowball.ext.turkishStemmer,org.pitest.mutationtest.engine.gregor.mutators.MathMutator,r_stem_noun_suffixes,2449,NO_COVERAGE,none
turkishStemmer.java,org.tartarus.snowball.ext.turkishStemmer,org.pitest.mutationtest.engine.gregor.mutators.MathMutator,r_stem_noun_suffixes,2456,SURVIVED,none
turkishStemmer.java,org.tartarus.snowball.ext.turkishStemmer,org.pitest.mutationtest.engine.gregor.mutators.MathMutator,r_stem_noun_suffixes,2472,SURVIVED,none
turkishStemmer.java,org.tartarus.snowball.ext.turkishStemmer,org.pitest.mutationtest.engine.gregor.mutators.MathMutator,r_stem_noun_suffixes,2482,SURVIVED,none
turkishStemmer.java,org.tartarus.snowball.ext.turkishStemmer,org.pitest.mutationtest.engine.gregor.mutators.MathMutator,r_stem_noun_suffixes,2489,SURVIVED,none
turkishStemmer.java,org.tartarus.snowball.ext.turkishStemmer,org.pitest.mutationtest.engine.gregor.mutators.MathMutator,r_stem_noun_suffixes,2498,SURVIVED,none
turkishStemmer.java,org.tartarus.snowball.ext.turkishStemmer,org.pitest.mutationtest.engine.gregor.mutators.MathMutator,r_stem_noun_suffixes,2507,SURVIVED,none
turkishStemmer.java,org.tartarus.snowball.ext.turkishStemmer,org.pitest.mutationtest.engine.gregor.mutators.MathMutator,r_stem_noun_suffixes,2519,SURVIVED,none
turkishStemmer.java,org.tartarus.snowball.ext.turkishStemmer,org.pitest.mutationtest.engine.gregor.mutators.MathMutator,r_stem_noun_suffixes,2527,SURVIVED,none
turkishStemmer.java,org.tartarus.snowball.ext.turkishStemmer,org.pitest.mutationtest.engine.gregor.mutators.MathMutator,r_stem_noun_suffixes,2540,KILLED,org.tartarus.snowball.ext.turkishStemmer_ESTest.test00
turkishStemmer.java,org.tartarus.snowball.ext.turkishStemmer,org.pitest.mutationtest.engine.gregor.mutators.MathMutator,r_stem_noun_suffixes,2548,SURVIVED,none
turkishStemmer.java,org.tartarus.snowball.ext.turkishStemmer,org.pitest.mutationtest.engine.gregor.mutators.MathMutator,r_stem_noun_suffixes,2554,SURVIVED,none
turkishStemmer.java,org.tartarus.snowball.ext.turkishStemmer,org.pitest.mutationtest.engine.gregor.mutators.MathMutator,r_stem_noun_suffixes,2558,SURVIVED,none
turkishStemmer.java,org.tartarus.snowball.ext.turkishStemmer,org.pitest.mutationtest.engine.gregor.mutators.MathMutator,r_stem_noun_suffixes,2571,SURVIVED,none
turkishStemmer.java,org.tartarus.snowball.ext.turkishStemmer,org.pitest.mutationtest.engine.gregor.mutators.MathMutator,r_stem_noun_suffixes,2577,SURVIVED,none
turkishStemmer.java,org.tartarus.snowball.ext.turkishStemmer,org.pitest.mutationtest.engine.gregor.mutators.MathMutator,r_stem_noun_suffixes,2583,SURVIVED,none
turkishStemmer.java,org.tartarus.snowball.ext.turkishStemmer,org.pitest.mutationtest.engine.gregor.mutators.MathMutator,r_stem_noun_suffixes,2592,SURVIVED,none
turkishStemmer.java,org.tartarus.snowball.ext.turkishStemmer,org.pitest.mutationtest.engine.gregor.mutators.MathMutator,r_stem_noun_suffixes,2604,SURVIVED,none
turkishStemmer.java,org.tartarus.snowball.ext.turkishStemmer,org.pitest.mutationtest.engine.gregor.mutators.MathMutator,r_stem_noun_suffixes,2612,SURVIVED,none
turkishStemmer.java,org.tartarus.snowball.ext.turkishStemmer,org.pitest.mutationtest.engine.gregor.mutators.MathMutator,r_stem_noun_suffixes,2622,NO_COVERAGE,none
turkishStemmer.java,org.tartarus.snowball.ext.turkishStemmer,org.pitest.mutationtest.engine.gregor.mutators.NegateConditionalsMutator,r_stem_noun_suffixes,1947,SURVIVED,none
turkishStemmer.java,org.tartarus.snowball.ext.turkishStemmer,org.pitest.mutationtest.engine.gregor.mutators.NegateConditionalsMutator,r_stem_noun_suffixes,1960,NO_COVERAGE,none
turkishStemmer.java,org.tartarus.snowball.ext.turkishStemmer,org.pitest.mutationtest.engine.gregor.mutators.NegateConditionalsMutator,r_stem_noun_suffixes,1974,SURVIVED,none
turkishStemmer.java,org.tartarus.snowball.ext.turkishStemmer,org.pitest.mutationtest.engine.gregor.mutators.NegateConditionalsMutator,r_stem_noun_suffixes,1994,NO_COVERAGE,none
turkishStemmer.java,org.tartarus.snowball.ext.turkishStemmer,org.pitest.mutationtest.engine.gregor.mutators.NegateConditionalsMutator,r_stem_noun_suffixes,2014,NO_COVERAGE,none
turkishStemmer.java,org.tartarus.snowball.ext.turkishStemmer,org.pitest.mutationtest.engine.gregor.mutators.NegateConditionalsMutator,r_stem_noun_suffixes,2022,NO_COVERAGE,none
turkishStemmer.java,org.tartarus.snowball.ext.turkishStemmer,org.pitest.mutationtest.engine.gregor.mutators.NegateConditionalsMutator,r_stem_noun_suffixes,2038,NO_COVERAGE,none
turkishStemmer.java,org.tartarus.snowball.ext.turkishStemmer,org.pitest.mutationtest.engine.gregor.mutators.NegateConditionalsMutator,r_stem_noun_suffixes,2048,NO_COVERAGE,none
turkishStemmer.java,org.tartarus.snowball.ext.turkishStemmer,org.pitest.mutationtest.engine.gregor.mutators.NegateConditionalsMutator,r_stem_noun_suffixes,2061,NO_COVERAGE,none
turkishStemmer.java,org.tartarus.snowball.ext.turkishStemmer,org.pitest.mutationtest.engine.gregor.mutators.NegateConditionalsMutator,r_stem_noun_suffixes,2071,NO_COVERAGE,none
turkishStemmer.java,org.tartarus.snowball.ext.turkishStemmer,org.pitest.mutationtest.engine.gregor.mutators.NegateConditionalsMutator,r_stem_noun_suffixes,2091,SURVIVED,none
turkishStemmer.java,org.tartarus.snowball.ext.turkishStemmer,org.pitest.mutationtest.engine.gregor.mutators.NegateConditionalsMutator,r_stem_noun_suffixes,2099,SURVIVED,none
turkishStemmer.java,org.tartarus.snowball.ext.turkishStemmer,org.pitest.mutationtest.engine.gregor.mutators.NegateConditionalsMutator,r_stem_noun_suffixes,2111,NO_COVERAGE,none
turkishStemmer.java,org.tartarus.snowball.ext.turkishStemmer,org.pitest.mutationtest.engine.gregor.mutators.NegateConditionalsMutator,r_stem_noun_suffixes,2125,NO_COVERAGE,none
turkishStemmer.java,org.tartarus.snowball.ext.turkishStemmer,org.pitest.mutationtest.engine.gregor.mutators.NegateConditionalsMutator,r_stem_noun_suffixes,2140,NO_COVERAGE,none
turkishStemmer.java,org.tartarus.snowball.ext.turkishStemmer,org.pitest.mutationtest.engine.gregor.mutators.NegateConditionalsMutator,r_stem_noun_suffixes,2150,NO_COVERAGE,none
turkishStemmer.java,org.tartarus.snowball.ext.turkishStemmer,org.pitest.mutationtest.engine.gregor.mutators.NegateConditionalsMutator,r_stem_noun_suffixes,2161,NO_COVERAGE,none
turkishStemmer.java,org.tartarus.snowball.ext.turkishStemmer,org.pitest.mutationtest.engine.gregor.mutators.NegateConditionalsMutator,r_stem_noun_suffixes,2179,SURVIVED,none
turkishStemmer.java,org.tartarus.snowball.ext.turkishStemmer,org.pitest.mutationtest.engine.gregor.mutators.NegateConditionalsMutator,r_stem_noun_suffixes,2187,SURVIVED,none
turkishStemmer.java,org.tartarus.snowball.ext.turkishStemmer,org.pitest.mutationtest.engine.gregor.mutators.NegateConditionalsMutator,r_stem_noun_suffixes,2199,SURVIVED,none
turkishStemmer.java,org.tartarus.snowball.ext.turkishStemmer,org.pitest.mutationtest.engine.gregor.mutators.NegateConditionalsMutator,r_stem_noun_suffixes,2214,NO_COVERAGE,none
turkishStemmer.java,org.tartarus.snowball.ext.turkishStemmer,org.pitest.mutationtest.engine.gregor.mutators.NegateConditionalsMutator,r_stem_noun_suffixes,2224,NO_COVERAGE,none
turkishStemmer.java,org.tartarus.snowball.ext.turkishStemmer,org.pitest.mutationtest.engine.gregor.mutators.NegateConditionalsMutator,r_stem_noun_suffixes,2235,SURVIVED,none
turkishStemmer.java,org.tartarus.snowball.ext.turkishStemmer,org.pitest.mutationtest.engine.gregor.mutators.NegateConditionalsMutator,r_stem_noun_suffixes,2248,SURVIVED,none
turkishStemmer.java,org.tartarus.snowball.ext.turkishStemmer,org.pitest.mutationtest.engine.gregor.mutators.NegateConditionalsMutator,r_stem_noun_suffixes,2269,NO_COVERAGE,none
turkishStemmer.java,org.tartarus.snowball.ext.turkishStemmer,org.pitest.mutationtest.engine.gregor.mutators.NegateConditionalsMutator,r_stem_noun_suffixes,2284,NO_COVERAGE,none
turkishStemmer.java,org.tartarus.snowball.ext.turkishStemmer,org.pitest.mutationtest.engine.gregor.mutators.NegateConditionalsMutator,r_stem_noun_suffixes,2294,NO_COVERAGE,none
turkishStemmer.java,org.tartarus.snowball.ext.turkishStemmer,org.pitest.mutationtest.engine.gregor.mutators.NegateConditionalsMutator,r_stem_noun_suffixes,2306,NO_COVERAGE,none
turkishStemmer.java,org.tartarus.snowball.ext.turkishStemmer,org.pitest.mutationtest.engine.gregor.mutators.NegateConditionalsMutator,r_stem_noun_suffixes,2319,NO_COVERAGE,none
turkishStemmer.java,org.tartarus.snowball.ext.turkishStemmer,org.pitest.mutationtest.engine.gregor.mutators.NegateConditionalsMutator,r_stem_noun_suffixes,2330,NO_COVERAGE,none
turkishStemmer.java,org.tartarus.snowball.ext.turkishStemmer,org.pitest.mutationtest.engine.gregor.mutators.NegateConditionalsMutator,r_stem_noun_suffixes,2349,SURVIVED,none
turkishStemmer.java,org.tartarus.snowball.ext.turkishStemmer,org.pitest.mutationtest.engine.gregor.mutators.NegateConditionalsMutator,r_stem_noun_suffixes,2357,SURVIVED,none
turkishStemmer.java,org.tartarus.snowball.ext.turkishStemmer,org.pitest.mutationtest.engine.gregor.mutators.NegateConditionalsMutator,r_stem_noun_suffixes,2378,NO_COVERAGE,none
turkishStemmer.java,org.tartarus.snowball.ext.turkishStemmer,org.pitest.mutationtest.engine.gregor.mutators.NegateConditionalsMutator,r_stem_noun_suffixes,2387,NO_COVERAGE,none
turkishStemmer.java,org.tartarus.snowball.ext.turkishStemmer,org.pitest.mutationtest.engine.gregor.mutators.NegateConditionalsMutator,r_stem_noun_suffixes,2403,NO_COVERAGE,none
turkishStemmer.java,org.tartarus.snowball.ext.turkishStemmer,org.pitest.mutationtest.engine.gregor.mutators.NegateConditionalsMutator,r_stem_noun_suffixes,2411,NO_COVERAGE,none
turkishStemmer.java,org.tartarus.snowball.ext.turkishStemmer,org.pitest.mutationtest.engine.gregor.mutators.NegateConditionalsMutator,r_stem_noun_suffixes,2427,NO_COVERAGE,none
turkishStemmer.java,org.tartarus.snowball.ext.turkishStemmer,org.pitest.mutationtest.engine.gregor.mutators.NegateConditionalsMutator,r_stem_noun_suffixes,2437,NO_COVERAGE,none
turkishStemmer.java,org.tartarus.snowball.ext.turkishStemmer,org.pitest.mutationtest.engine.gregor.mutators.NegateConditionalsMutator,r_stem_noun_suffixes,2447,NO_COVERAGE,none
turkishStemmer.java,org.tartarus.snowball.ext.turkishStemmer,org.pitest.mutationtest.engine.gregor.mutators.NegateConditionalsMutator,r_stem_noun_suffixes,2462,SURVIVED,none
turkishStemmer.java,org.tartarus.snowball.ext.turkishStemmer,org.pitest.mutationtest.engine.gregor.mutators.NegateConditionalsMutator,r_stem_noun_suffixes,2476,SURVIVED,none
turkishStemmer.java,org.tartarus.snowball.ext.turkishStemmer,org.pitest.mutationtest.engine.gregor.mutators.NegateConditionalsMutator,r_stem_noun_suffixes,2492,SURVIVED,none
turkishStemmer.java,org.tartarus.snowball.ext.turkishStemmer,org.pitest.mutationtest.engine.gregor.mutators.NegateConditionalsMutator,r_stem_noun_suffixes,2501,SURVIVED,none
turkishStemmer.java,org.tartarus.snowball.ext.turkishStemmer,org.pitest.mutationtest.engine.gregor.mutators.NegateConditionalsMutator,r_stem_noun_suffixes,2509,SURVIVED,none
turkishStemmer.java,org.tartarus.snowball.ext.turkishStemmer,org.pitest.mutationtest.engine.gregor.mutators.NegateConditionalsMutator,r_stem_noun_suffixes,2531,SURVIVED,none
turkishStemmer.java,org.tartarus.snowball.ext.turkishStemmer,org.pitest.mutationtest.engine.gregor.mutators.NegateConditionalsMutator,r_stem_noun_suffixes,2546,SURVIVED,none
turkishStemmer.java,org.tartarus.snowball.ext.turkishStemmer,org.pitest.mutationtest.engine.gregor.mutators.NegateConditionalsMutator,r_stem_noun_suffixes,2556,SURVIVED,none
turkishStemmer.java,org.tartarus.snowball.ext.turkishStemmer,org.pitest.mutationtest.engine.gregor.mutators.NegateConditionalsMutator,r_stem_noun_suffixes,2569,SURVIVED,none
turkishStemmer.java,org.tartarus.snowball.ext.turkishStemmer,org.pitest.mutationtest.engine.gregor.mutators.NegateConditionalsMutator,r_stem_noun_suffixes,2586,SURVIVED,none
turkishStemmer.java,org.tartarus.snowball.ext.turkishStemmer,org.pitest.mutationtest.engine.gregor.mutators.NegateConditionalsMutator,r_stem_noun_suffixes,2594,SURVIVED,none
turkishStemmer.java,org.tartarus.snowball.ext.turkishStemmer,org.pitest.mutationtest.engine.gregor.mutators.NegateConditionalsMutator,r_stem_noun_suffixes,2610,SURVIVED,none
turkishStemmer.java,org.tartarus.snowball.ext.turkishStemmer,org.pitest.mutationtest.engine.gregor.mutators.NegateConditionalsMutator,r_stem_noun_suffixes,2620,NO_COVERAGE,none
turkishStemmer.java,org.tartarus.snowball.ext.turkishStemmer,org.pitest.mutationtest.engine.gregor.mutators.NonVoidMethodCallMutator,r_stem_noun_suffixes,1947,SURVIVED,none
turkishStemmer.java,org.tartarus.snowball.ext.turkishStemmer,org.pitest.mutationtest.engine.gregor.mutators.NonVoidMethodCallMutator,r_stem_noun_suffixes,1960,NO_COVERAGE,none
turkishStemmer.java,org.tartarus.snowball.ext.turkishStemmer,org.pitest.mutationtest.engine.gregor.mutators.NonVoidMethodCallMutator,r_stem_noun_suffixes,1974,SURVIVED,none
turkishStemmer.java,org.tartarus.snowball.ext.turkishStemmer,org.pitest.mutationtest.engine.gregor.mutators.NonVoidMethodCallMutator,r_stem_noun_suffixes,1994,NO_COVERAGE,none
turkishStemmer.java,org.tartarus.snowball.ext.turkishStemmer,org.pitest.mutationtest.engine.gregor.mutators.NonVoidMethodCallMutator,r_stem_noun_suffixes,2014,NO_COVERAGE,none
turkishStemmer.java,org.tartarus.snowball.ext.turkishStemmer,org.pitest.mutationtest.engine.gregor.mutators.NonVoidMethodCallMutator,r_stem_noun_suffixes,2022,NO_COVERAGE,none
turkishStemmer.java,org.tartarus.snowball.ext.turkishStemmer,org.pitest.mutationtest.engine.gregor.mutators.NonVoidMethodCallMutator,r_stem_noun_suffixes,2038,NO_COVERAGE,none
turkishStemmer.java,org.tartarus.snowball.ext.turkishStemmer,org.pitest.mutationtest.engine.gregor.mutators.NonVoidMethodCallMutator,r_stem_noun_suffixes,2048,NO_COVERAGE,none
turkishStemmer.java,org.tartarus.snowball.ext.turkishStemmer,org.pitest.mutationtest.engine.gregor.mutators.NonVoidMethodCallMutator,r_stem_noun_suffixes,2061,NO_COVERAGE,none
turkishStemmer.java,org.tartarus.snowball.ext.turkishStemmer,org.pitest.mutationtest.engine.gregor.mutators.NonVoidMethodCallMutator,r_stem_noun_suffixes,2071,NO_COVERAGE,none
turkishStemmer.java,org.tartarus.snowball.ext.turkishStemmer,org.pitest.mutationtest.engine.gregor.mutators.NonVoidMethodCallMutator,r_stem_noun_suffixes,2091,SURVIVED,none
turkishStemmer.java,org.tartarus.snowball.ext.turkishStemmer,org.pitest.mutationtest.engine.gregor.mutators.NonVoidMethodCallMutator,r_stem_noun_suffixes,2099,SURVIVED,none
turkishStemmer.java,org.tartarus.snowball.ext.turkishStemmer,org.pitest.mutationtest.engine.gregor.mutators.NonVoidMethodCallMutator,r_stem_noun_suffixes,2111,NO_COVERAGE,none
turkishStemmer.java,org.tartarus.snowball.ext.turkishStemmer,org.pitest.mutationtest.engine.gregor.mutators.NonVoidMethodCallMutator,r_stem_noun_suffixes,2125,NO_COVERAGE,none
turkishStemmer.java,org.tartarus.snowball.ext.turkishStemmer,org.pitest.mutationtest.engine.gregor.mutators.NonVoidMethodCallMutator,r_stem_noun_suffixes,2140,NO_COVERAGE,none
turkishStemmer.java,org.tartarus.snowball.ext.turkishStemmer,org.pitest.mutationtest.engine.gregor.mutators.NonVoidMethodCallMutator,r_stem_noun_suffixes,2150,NO_COVERAGE,none
turkishStemmer.java,org.tartarus.snowball.ext.turkishStemmer,org.pitest.mutationtest.engine.gregor.mutators.NonVoidMethodCallMutator,r_stem_noun_suffixes,2161,NO_COVERAGE,none
turkishStemmer.java,org.tartarus.snowball.ext.turkishStemmer,org.pitest.mutationtest.engine.gregor.mutators.NonVoidMethodCallMutator,r_stem_noun_suffixes,2179,SURVIVED,none
turkishStemmer.java,org.tartarus.snowball.ext.turkishStemmer,org.pitest.mutationtest.engine.gregor.mutators.NonVoidMethodCallMutator,r_stem_noun_suffixes,2187,SURVIVED,none
turkishStemmer.java,org.tartarus.snowball.ext.turkishStemmer,org.pitest.mutationtest.engine.gregor.mutators.NonVoidMethodCallMutator,r_stem_noun_suffixes,2199,SURVIVED,none
turkishStemmer.java,org.tartarus.snowball.ext.turkishStemmer,org.pitest.mutationtest.engine.gregor.mutators.NonVoidMethodCallMutator,r_stem_noun_suffixes,2214,NO_COVERAGE,none
turkishStemmer.java,org.tartarus.snowball.ext.turkishStemmer,org.pitest.mutationtest.engine.gregor.mutators.NonVoidMethodCallMutator,r_stem_noun_suffixes,2224,NO_COVERAGE,none
turkishStemmer.java,org.tartarus.snowball.ext.turkishStemmer,org.pitest.mutationtest.engine.gregor.mutators.NonVoidMethodCallMutator,r_stem_noun_suffixes,2235,SURVIVED,none
turkishStemmer.java,org.tartarus.snowball.ext.turkishStemmer,org.pitest.mutationtest.engine.gregor.mutators.NonVoidMethodCallMutator,r_stem_noun_suffixes,2248,SURVIVED,none
turkishStemmer.java,org.tartarus.snowball.ext.turkishStemmer,org.pitest.mutationtest.engine.gregor.mutators.NonVoidMethodCallMutator,r_stem_noun_suffixes,2269,NO_COVERAGE,none
turkishStemmer.java,org.tartarus.snowball.ext.turkishStemmer,org.pitest.mutationtest.engine.gregor.mutators.NonVoidMethodCallMutator,r_stem_noun_suffixes,2284,NO_COVERAGE,none
turkishStemmer.java,org.tartarus.snowball.ext.turkishStemmer,org.pitest.mutationtest.engine.gregor.mutators.NonVoidMethodCallMutator,r_stem_noun_suffixes,2294,NO_COVERAGE,none
turkishStemmer.java,org.tartarus.snowball.ext.turkishStemmer,org.pitest.mutationtest.engine.gregor.mutators.NonVoidMethodCallMutator,r_stem_noun_suffixes,2306,NO_COVERAGE,none
turkishStemmer.java,org.tartarus.snowball.ext.turkishStemmer,org.pitest.mutationtest.engine.gregor.mutators.NonVoidMethodCallMutator,r_stem_noun_suffixes,2319,NO_COVERAGE,none
turkishStemmer.java,org.tartarus.snowball.ext.turkishStemmer,org.pitest.mutationtest.engine.gregor.mutators.NonVoidMethodCallMutator,r_stem_noun_suffixes,2330,NO_COVERAGE,none
turkishStemmer.java,org.tartarus.snowball.ext.turkishStemmer,org.pitest.mutationtest.engine.gregor.mutators.NonVoidMethodCallMutator,r_stem_noun_suffixes,2349,SURVIVED,none
turkishStemmer.java,org.tartarus.snowball.ext.turkishStemmer,org.pitest.mutationtest.engine.gregor.mutators.NonVoidMethodCallMutator,r_stem_noun_suffixes,2357,SURVIVED,none
turkishStemmer.java,org.tartarus.snowball.ext.turkishStemmer,org.pitest.mutationtest.engine.gregor.mutators.NonVoidMethodCallMutator,r_stem_noun_suffixes,2378,NO_COVERAGE,none
turkishStemmer.java,org.tartarus.snowball.ext.turkishStemmer,org.pitest.mutationtest.engine.gregor.mutators.NonVoidMethodCallMutator,r_stem_noun_suffixes,2387,NO_COVERAGE,none
turkishStemmer.java,org.tartarus.snowball.ext.turkishStemmer,org.pitest.mutationtest.engine.gregor.mutators.NonVoidMethodCallMutator,r_stem_noun_suffixes,2403,NO_COVERAGE,none
turkishStemmer.java,org.tartarus.snowball.ext.turkishStemmer,org.pitest.mutationtest.engine.gregor.mutators.NonVoidMethodCallMutator,r_stem_noun_suffixes,2411,NO_COVERAGE,none
turkishStemmer.java,org.tartarus.snowball.ext.turkishStemmer,org.pitest.mutationtest.engine.gregor.mutators.NonVoidMethodCallMutator,r_stem_noun_suffixes,2427,NO_COVERAGE,none
turkishStemmer.java,org.tartarus.snowball.ext.turkishStemmer,org.pitest.mutationtest.engine.gregor.mutators.NonVoidMethodCallMutator,r_stem_noun_suffixes,2437,NO_COVERAGE,none
turkishStemmer.java,org.tartarus.snowball.ext.turkishStemmer,org.pitest.mutationtest.engine.gregor.mutators.NonVoidMethodCallMutator,r_stem_noun_suffixes,2447,NO_COVERAGE,none
turkishStemmer.java,org.tartarus.snowball.ext.turkishStemmer,org.pitest.mutationtest.engine.gregor.mutators.NonVoidMethodCallMutator,r_stem_noun_suffixes,2462,SURVIVED,none
turkishStemmer.java,org.tartarus.snowball.ext.turkishStemmer,org.pitest.mutationtest.engine.gregor.mutators.NonVoidMethodCallMutator,r_stem_noun_suffixes,2476,SURVIVED,none
turkishStemmer.java,org.tartarus.snowball.ext.turkishStemmer,org.pitest.mutationtest.engine.gregor.mutators.NonVoidMethodCallMutator,r_stem_noun_suffixes,2492,SURVIVED,none
turkishStemmer.java,org.tartarus.snowball.ext.turkishStemmer,org.pitest.mutationtest.engine.gregor.mutators.NonVoidMethodCallMutator,r_stem_noun_suffixes,2501,SURVIVED,none
turkishStemmer.java,org.tartarus.snowball.ext.turkishStemmer,org.pitest.mutationtest.engine.gregor.mutators.NonVoidMethodCallMutator,r_stem_noun_suffixes,2509,SURVIVED,none
turkishStemmer.java,org.tartarus.snowball.ext.turkishStemmer,org.pitest.mutationtest.engine.gregor.mutators.NonVoidMethodCallMutator,r_stem_noun_suffixes,2531,SURVIVED,none
turkishStemmer.java,org.tartarus.snowball.ext.turkishStemmer,org.pitest.mutationtest.engine.gregor.mutators.NonVoidMethodCallMutator,r_stem_noun_suffixes,2546,SURVIVED,none
turkishStemmer.java,org.tartarus.snowball.ext.turkishStemmer,org.pitest.mutationtest.engine.gregor.mutators.NonVoidMethodCallMutator,r_stem_noun_suffixes,2556,SURVIVED,none
turkishStemmer.java,org.tartarus.snowball.ext.turkishStemmer,org.pitest.mutationtest.engine.gregor.mutators.NonVoidMethodCallMutator,r_stem_noun_suffixes,2569,SURVIVED,none
turkishStemmer.java,org.tartarus.snowball.ext.turkishStemmer,org.pitest.mutationtest.engine.gregor.mutators.NonVoidMethodCallMutator,r_stem_noun_suffixes,2586,SURVIVED,none
turkishStemmer.java,org.tartarus.snowball.ext.turkishStemmer,org.pitest.mutationtest.engine.gregor.mutators.NonVoidMethodCallMutator,r_stem_noun_suffixes,2594,SURVIVED,none
turkishStemmer.java,org.tartarus.snowball.ext.turkishStemmer,org.pitest.mutationtest.engine.gregor.mutators.NonVoidMethodCallMutator,r_stem_noun_suffixes,2610,SURVIVED,none
turkishStemmer.java,org.tartarus.snowball.ext.turkishStemmer,org.pitest.mutationtest.engine.gregor.mutators.NonVoidMethodCallMutator,r_stem_noun_suffixes,2620,NO_COVERAGE,none
turkishStemmer.java,org.tartarus.snowball.ext.turkishStemmer,org.pitest.mutationtest.engine.gregor.mutators.RemoveConditionalMutator_EQUAL_ELSE,r_stem_noun_suffixes,1947,SURVIVED,none
turkishStemmer.java,org.tartarus.snowball.ext.turkishStemmer,org.pitest.mutationtest.engine.gregor.mutators.RemoveConditionalMutator_EQUAL_ELSE,r_stem_noun_suffixes,1960,NO_COVERAGE,none
turkishStemmer.java,org.tartarus.snowball.ext.turkishStemmer,org.pitest.mutationtest.engine.gregor.mutators.RemoveConditionalMutator_EQUAL_ELSE,r_stem_noun_suffixes,1974,SURVIVED,none
turkishStemmer.java,org.tartarus.snowball.ext.turkishStemmer,org.pitest.mutationtest.engine.gregor.mutators.RemoveConditionalMutator_EQUAL_ELSE,r_stem_noun_suffixes,1994,NO_COVERAGE,none
turkishStemmer.java,org.tartarus.snowball.ext.turkishStemmer,org.pitest.mutationtest.engine.gregor.mutators.RemoveConditionalMutator_EQUAL_ELSE,r_stem_noun_suffixes,2014,NO_COVERAGE,none
turkishStemmer.java,org.tartarus.snowball.ext.turkishStemmer,org.pitest.mutationtest.engine.gregor.mutators.RemoveConditionalMutator_EQUAL_ELSE,r_stem_noun_suffixes,2022,NO_COVERAGE,none
turkishStemmer.java,org.tartarus.snowball.ext.turkishStemmer,org.pitest.mutationtest.engine.gregor.mutators.RemoveConditionalMutator_EQUAL_ELSE,r_stem_noun_suffixes,2038,NO_COVERAGE,none
turkishStemmer.java,org.tartarus.snowball.ext.turkishStemmer,org.pitest.mutationtest.engine.gregor.mutators.RemoveConditionalMutator_EQUAL_ELSE,r_stem_noun_suffixes,2048,NO_COVERAGE,none
turkishStemmer.java,org.tartarus.snowball.ext.turkishStemmer,org.pitest.mutationtest.engine.gregor.mutators.RemoveConditionalMutator_EQUAL_ELSE,r_stem_noun_suffixes,2061,NO_COVERAGE,none
turkishStemmer.java,org.tartarus.snowball.ext.turkishStemmer,org.pitest.mutationtest.engine.gregor.mutators.RemoveConditionalMutator_EQUAL_ELSE,r_stem_noun_suffixes,2071,NO_COVERAGE,none
turkishStemmer.java,org.tartarus.snowball.ext.turkishStemmer,org.pitest.mutationtest.engine.gregor.mutators.RemoveConditionalMutator_EQUAL_ELSE,r_stem_noun_suffixes,2091,SURVIVED,none
turkishStemmer.java,org.tartarus.snowball.ext.turkishStemmer,org.pitest.mutationtest.engine.gregor.mutators.RemoveConditionalMutator_EQUAL_ELSE,r_stem_noun_suffixes,2099,SURVIVED,none
turkishStemmer.java,org.tartarus.snowball.ext.turkishStemmer,org.pitest.mutationtest.engine.gregor.mutators.RemoveConditionalMutator_EQUAL_ELSE,r_stem_noun_suffixes,2111,NO_COVERAGE,none
turkishStemmer.java,org.tartarus.snowball.ext.turkishStemmer,org.pitest.mutationtest.engine.gregor.mutators.RemoveConditionalMutator_EQUAL_ELSE,r_stem_noun_suffixes,2125,NO_COVERAGE,none
turkishStemmer.java,org.tartarus.snowball.ext.turkishStemmer,org.pitest.mutationtest.engine.gregor.mutators.RemoveConditionalMutator_EQUAL_ELSE,r_stem_noun_suffixes,2140,NO_COVERAGE,none
turkishStemmer.java,org.tartarus.snowball.ext.turkishStemmer,org.pitest.mutationtest.engine.gregor.mutators.RemoveConditionalMutator_EQUAL_ELSE,r_stem_noun_suffixes,2150,NO_COVERAGE,none
turkishStemmer.java,org.tartarus.snowball.ext.turkishStemmer,org.pitest.mutationtest.engine.gregor.mutators.RemoveConditionalMutator_EQUAL_ELSE,r_stem_noun_suffixes,2161,NO_COVERAGE,none
turkishStemmer.java,org.tartarus.snowball.ext.turkishStemmer,org.pitest.mutationtest.engine.gregor.mutators.RemoveConditionalMutator_EQUAL_ELSE,r_stem_noun_suffixes,2179,SURVIVED,none
turkishStemmer.java,org.tartarus.snowball.ext.turkishStemmer,org.pitest.mutationtest.engine.gregor.mutators.RemoveConditionalMutator_EQUAL_ELSE,r_stem_noun_suffixes,2187,SURVIVED,none
turkishStemmer.java,org.tartarus.snowball.ext.turkishStemmer,org.pitest.mutationtest.engine.gregor.mutators.RemoveConditionalMutator_EQUAL_ELSE,r_stem_noun_suffixes,2199,SURVIVED,none
turkishStemmer.java,org.tartarus.snowball.ext.turkishStemmer,org.pitest.mutationtest.engine.gregor.mutators.RemoveConditionalMutator_EQUAL_ELSE,r_stem_noun_suffixes,2214,NO_COVERAGE,none
turkishStemmer.java,org.tartarus.snowball.ext.turkishStemmer,org.pitest.mutationtest.engine.gregor.mutators.RemoveConditionalMutator_EQUAL_ELSE,r_stem_noun_suffixes,2224,NO_COVERAGE,none
turkishStemmer.java,org.tartarus.snowball.ext.turkishStemmer,org.pitest.mutationtest.engine.gregor.mutators.RemoveConditionalMutator_EQUAL_ELSE,r_stem_noun_suffixes,2235,SURVIVED,none
turkishStemmer.java,org.tartarus.snowball.ext.turkishStemmer,org.pitest.mutationtest.engine.gregor.mutators.RemoveConditionalMutator_EQUAL_ELSE,r_stem_noun_suffixes,2248,SURVIVED,none
turkishStemmer.java,org.tartarus.snowball.ext.turkishStemmer,org.pitest.mutationtest.engine.gregor.mutators.RemoveConditionalMutator_EQUAL_ELSE,r_stem_noun_suffixes,2269,NO_COVERAGE,none
turkishStemmer.java,org.tartarus.snowball.ext.turkishStemmer,org.pitest.mutationtest.engine.gregor.mutators.RemoveConditionalMutator_EQUAL_ELSE,r_stem_noun_suffixes,2284,NO_COVERAGE,none
turkishStemmer.java,org.tartarus.snowball.ext.turkishStemmer,org.pitest.mutationtest.engine.gregor.mutators.RemoveConditionalMutator_EQUAL_ELSE,r_stem_noun_suffixes,2294,NO_COVERAGE,none
turkishStemmer.java,org.tartarus.snowball.ext.turkishStemmer,org.pitest.mutationtest.engine.gregor.mutators.RemoveConditionalMutator_EQUAL_ELSE,r_stem_noun_suffixes,2306,NO_COVERAGE,none
turkishStemmer.java,org.tartarus.snowball.ext.turkishStemmer,org.pitest.mutationtest.engine.gregor.mutators.RemoveConditionalMutator_EQUAL_ELSE,r_stem_noun_suffixes,2319,NO_COVERAGE,none
turkishStemmer.java,org.tartarus.snowball.ext.turkishStemmer,org.pitest.mutationtest.engine.gregor.mutators.RemoveConditionalMutator_EQUAL_ELSE,r_stem_noun_suffixes,2330,NO_COVERAGE,none
turkishStemmer.java,org.tartarus.snowball.ext.turkishStemmer,org.pitest.mutationtest.engine.gregor.mutators.RemoveConditionalMutator_EQUAL_ELSE,r_stem_noun_suffixes,2349,SURVIVED,none
turkishStemmer.java,org.tartarus.snowball.ext.turkishStemmer,org.pitest.mutationtest.engine.gregor.mutators.RemoveConditionalMutator_EQUAL_ELSE,r_stem_noun_suffixes,2357,SURVIVED,none
turkishStemmer.java,org.tartarus.snowball.ext.turkishStemmer,org.pitest.mutationtest.engine.gregor.mutators.RemoveConditionalMutator_EQUAL_ELSE,r_stem_noun_suffixes,2378,NO_COVERAGE,none
turkishStemmer.java,org.tartarus.snowball.ext.turkishStemmer,org.pitest.mutationtest.engine.gregor.mutators.RemoveConditionalMutator_EQUAL_ELSE,r_stem_noun_suffixes,2387,NO_COVERAGE,none
turkishStemmer.java,org.tartarus.snowball.ext.turkishStemmer,org.pitest.mutationtest.engine.gregor.mutators.RemoveConditionalMutator_EQUAL_ELSE,r_stem_noun_suffixes,2403,NO_COVERAGE,none
turkishStemmer.java,org.tartarus.snowball.ext.turkishStemmer,org.pitest.mutationtest.engine.gregor.mutators.RemoveConditionalMutator_EQUAL_ELSE,r_stem_noun_suffixes,2411,NO_COVERAGE,none
turkishStemmer.java,org.tartarus.snowball.ext.turkishStemmer,org.pitest.mutationtest.engine.gregor.mutators.RemoveConditionalMutator_EQUAL_ELSE,r_stem_noun_suffixes,2427,NO_COVERAGE,none
turkishStemmer.java,org.tartarus.snowball.ext.turkishStemmer,org.pitest.mutationtest.engine.gregor.mutators.RemoveConditionalMutator_EQUAL_ELSE,r_stem_noun_suffixes,2437,NO_COVERAGE,none
turkishStemmer.java,org.tartarus.snowball.ext.turkishStemmer,org.pitest.mutationtest.engine.gregor.mutators.RemoveConditionalMutator_EQUAL_ELSE,r_stem_noun_suffixes,2447,NO_COVERAGE,none
turkishStemmer.java,org.tartarus.snowball.ext.turkishStemmer,org.pitest.mutationtest.engine.gregor.mutators.RemoveConditionalMutator_EQUAL_ELSE,r_stem_noun_suffixes,2462,SURVIVED,none
turkishStemmer.java,org.tartarus.snowball.ext.turkishStemmer,org.pitest.mutationtest.engine.gregor.mutators.RemoveConditionalMutator_EQUAL_ELSE,r_stem_noun_suffixes,2476,SURVIVED,none
turkishStemmer.java,org.tartarus.snowball.ext.turkishStemmer,org.pitest.mutationtest.engine.gregor.mutators.RemoveConditionalMutator_EQUAL_ELSE,r_stem_noun_suffixes,2492,SURVIVED,none
turkishStemmer.java,org.tartarus.snowball.ext.turkishStemmer,org.pitest.mutationtest.engine.gregor.mutators.RemoveConditionalMutator_EQUAL_ELSE,r_stem_noun_suffixes,2501,SURVIVED,none
turkishStemmer.java,org.tartarus.snowball.ext.turkishStemmer,org.pitest.mutationtest.engine.gregor.mutators.RemoveConditionalMutator_EQUAL_ELSE,r_stem_noun_suffixes,2509,SURVIVED,none
turkishStemmer.java,org.tartarus.snowball.ext.turkishStemmer,org.pitest.mutationtest.engine.gregor.mutators.RemoveConditionalMutator_EQUAL_ELSE,r_stem_noun_suffixes,2531,SURVIVED,none
turkishStemmer.java,org.tartarus.snowball.ext.turkishStemmer,org.pitest.mutationtest.engine.gregor.mutators.RemoveConditionalMutator_EQUAL_ELSE,r_stem_noun_suffixes,2546,SURVIVED,none
turkishStemmer.java,org.tartarus.snowball.ext.turkishStemmer,org.pitest.mutationtest.engine.gregor.mutators.RemoveConditionalMutator_EQUAL_ELSE,r_stem_noun_suffixes,2556,SURVIVED,none
turkishStemmer.java,org.tartarus.snowball.ext.turkishStemmer,org.pitest.mutationtest.engine.gregor.mutators.RemoveConditionalMutator_EQUAL_ELSE,r_stem_noun_suffixes,2569,SURVIVED,none
turkishStemmer.java,org.tartarus.snowball.ext.turkishStemmer,org.pitest.mutationtest.engine.gregor.mutators.RemoveConditionalMutator_EQUAL_ELSE,r_stem_noun_suffixes,2586,SURVIVED,none
turkishStemmer.java,org.tartarus.snowball.ext.turkishStemmer,org.pitest.mutationtest.engine.gregor.mutators.RemoveConditionalMutator_EQUAL_ELSE,r_stem_noun_suffixes,2594,SURVIVED,none
turkishStemmer.java,org.tartarus.snowball.ext.turkishStemmer,org.pitest.mutationtest.engine.gregor.mutators.RemoveConditionalMutator_EQUAL_ELSE,r_stem_noun_suffixes,2610,SURVIVED,none
turkishStemmer.java,org.tartarus.snowball.ext.turkishStemmer,org.pitest.mutationtest.engine.gregor.mutators.RemoveConditionalMutator_EQUAL_ELSE,r_stem_noun_suffixes,2620,NO_COVERAGE,none
turkishStemmer.java,org.tartarus.snowball.ext.turkishStemmer,org.pitest.mutationtest.engine.gregor.mutators.RemoveConditionalMutator_EQUAL_IF,r_stem_noun_suffixes,1947,SURVIVED,none
turkishStemmer.java,org.tartarus.snowball.ext.turkishStemmer,org.pitest.mutationtest.engine.gregor.mutators.RemoveConditionalMutator_EQUAL_IF,r_stem_noun_suffixes,1960,NO_COVERAGE,none
turkishStemmer.java,org.tartarus.snowball.ext.turkishStemmer,org.pitest.mutationtest.engine.gregor.mutators.RemoveConditionalMutator_EQUAL_IF,r_stem_noun_suffixes,1974,SURVIVED,none
turkishStemmer.java,org.tartarus.snowball.ext.turkishStemmer,org.pitest.mutationtest.engine.gregor.mutators.RemoveConditionalMutator_EQUAL_IF,r_stem_noun_suffixes,1994,NO_COVERAGE,none
turkishStemmer.java,org.tartarus.snowball.ext.turkishStemmer,org.pitest.mutationtest.engine.gregor.mutators.RemoveConditionalMutator_EQUAL_IF,r_stem_noun_suffixes,2014,NO_COVERAGE,none
turkishStemmer.java,org.tartarus.snowball.ext.turkishStemmer,org.pitest.mutationtest.engine.gregor.mutators.RemoveConditionalMutator_EQUAL_IF,r_stem_noun_suffixes,2022,NO_COVERAGE,none
turkishStemmer.java,org.tartarus.snowball.ext.turkishStemmer,org.pitest.mutationtest.engine.gregor.mutators.RemoveConditionalMutator_EQUAL_IF,r_stem_noun_suffixes,2038,NO_COVERAGE,none
turkishStemmer.java,org.tartarus.snowball.ext.turkishStemmer,org.pitest.mutationtest.engine.gregor.mutators.RemoveConditionalMutator_EQUAL_IF,r_stem_noun_suffixes,2048,NO_COVERAGE,none
turkishStemmer.java,org.tartarus.snowball.ext.turkishStemmer,org.pitest.mutationtest.engine.gregor.mutators.RemoveConditionalMutator_EQUAL_IF,r_stem_noun_suffixes,2061,NO_COVERAGE,none
turkishStemmer.java,org.tartarus.snowball.ext.turkishStemmer,org.pitest.mutationtest.engine.gregor.mutators.RemoveConditionalMutator_EQUAL_IF,r_stem_noun_suffixes,2071,NO_COVERAGE,none
turkishStemmer.java,org.tartarus.snowball.ext.turkishStemmer,org.pitest.mutationtest.engine.gregor.mutators.RemoveConditionalMutator_EQUAL_IF,r_stem_noun_suffixes,2091,SURVIVED,none
turkishStemmer.java,org.tartarus.snowball.ext.turkishStemmer,org.pitest.mutationtest.engine.gregor.mutators.RemoveConditionalMutator_EQUAL_IF,r_stem_noun_suffixes,2099,SURVIVED,none
turkishStemmer.java,org.tartarus.snowball.ext.turkishStemmer,org.pitest.mutationtest.engine.gregor.mutators.RemoveConditionalMutator_EQUAL_IF,r_stem_noun_suffixes,2111,NO_COVERAGE,none
turkishStemmer.java,org.tartarus.snowball.ext.turkishStemmer,org.pitest.mutationtest.engine.gregor.mutators.RemoveConditionalMutator_EQUAL_IF,r_stem_noun_suffixes,2125,NO_COVERAGE,none
turkishStemmer.java,org.tartarus.snowball.ext.turkishStemmer,org.pitest.mutationtest.engine.gregor.mutators.RemoveConditionalMutator_EQUAL_IF,r_stem_noun_suffixes,2140,NO_COVERAGE,none
turkishStemmer.java,org.tartarus.snowball.ext.turkishStemmer,org.pitest.mutationtest.engine.gregor.mutators.RemoveConditionalMutator_EQUAL_IF,r_stem_noun_suffixes,2150,NO_COVERAGE,none
turkishStemmer.java,org.tartarus.snowball.ext.turkishStemmer,org.pitest.mutationtest.engine.gregor.mutators.RemoveConditionalMutator_EQUAL_IF,r_stem_noun_suffixes,2161,NO_COVERAGE,none
turkishStemmer.java,org.tartarus.snowball.ext.turkishStemmer,org.pitest.mutationtest.engine.gregor.mutators.RemoveConditionalMutator_EQUAL_IF,r_stem_noun_suffixes,2179,SURVIVED,none
turkishStemmer.java,org.tartarus.snowball.ext.turkishStemmer,org.pitest.mutationtest.engine.gregor.mutators.RemoveConditionalMutator_EQUAL_IF,r_stem_noun_suffixes,2187,SURVIVED,none
turkishStemmer.java,org.tartarus.snowball.ext.turkishStemmer,org.pitest.mutationtest.engine.gregor.mutators.RemoveConditionalMutator_EQUAL_IF,r_stem_noun_suffixes,2199,SURVIVED,none
turkishStemmer.java,org.tartarus.snowball.ext.turkishStemmer,org.pitest.mutationtest.engine.gregor.mutators.RemoveConditionalMutator_EQUAL_IF,r_stem_noun_suffixes,2214,NO_COVERAGE,none
turkishStemmer.java,org.tartarus.snowball.ext.turkishStemmer,org.pitest.mutationtest.engine.gregor.mutators.RemoveConditionalMutator_EQUAL_IF,r_stem_noun_suffixes,2224,NO_COVERAGE,none
turkishStemmer.java,org.tartarus.snowball.ext.turkishStemmer,org.pitest.mutationtest.engine.gregor.mutators.RemoveConditionalMutator_EQUAL_IF,r_stem_noun_suffixes,2235,SURVIVED,none
turkishStemmer.java,org.tartarus.snowball.ext.turkishStemmer,org.pitest.mutationtest.engine.gregor.mutators.RemoveConditionalMutator_EQUAL_IF,r_stem_noun_suffixes,2248,SURVIVED,none
turkishStemmer.java,org.tartarus.snowball.ext.turkishStemmer,org.pitest.mutationtest.engine.gregor.mutators.RemoveConditionalMutator_EQUAL_IF,r_stem_noun_suffixes,2269,NO_COVERAGE,none
turkishStemmer.java,org.tartarus.snowball.ext.turkishStemmer,org.pitest.mutationtest.engine.gregor.mutators.RemoveConditionalMutator_EQUAL_IF,r_stem_noun_suffixes,2284,NO_COVERAGE,none
turkishStemmer.java,org.tartarus.snowball.ext.turkishStemmer,org.pitest.mutationtest.engine.gregor.mutators.RemoveConditionalMutator_EQUAL_IF,r_stem_noun_suffixes,2294,NO_COVERAGE,none
turkishStemmer.java,org.tartarus.snowball.ext.turkishStemmer,org.pitest.mutationtest.engine.gregor.mutators.RemoveConditionalMutator_EQUAL_IF,r_stem_noun_suffixes,2306,NO_COVERAGE,none
turkishStemmer.java,org.tartarus.snowball.ext.turkishStemmer,org.pitest.mutationtest.engine.gregor.mutators.RemoveConditionalMutator_EQUAL_IF,r_stem_noun_suffixes,2319,NO_COVERAGE,none
turkishStemmer.java,org.tartarus.snowball.ext.turkishStemmer,org.pitest.mutationtest.engine.gregor.mutators.RemoveConditionalMutator_EQUAL_IF,r_stem_noun_suffixes,2330,NO_COVERAGE,none
turkishStemmer.java,org.tartarus.snowball.ext.turkishStemmer,org.pitest.mutationtest.engine.gregor.mutators.RemoveConditionalMutator_EQUAL_IF,r_stem_noun_suffixes,2349,SURVIVED,none
turkishStemmer.java,org.tartarus.snowball.ext.turkishStemmer,org.pitest.mutationtest.engine.gregor.mutators.RemoveConditionalMutator_EQUAL_IF,r_stem_noun_suffixes,2357,SURVIVED,none
turkishStemmer.java,org.tartarus.snowball.ext.turkishStemmer,org.pitest.mutationtest.engine.gregor.mutators.RemoveConditionalMutator_EQUAL_IF,r_stem_noun_suffixes,2378,NO_COVERAGE,none
turkishStemmer.java,org.tartarus.snowball.ext.turkishStemmer,org.pitest.mutationtest.engine.gregor.mutators.RemoveConditionalMutator_EQUAL_IF,r_stem_noun_suffixes,2387,NO_COVERAGE,none
turkishStemmer.java,org.tartarus.snowball.ext.turkishStemmer,org.pitest.mutationtest.engine.gregor.mutators.RemoveConditionalMutator_EQUAL_IF,r_stem_noun_suffixes,2403,NO_COVERAGE,none
turkishStemmer.java,org.tartarus.snowball.ext.turkishStemmer,org.pitest.mutationtest.engine.gregor.mutators.RemoveConditionalMutator_EQUAL_IF,r_stem_noun_suffixes,2411,NO_COVERAGE,none
turkishStemmer.java,org.tartarus.snowball.ext.turkishStemmer,org.pitest.mutationtest.engine.gregor.mutators.RemoveConditionalMutator_EQUAL_IF,r_stem_noun_suffixes,2427,NO_COVERAGE,none
turkishStemmer.java,org.tartarus.snowball.ext.turkishStemmer,org.pitest.mutationtest.engine.gregor.mutators.RemoveConditionalMutator_EQUAL_IF,r_stem_noun_suffixes,2437,NO_COVERAGE,none
turkishStemmer.java,org.tartarus.snowball.ext.turkishStemmer,org.pitest.mutationtest.engine.gregor.mutators.RemoveConditionalMutator_EQUAL_IF,r_stem_noun_suffixes,2447,NO_COVERAGE,none
turkishStemmer.java,org.tartarus.snowball.ext.turkishStemmer,org.pitest.mutationtest.engine.gregor.mutators.RemoveConditionalMutator_EQUAL_IF,r_stem_noun_suffixes,2462,SURVIVED,none
turkishStemmer.java,org.tartarus.snowball.ext.turkishStemmer,org.pitest.mutationtest.engine.gregor.mutators.RemoveConditionalMutator_EQUAL_IF,r_stem_noun_suffixes,2476,SURVIVED,none
turkishStemmer.java,org.tartarus.snowball.ext.turkishStemmer,org.pitest.mutationtest.engine.gregor.mutators.RemoveConditionalMutator_EQUAL_IF,r_stem_noun_suffixes,2492,SURVIVED,none
turkishStemmer.java,org.tartarus.snowball.ext.turkishStemmer,org.pitest.mutationtest.engine.gregor.mutators.RemoveConditionalMutator_EQUAL_IF,r_stem_noun_suffixes,2501,SURVIVED,none
turkishStemmer.java,org.tartarus.snowball.ext.turkishStemmer,org.pitest.mutationtest.engine.gregor.mutators.RemoveConditionalMutator_EQUAL_IF,r_stem_noun_suffixes,2509,SURVIVED,none
turkishStemmer.java,org.tartarus.snowball.ext.turkishStemmer,org.pitest.mutationtest.engine.gregor.mutators.RemoveConditionalMutator_EQUAL_IF,r_stem_noun_suffixes,2531,SURVIVED,none
turkishStemmer.java,org.tartarus.snowball.ext.turkishStemmer,org.pitest.mutationtest.engine.gregor.mutators.RemoveConditionalMutator_EQUAL_IF,r_stem_noun_suffixes,2546,SURVIVED,none
turkishStemmer.java,org.tartarus.snowball.ext.turkishStemmer,org.pitest.mutationtest.engine.gregor.mutators.RemoveConditionalMutator_EQUAL_IF,r_stem_noun_suffixes,2556,SURVIVED,none
turkishStemmer.java,org.tartarus.snowball.ext.turkishStemmer,org.pitest.mutationtest.engine.gregor.mutators.RemoveConditionalMutator_EQUAL_IF,r_stem_noun_suffixes,2569,SURVIVED,none
turkishStemmer.java,org.tartarus.snowball.ext.turkishStemmer,org.pitest.mutationtest.engine.gregor.mutators.RemoveConditionalMutator_EQUAL_IF,r_stem_noun_suffixes,2586,SURVIVED,none
turkishStemmer.java,org.tartarus.snowball.ext.turkishStemmer,org.pitest.mutationtest.engine.gregor.mutators.RemoveConditionalMutator_EQUAL_IF,r_stem_noun_suffixes,2594,SURVIVED,none
turkishStemmer.java,org.tartarus.snowball.ext.turkishStemmer,org.pitest.mutationtest.engine.gregor.mutators.RemoveConditionalMutator_EQUAL_IF,r_stem_noun_suffixes,2610,SURVIVED,none
turkishStemmer.java,org.tartarus.snowball.ext.turkishStemmer,org.pitest.mutationtest.engine.gregor.mutators.RemoveConditionalMutator_EQUAL_IF,r_stem_noun_suffixes,2620,NO_COVERAGE,none
turkishStemmer.java,org.tartarus.snowball.ext.turkishStemmer,org.pitest.mutationtest.engine.gregor.mutators.ReturnValsMutator,r_stem_noun_suffixes,2596,SURVIVED,none
turkishStemmer.java,org.tartarus.snowball.ext.turkishStemmer,org.pitest.mutationtest.engine.gregor.mutators.ReturnValsMutator,r_stem_noun_suffixes,2627,SURVIVED,none
turkishStemmer.java,org.tartarus.snowball.ext.turkishStemmer,org.pitest.mutationtest.engine.gregor.mutators.VoidMethodCallMutator,r_stem_noun_suffixes,1954,NO_COVERAGE,none
turkishStemmer.java,org.tartarus.snowball.ext.turkishStemmer,org.pitest.mutationtest.engine.gregor.mutators.VoidMethodCallMutator,r_stem_noun_suffixes,1981,NO_COVERAGE,none
turkishStemmer.java,org.tartarus.snowball.ext.turkishStemmer,org.pitest.mutationtest.engine.gregor.mutators.VoidMethodCallMutator,r_stem_noun_suffixes,2001,NO_COVERAGE,none
turkishStemmer.java,org.tartarus.snowball.ext.turkishStemmer,org.pitest.mutationtest.engine.gregor.mutators.VoidMethodCallMutator,r_stem_noun_suffixes,2030,NO_COVERAGE,none
turkishStemmer.java,org.tartarus.snowball.ext.turkishStemmer,org.pitest.mutationtest.engine.gregor.mutators.VoidMethodCallMutator,r_stem_noun_suffixes,2046,NO_COVERAGE,none
turkishStemmer.java,org.tartarus.snowball.ext.turkishStemmer,org.pitest.mutationtest.engine.gregor.mutators.VoidMethodCallMutator,r_stem_noun_suffixes,2069,NO_COVERAGE,none
turkishStemmer.java,org.tartarus.snowball.ext.turkishStemmer,org.pitest.mutationtest.engine.gregor.mutators.VoidMethodCallMutator,r_stem_noun_suffixes,2118,NO_COVERAGE,none
turkishStemmer.java,org.tartarus.snowball.ext.turkishStemmer,org.pitest.mutationtest.engine.gregor.mutators.VoidMethodCallMutator,r_stem_noun_suffixes,2132,NO_COVERAGE,none
turkishStemmer.java,org.tartarus.snowball.ext.turkishStemmer,org.pitest.mutationtest.engine.gregor.mutators.VoidMethodCallMutator,r_stem_noun_suffixes,2148,NO_COVERAGE,none
turkishStemmer.java,org.tartarus.snowball.ext.turkishStemmer,org.pitest.mutationtest.engine.gregor.mutators.VoidMethodCallMutator,r_stem_noun_suffixes,2206,NO_COVERAGE,none
turkishStemmer.java,org.tartarus.snowball.ext.turkishStemmer,org.pitest.mutationtest.engine.gregor.mutators.VoidMethodCallMutator,r_stem_noun_suffixes,2222,NO_COVERAGE,none
turkishStemmer.java,org.tartarus.snowball.ext.turkishStemmer,org.pitest.mutationtest.engine.gregor.mutators.VoidMethodCallMutator,r_stem_noun_suffixes,2255,NO_COVERAGE,none
turkishStemmer.java,org.tartarus.snowball.ext.turkishStemmer,org.pitest.mutationtest.engine.gregor.mutators.VoidMethodCallMutator,r_stem_noun_suffixes,2276,NO_COVERAGE,none
turkishStemmer.java,org.tartarus.snowball.ext.turkishStemmer,org.pitest.mutationtest.engine.gregor.mutators.VoidMethodCallMutator,r_stem_noun_suffixes,2292,NO_COVERAGE,none
turkishStemmer.java,org.tartarus.snowball.ext.turkishStemmer,org.pitest.mutationtest.engine.gregor.mutators.VoidMethodCallMutator,r_stem_noun_suffixes,2313,NO_COVERAGE,none
turkishStemmer.java,org.tartarus.snowball.ext.turkishStemmer,org.pitest.mutationtest.engine.gregor.mutators.VoidMethodCallMutator,r_stem_noun_suffixes,2365,NO_COVERAGE,none
turkishStemmer.java,org.tartarus.snowball.ext.turkishStemmer,org.pitest.mutationtest.engine.gregor.mutators.VoidMethodCallMutator,r_stem_noun_suffixes,2385,NO_COVERAGE,none
turkishStemmer.java,org.tartarus.snowball.ext.turkishStemmer,org.pitest.mutationtest.engine.gregor.mutators.VoidMethodCallMutator,r_stem_noun_suffixes,2419,NO_COVERAGE,none
turkishStemmer.java,org.tartarus.snowball.ext.turkishStemmer,org.pitest.mutationtest.engine.gregor.mutators.VoidMethodCallMutator,r_stem_noun_suffixes,2435,NO_COVERAGE,none
turkishStemmer.java,org.tartarus.snowball.ext.turkishStemmer,org.pitest.mutationtest.engine.gregor.mutators.VoidMethodCallMutator,r_stem_noun_suffixes,2469,NO_COVERAGE,none
turkishStemmer.java,org.tartarus.snowball.ext.turkishStemmer,org.pitest.mutationtest.engine.gregor.mutators.VoidMethodCallMutator,r_stem_noun_suffixes,2517,SURVIVED,none
turkishStemmer.java,org.tartarus.snowball.ext.turkishStemmer,org.pitest.mutationtest.engine.gregor.mutators.VoidMethodCallMutator,r_stem_noun_suffixes,2538,SURVIVED,none
turkishStemmer.java,org.tartarus.snowball.ext.turkishStemmer,org.pitest.mutationtest.engine.gregor.mutators.VoidMethodCallMutator,r_stem_noun_suffixes,2565,SURVIVED,none
turkishStemmer.java,org.tartarus.snowball.ext.turkishStemmer,org.pitest.mutationtest.engine.gregor.mutators.VoidMethodCallMutator,r_stem_noun_suffixes,2602,SURVIVED,none
turkishStemmer.java,org.tartarus.snowball.ext.turkishStemmer,org.pitest.mutationtest.engine.gregor.mutators.VoidMethodCallMutator,r_stem_noun_suffixes,2618,NO_COVERAGE,none
turkishStemmer.java,org.tartarus.snowball.ext.turkishStemmer,org.pitest.mutationtest.engine.gregor.mutators.experimental.MemberVariableMutator,r_stem_noun_suffixes,1945,SURVIVED,none
turkishStemmer.java,org.tartarus.snowball.ext.turkishStemmer,org.pitest.mutationtest.engine.gregor.mutators.experimental.MemberVariableMutator,r_stem_noun_suffixes,1952,NO_COVERAGE,none
turkishStemmer.java,org.tartarus.snowball.ext.turkishStemmer,org.pitest.mutationtest.engine.gregor.mutators.experimental.MemberVariableMutator,r_stem_noun_suffixes,1962,NO_COVERAGE,none
turkishStemmer.java,org.tartarus.snowball.ext.turkishStemmer,org.pitest.mutationtest.engine.gregor.mutators.experimental.MemberVariableMutator,r_stem_noun_suffixes,1968,SURVIVED,none
turkishStemmer.java,org.tartarus.snowball.ext.turkishStemmer,org.pitest.mutationtest.engine.gregor.mutators.experimental.MemberVariableMutator,r_stem_noun_suffixes,1972,SURVIVED,none
turkishStemmer.java,org.tartarus.snowball.ext.turkishStemmer,org.pitest.mutationtest.engine.gregor.mutators.experimental.MemberVariableMutator,r_stem_noun_suffixes,1979,NO_COVERAGE,none
turkishStemmer.java,org.tartarus.snowball.ext.turkishStemmer,org.pitest.mutationtest.engine.gregor.mutators.experimental.MemberVariableMutator,r_stem_noun_suffixes,1992,NO_COVERAGE,none
turkishStemmer.java,org.tartarus.snowball.ext.turkishStemmer,org.pitest.mutationtest.engine.gregor.mutators.experimental.MemberVariableMutator,r_stem_noun_suffixes,1999,NO_COVERAGE,none
turkishStemmer.java,org.tartarus.snowball.ext.turkishStemmer,org.pitest.mutationtest.engine.gregor.mutators.experimental.MemberVariableMutator,r_stem_noun_suffixes,2004,NO_COVERAGE,none
turkishStemmer.java,org.tartarus.snowball.ext.turkishStemmer,org.pitest.mutationtest.engine.gregor.mutators.experimental.MemberVariableMutator,r_stem_noun_suffixes,2008,NO_COVERAGE,none
turkishStemmer.java,org.tartarus.snowball.ext.turkishStemmer,org.pitest.mutationtest.engine.gregor.mutators.experimental.MemberVariableMutator,r_stem_noun_suffixes,2020,NO_COVERAGE,none
turkishStemmer.java,org.tartarus.snowball.ext.turkishStemmer,org.pitest.mutationtest.engine.gregor.mutators.experimental.MemberVariableMutator,r_stem_noun_suffixes,2028,NO_COVERAGE,none
turkishStemmer.java,org.tartarus.snowball.ext.turkishStemmer,org.pitest.mutationtest.engine.gregor.mutators.experimental.MemberVariableMutator,r_stem_noun_suffixes,2036,NO_COVERAGE,none
turkishStemmer.java,org.tartarus.snowball.ext.turkishStemmer,org.pitest.mutationtest.engine.gregor.mutators.experimental.MemberVariableMutator,r_stem_noun_suffixes,2040,NO_COVERAGE,none
turkishStemmer.java,org.tartarus.snowball.ext.turkishStemmer,org.pitest.mutationtest.engine.gregor.mutators.experimental.MemberVariableMutator,r_stem_noun_suffixes,2044,NO_COVERAGE,none
turkishStemmer.java,org.tartarus.snowball.ext.turkishStemmer,org.pitest.mutationtest.engine.gregor.mutators.experimental.MemberVariableMutator,r_stem_noun_suffixes,2050,NO_COVERAGE,none
turkishStemmer.java,org.tartarus.snowball.ext.turkishStemmer,org.pitest.mutationtest.engine.gregor.mutators.experimental.MemberVariableMutator,r_stem_noun_suffixes,2056,NO_COVERAGE,none
turkishStemmer.java,org.tartarus.snowball.ext.turkishStemmer,org.pitest.mutationtest.engine.gregor.mutators.experimental.MemberVariableMutator,r_stem_noun_suffixes,2059,NO_COVERAGE,none
turkishStemmer.java,org.tartarus.snowball.ext.turkishStemmer,org.pitest.mutationtest.engine.gregor.mutators.experimental.MemberVariableMutator,r_stem_noun_suffixes,2063,NO_COVERAGE,none
turkishStemmer.java,org.tartarus.snowball.ext.turkishStemmer,org.pitest.mutationtest.engine.gregor.mutators.experimental.MemberVariableMutator,r_stem_noun_suffixes,2067,NO_COVERAGE,none
turkishStemmer.java,org.tartarus.snowball.ext.turkishStemmer,org.pitest.mutationtest.engine.gregor.mutators.experimental.MemberVariableMutator,r_stem_noun_suffixes,2073,NO_COVERAGE,none
turkishStemmer.java,org.tartarus.snowball.ext.turkishStemmer,org.pitest.mutationtest.engine.gregor.mutators.experimental.MemberVariableMutator,r_stem_noun_suffixes,2080,SURVIVED,none
turkishStemmer.java,org.tartarus.snowball.ext.turkishStemmer,org.pitest.mutationtest.engine.gregor.mutators.experimental.MemberVariableMutator,r_stem_noun_suffixes,2084,SURVIVED,none
turkishStemmer.java,org.tartarus.snowball.ext.turkishStemmer,org.pitest.mutationtest.engine.gregor.mutators.experimental.MemberVariableMutator,r_stem_noun_suffixes,2097,SURVIVED,none
turkishStemmer.java,org.tartarus.snowball.ext.turkishStemmer,org.pitest.mutationtest.engine.gregor.mutators.experimental.MemberVariableMutator,r_stem_noun_suffixes,2116,NO_COVERAGE,none
turkishStemmer.java,org.tartarus.snowball.ext.turkishStemmer,org.pitest.mutationtest.engine.gregor.mutators.experimental.MemberVariableMutator,r_stem_noun_suffixes,2121,NO_COVERAGE,none
turkishStemmer.java,org.tartarus.snowball.ext.turkishStemmer,org.pitest.mutationtest.engine.gregor.mutators.experimental.MemberVariableMutator,r_stem_noun_suffixes,2130,NO_COVERAGE,none
turkishStemmer.java,org.tartarus.snowball.ext.turkishStemmer,org.pitest.mutationtest.engine.gregor.mutators.experimental.MemberVariableMutator,r_stem_noun_suffixes,2138,NO_COVERAGE,none
turkishStemmer.java,org.tartarus.snowball.ext.turkishStemmer,org.pitest.mutationtest.engine.gregor.mutators.experimental.MemberVariableMutator,r_stem_noun_suffixes,2142,NO_COVERAGE,none
turkishStemmer.java,org.tartarus.snowball.ext.turkishStemmer,org.pitest.mutationtest.engine.gregor.mutators.experimental.MemberVariableMutator,r_stem_noun_suffixes,2146,NO_COVERAGE,none
turkishStemmer.java,org.tartarus.snowball.ext.turkishStemmer,org.pitest.mutationtest.engine.gregor.mutators.experimental.MemberVariableMutator,r_stem_noun_suffixes,2152,NO_COVERAGE,none
turkishStemmer.java,org.tartarus.snowball.ext.turkishStemmer,org.pitest.mutationtest.engine.gregor.mutators.experimental.MemberVariableMutator,r_stem_noun_suffixes,2158,NO_COVERAGE,none
turkishStemmer.java,org.tartarus.snowball.ext.turkishStemmer,org.pitest.mutationtest.engine.gregor.mutators.experimental.MemberVariableMutator,r_stem_noun_suffixes,2168,SURVIVED,none
turkishStemmer.java,org.tartarus.snowball.ext.turkishStemmer,org.pitest.mutationtest.engine.gregor.mutators.experimental.MemberVariableMutator,r_stem_noun_suffixes,2172,SURVIVED,none
turkishStemmer.java,org.tartarus.snowball.ext.turkishStemmer,org.pitest.mutationtest.engine.gregor.mutators.experimental.MemberVariableMutator,r_stem_noun_suffixes,2185,SURVIVED,none
turkishStemmer.java,org.tartarus.snowball.ext.turkishStemmer,org.pitest.mutationtest.engine.gregor.mutators.experimental.MemberVariableMutator,r_stem_noun_suffixes,2204,NO_COVERAGE,none
turkishStemmer.java,org.tartarus.snowball.ext.turkishStemmer,org.pitest.mutationtest.engine.gregor.mutators.experimental.MemberVariableMutator,r_stem_noun_suffixes,2212,NO_COVERAGE,none
turkishStemmer.java,org.tartarus.snowball.ext.turkishStemmer,org.pitest.mutationtest.engine.gregor.mutators.experimental.MemberVariableMutator,r_stem_noun_suffixes,2216,NO_COVERAGE,none
turkishStemmer.java,org.tartarus.snowball.ext.turkishStemmer,org.pitest.mutationtest.engine.gregor.mutators.experimental.MemberVariableMutator,r_stem_noun_suffixes,2220,NO_COVERAGE,none
turkishStemmer.java,org.tartarus.snowball.ext.turkishStemmer,org.pitest.mutationtest.engine.gregor.mutators.experimental.MemberVariableMutator,r_stem_noun_suffixes,2226,NO_COVERAGE,none
turkishStemmer.java,org.tartarus.snowball.ext.turkishStemmer,org.pitest.mutationtest.engine.gregor.mutators.experimental.MemberVariableMutator,r_stem_noun_suffixes,2232,SURVIVED,none
turkishStemmer.java,org.tartarus.snowball.ext.turkishStemmer,org.pitest.mutationtest.engine.gregor.mutators.experimental.MemberVariableMutator,r_stem_noun_suffixes,2242,SURVIVED,none
turkishStemmer.java,org.tartarus.snowball.ext.turkishStemmer,org.pitest.mutationtest.engine.gregor.mutators.experimental.MemberVariableMutator,r_stem_noun_suffixes,2246,SURVIVED,none
turkishStemmer.java,org.tartarus.snowball.ext.turkishStemmer,org.pitest.mutationtest.engine.gregor.mutators.experimental.MemberVariableMutator,r_stem_noun_suffixes,2253,NO_COVERAGE,none
turkishStemmer.java,org.tartarus.snowball.ext.turkishStemmer,org.pitest.mutationtest.engine.gregor.mutators.experimental.MemberVariableMutator,r_stem_noun_suffixes,2261,NO_COVERAGE,none
turkishStemmer.java,org.tartarus.snowball.ext.turkishStemmer,org.pitest.mutationtest.engine.gregor.mutators.experimental.MemberVariableMutator,r_stem_noun_suffixes,2274,NO_COVERAGE,none
turkishStemmer.java,org.tartarus.snowball.ext.turkishStemmer,org.pitest.mutationtest.engine.gregor.mutators.experimental.MemberVariableMutator,r_stem_noun_suffixes,2282,NO_COVERAGE,none
turkishStemmer.java,org.tartarus.snowball.ext.turkishStemmer,org.pitest.mutationtest.engine.gregor.mutators.experimental.MemberVariableMutator,r_stem_noun_suffixes,2286,NO_COVERAGE,none
turkishStemmer.java,org.tartarus.snowball.ext.turkishStemmer,org.pitest.mutationtest.engine.gregor.mutators.experimental.MemberVariableMutator,r_stem_noun_suffixes,2290,NO_COVERAGE,none
turkishStemmer.java,org.tartarus.snowball.ext.turkishStemmer,org.pitest.mutationtest.engine.gregor.mutators.experimental.MemberVariableMutator,r_stem_noun_suffixes,2296,NO_COVERAGE,none
turkishStemmer.java,org.tartarus.snowball.ext.turkishStemmer,org.pitest.mutationtest.engine.gregor.mutators.experimental.MemberVariableMutator,r_stem_noun_suffixes,2302,NO_COVERAGE,none
turkishStemmer.java,org.tartarus.snowball.ext.turkishStemmer,org.pitest.mutationtest.engine.gregor.mutators.experimental.MemberVariableMutator,r_stem_noun_suffixes,2311,NO_COVERAGE,none
turkishStemmer.java,org.tartarus.snowball.ext.turkishStemmer,org.pitest.mutationtest.engine.gregor.mutators.experimental.MemberVariableMutator,r_stem_noun_suffixes,2321,NO_COVERAGE,none
turkishStemmer.java,org.tartarus.snowball.ext.turkishStemmer,org.pitest.mutationtest.engine.gregor.mutators.experimental.MemberVariableMutator,r_stem_noun_suffixes,2327,NO_COVERAGE,none
turkishStemmer.java,org.tartarus.snowball.ext.turkishStemmer,org.pitest.mutationtest.engine.gregor.mutators.experimental.MemberVariableMutator,r_stem_noun_suffixes,2332,NO_COVERAGE,none
turkishStemmer.java,org.tartarus.snowball.ext.turkishStemmer,org.pitest.mutationtest.engine.gregor.mutators.experimental.MemberVariableMutator,r_stem_noun_suffixes,2339,SURVIVED,none
turkishStemmer.java,org.tartarus.snowball.ext.turkishStemmer,org.pitest.mutationtest.engine.gregor.mutators.experimental.MemberVariableMutator,r_stem_noun_suffixes,2343,SURVIVED,none
turkishStemmer.java,org.tartarus.snowball.ext.turkishStemmer,org.pitest.mutationtest.engine.gregor.mutators.experimental.MemberVariableMutator,r_stem_noun_suffixes,2355,SURVIVED,none
turkishStemmer.java,org.tartarus.snowball.ext.turkishStemmer,org.pitest.mutationtest.engine.gregor.mutators.experimental.MemberVariableMutator,r_stem_noun_suffixes,2363,NO_COVERAGE,none
turkishStemmer.java,org.tartarus.snowball.ext.turkishStemmer,org.pitest.mutationtest.engine.gregor.mutators.experimental.MemberVariableMutator,r_stem_noun_suffixes,2376,NO_COVERAGE,none
turkishStemmer.java,org.tartarus.snowball.ext.turkishStemmer,org.pitest.mutationtest.engine.gregor.mutators.experimental.MemberVariableMutator,r_stem_noun_suffixes,2383,NO_COVERAGE,none
turkishStemmer.java,org.tartarus.snowball.ext.turkishStemmer,org.pitest.mutationtest.engine.gregor.mutators.experimental.MemberVariableMutator,r_stem_noun_suffixes,2393,NO_COVERAGE,none
turkishStemmer.java,org.tartarus.snowball.ext.turkishStemmer,org.pitest.mutationtest.engine.gregor.mutators.experimental.MemberVariableMutator,r_stem_noun_suffixes,2397,NO_COVERAGE,none
turkishStemmer.java,org.tartarus.snowball.ext.turkishStemmer,org.pitest.mutationtest.engine.gregor.mutators.experimental.MemberVariableMutator,r_stem_noun_suffixes,2409,NO_COVERAGE,none
turkishStemmer.java,org.tartarus.snowball.ext.turkishStemmer,org.pitest.mutationtest.engine.gregor.mutators.experimental.MemberVariableMutator,r_stem_noun_suffixes,2417,NO_COVERAGE,none
turkishStemmer.java,org.tartarus.snowball.ext.turkishStemmer,org.pitest.mutationtest.engine.gregor.mutators.experimental.MemberVariableMutator,r_stem_noun_suffixes,2425,NO_COVERAGE,none
turkishStemmer.java,org.tartarus.snowball.ext.turkishStemmer,org.pitest.mutationtest.engine.gregor.mutators.experimental.MemberVariableMutator,r_stem_noun_suffixes,2429,NO_COVERAGE,none
turkishStemmer.java,org.tartarus.snowball.ext.turkishStemmer,org.pitest.mutationtest.engine.gregor.mutators.experimental.MemberVariableMutator,r_stem_noun_suffixes,2433,NO_COVERAGE,none
turkishStemmer.java,org.tartarus.snowball.ext.turkishStemmer,org.pitest.mutationtest.engine.gregor.mutators.experimental.MemberVariableMutator,r_stem_noun_suffixes,2439,NO_COVERAGE,none
turkishStemmer.java,org.tartarus.snowball.ext.turkishStemmer,org.pitest.mutationtest.engine.gregor.mutators.experimental.MemberVariableMutator,r_stem_noun_suffixes,2445,NO_COVERAGE,none
turkishStemmer.java,org.tartarus.snowball.ext.turkishStemmer,org.pitest.mutationtest.engine.gregor.mutators.experimental.MemberVariableMutator,r_stem_noun_suffixes,2449,NO_COVERAGE,none
turkishStemmer.java,org.tartarus.snowball.ext.turkishStemmer,org.pitest.mutationtest.engine.gregor.mutators.experimental.MemberVariableMutator,r_stem_noun_suffixes,2456,SURVIVED,none
turkishStemmer.java,org.tartarus.snowball.ext.turkishStemmer,org.pitest.mutationtest.engine.gregor.mutators.experimental.MemberVariableMutator,r_stem_noun_suffixes,2460,SURVIVED,none
turkishStemmer.java,org.tartarus.snowball.ext.turkishStemmer,org.pitest.mutationtest.engine.gregor.mutators.experimental.MemberVariableMutator,r_stem_noun_suffixes,2467,NO_COVERAGE,none
turkishStemmer.java,org.tartarus.snowball.ext.turkishStemmer,org.pitest.mutationtest.engine.gregor.mutators.experimental.MemberVariableMutator,r_stem_noun_suffixes,2472,SURVIVED,none
turkishStemmer.java,org.tartarus.snowball.ext.turkishStemmer,org.pitest.mutationtest.engine.gregor.mutators.experimental.MemberVariableMutator,r_stem_noun_suffixes,2482,SURVIVED,none
turkishStemmer.java,org.tartarus.snowball.ext.turkishStemmer,org.pitest.mutationtest.engine.gregor.mutators.experimental.MemberVariableMutator,r_stem_noun_suffixes,2486,SURVIVED,none
turkishStemmer.java,org.tartarus.snowball.ext.turkishStemmer,org.pitest.mutationtest.engine.gregor.mutators.experimental.MemberVariableMutator,r_stem_noun_suffixes,2498,SURVIVED,none
turkishStemmer.java,org.tartarus.snowball.ext.turkishStemmer,org.pitest.mutationtest.engine.gregor.mutators.experimental.MemberVariableMutator,r_stem_noun_suffixes,2507,SURVIVED,none
turkishStemmer.java,org.tartarus.snowball.ext.turkishStemmer,org.pitest.mutationtest.engine.gregor.mutators.experimental.MemberVariableMutator,r_stem_noun_suffixes,2515,SURVIVED,none
turkishStemmer.java,org.tartarus.snowball.ext.turkishStemmer,org.pitest.mutationtest.engine.gregor.mutators.experimental.MemberVariableMutator,r_stem_noun_suffixes,2523,SURVIVED,none
turkishStemmer.java,org.tartarus.snowball.ext.turkishStemmer,org.pitest.mutationtest.engine.gregor.mutators.experimental.MemberVariableMutator,r_stem_noun_suffixes,2536,SURVIVED,none
turkishStemmer.java,org.tartarus.snowball.ext.turkishStemmer,org.pitest.mutationtest.engine.gregor.mutators.experimental.MemberVariableMutator,r_stem_noun_suffixes,2544,SURVIVED,none
turkishStemmer.java,org.tartarus.snowball.ext.turkishStemmer,org.pitest.mutationtest.engine.gregor.mutators.experimental.MemberVariableMutator,r_stem_noun_suffixes,2548,SURVIVED,none
turkishStemmer.java,org.tartarus.snowball.ext.turkishStemmer,org.pitest.mutationtest.engine.gregor.mutators.experimental.MemberVariableMutator,r_stem_noun_suffixes,2554,SURVIVED,none
turkishStemmer.java,org.tartarus.snowball.ext.turkishStemmer,org.pitest.mutationtest.engine.gregor.mutators.experimental.MemberVariableMutator,r_stem_noun_suffixes,2558,SURVIVED,none
turkishStemmer.java,org.tartarus.snowball.ext.turkishStemmer,org.pitest.mutationtest.engine.gregor.mutators.experimental.MemberVariableMutator,r_stem_noun_suffixes,2563,SURVIVED,none
turkishStemmer.java,org.tartarus.snowball.ext.turkishStemmer,org.pitest.mutationtest.engine.gregor.mutators.experimental.MemberVariableMutator,r_stem_noun_suffixes,2567,SURVIVED,none
turkishStemmer.java,org.tartarus.snowball.ext.turkishStemmer,org.pitest.mutationtest.engine.gregor.mutators.experimental.MemberVariableMutator,r_stem_noun_suffixes,2571,SURVIVED,none
turkishStemmer.java,org.tartarus.snowball.ext.turkishStemmer,org.pitest.mutationtest.engine.gregor.mutators.experimental.MemberVariableMutator,r_stem_noun_suffixes,2577,SURVIVED,none
turkishStemmer.java,org.tartarus.snowball.ext.turkishStemmer,org.pitest.mutationtest.engine.gregor.mutators.experimental.MemberVariableMutator,r_stem_noun_suffixes,2580,SURVIVED,none
turkishStemmer.java,org.tartarus.snowball.ext.turkishStemmer,org.pitest.mutationtest.engine.gregor.mutators.experimental.MemberVariableMutator,r_stem_noun_suffixes,2592,SURVIVED,none
turkishStemmer.java,org.tartarus.snowball.ext.turkishStemmer,org.pitest.mutationtest.engine.gregor.mutators.experimental.MemberVariableMutator,r_stem_noun_suffixes,2600,KILLED,org.tartarus.snowball.ext.turkishStemmer_ESTest.test17
turkishStemmer.java,org.tartarus.snowball.ext.turkishStemmer,org.pitest.mutationtest.engine.gregor.mutators.experimental.MemberVariableMutator,r_stem_noun_suffixes,2608,SURVIVED,none
turkishStemmer.java,org.tartarus.snowball.ext.turkishStemmer,org.pitest.mutationtest.engine.gregor.mutators.experimental.MemberVariableMutator,r_stem_noun_suffixes,2612,SURVIVED,none
turkishStemmer.java,org.tartarus.snowball.ext.turkishStemmer,org.pitest.mutationtest.engine.gregor.mutators.experimental.MemberVariableMutator,r_stem_noun_suffixes,2616,NO_COVERAGE,none
turkishStemmer.java,org.tartarus.snowball.ext.turkishStemmer,org.pitest.mutationtest.engine.gregor.mutators.experimental.MemberVariableMutator,r_stem_noun_suffixes,2622,NO_COVERAGE,none
turkishStemmer.java,org.tartarus.snowball.ext.turkishStemmer,org.pitest.mutationtest.engine.gregor.mutators.BooleanFalseReturnValsMutator,r_stem_suffix_chain_before_ki,1907,NO_COVERAGE,none
turkishStemmer.java,org.tartarus.snowball.ext.turkishStemmer,org.pitest.mutationtest.engine.gregor.mutators.BooleanTrueReturnValsMutator,r_stem_suffix_chain_before_ki,1649,SURVIVED,none
turkishStemmer.java,org.tartarus.snowball.ext.turkishStemmer,org.pitest.mutationtest.engine.gregor.mutators.BooleanTrueReturnValsMutator,r_stem_suffix_chain_before_ki,1841,NO_COVERAGE,none
turkishStemmer.java,org.tartarus.snowball.ext.turkishStemmer,org.pitest.mutationtest.engine.gregor.mutators.BooleanTrueReturnValsMutator,r_stem_suffix_chain_before_ki,1903,NO_COVERAGE,none
turkishStemmer.java,org.tartarus.snowball.ext.turkishStemmer,org.pitest.mutationtest.engine.gregor.mutators.InlineConstantMutator,r_stem_suffix_chain_before_ki,1649,SURVIVED,none
turkishStemmer.java,org.tartarus.snowball.ext.turkishStemmer,org.pitest.mutationtest.engine.gregor.mutators.InlineConstantMutator,r_stem_suffix_chain_before_ki,1841,NO_COVERAGE,none
turkishStemmer.java,org.tartarus.snowball.ext.turkishStemmer,org.pitest.mutationtest.engine.gregor.mutators.InlineConstantMutator,r_stem_suffix_chain_before_ki,1903,NO_COVERAGE,none
turkishStemmer.java,org.tartarus.snowball.ext.turkishStemmer,org.pitest.mutationtest.engine.gregor.mutators.InlineConstantMutator,r_stem_suffix_chain_before_ki,1907,NO_COVERAGE,none
turkishStemmer.java,org.tartarus.snowball.ext.turkishStemmer,org.pitest.mutationtest.engine.gregor.mutators.MathMutator,r_stem_suffix_chain_before_ki,1654,NO_COVERAGE,none
turkishStemmer.java,org.tartarus.snowball.ext.turkishStemmer,org.pitest.mutationtest.engine.gregor.mutators.MathMutator,r_stem_suffix_chain_before_ki,1667,NO_COVERAGE,none
turkishStemmer.java,org.tartarus.snowball.ext.turkishStemmer,org.pitest.mutationtest.engine.gregor.mutators.MathMutator,r_stem_suffix_chain_before_ki,1674,NO_COVERAGE,none
turkishStemmer.java,org.tartarus.snowball.ext.turkishStemmer,org.pitest.mutationtest.engine.gregor.mutators.MathMutator,r_stem_suffix_chain_before_ki,1687,NO_COVERAGE,none
turkishStemmer.java,org.tartarus.snowball.ext.turkishStemmer,org.pitest.mutationtest.engine.gregor.mutators.MathMutator,r_stem_suffix_chain_before_ki,1693,NO_COVERAGE,none
turkishStemmer.java,org.tartarus.snowball.ext.turkishStemmer,org.pitest.mutationtest.engine.gregor.mutators.MathMutator,r_stem_suffix_chain_before_ki,1699,NO_COVERAGE,none
turkishStemmer.java,org.tartarus.snowball.ext.turkishStemmer,org.pitest.mutationtest.engine.gregor.mutators.MathMutator,r_stem_suffix_chain_before_ki,1704,NO_COVERAGE,none
turkishStemmer.java,org.tartarus.snowball.ext.turkishStemmer,org.pitest.mutationtest.engine.gregor.mutators.MathMutator,r_stem_suffix_chain_before_ki,1712,NO_COVERAGE,none
turkishStemmer.java,org.tartarus.snowball.ext.turkishStemmer,org.pitest.mutationtest.engine.gregor.mutators.MathMutator,r_stem_suffix_chain_before_ki,1720,NO_COVERAGE,none
turkishStemmer.java,org.tartarus.snowball.ext.turkishStemmer,org.pitest.mutationtest.engine.gregor.mutators.MathMutator,r_stem_suffix_chain_before_ki,1730,NO_COVERAGE,none
turkishStemmer.java,org.tartarus.snowball.ext.turkishStemmer,org.pitest.mutationtest.engine.gregor.mutators.MathMutator,r_stem_suffix_chain_before_ki,1738,NO_COVERAGE,none
turkishStemmer.java,org.tartarus.snowball.ext.turkishStemmer,org.pitest.mutationtest.engine.gregor.mutators.MathMutator,r_stem_suffix_chain_before_ki,1751,NO_COVERAGE,none
turkishStemmer.java,org.tartarus.snowball.ext.turkishStemmer,org.pitest.mutationtest.engine.gregor.mutators.MathMutator,r_stem_suffix_chain_before_ki,1758,NO_COVERAGE,none
turkishStemmer.java,org.tartarus.snowball.ext.turkishStemmer,org.pitest.mutationtest.engine.gregor.mutators.MathMutator,r_stem_suffix_chain_before_ki,1772,NO_COVERAGE,none
turkishStemmer.java,org.tartarus.snowball.ext.turkishStemmer,org.pitest.mutationtest.engine.gregor.mutators.MathMutator,r_stem_suffix_chain_before_ki,1779,NO_COVERAGE,none
turkishStemmer.java,org.tartarus.snowball.ext.turkishStemmer,org.pitest.mutationtest.engine.gregor.mutators.MathMutator,r_stem_suffix_chain_before_ki,1788,NO_COVERAGE,none
turkishStemmer.java,org.tartarus.snowball.ext.turkishStemmer,org.pitest.mutationtest.engine.gregor.mutators.MathMutator,r_stem_suffix_chain_before_ki,1800,NO_COVERAGE,none
turkishStemmer.java,org.tartarus.snowball.ext.turkishStemmer,org.pitest.mutationtest.engine.gregor.mutators.MathMutator,r_stem_suffix_chain_before_ki,1808,NO_COVERAGE,none
turkishStemmer.java,org.tartarus.snowball.ext.turkishStemmer,org.pitest.mutationtest.engine.gregor.mutators.MathMutator,r_stem_suffix_chain_before_ki,1818,NO_COVERAGE,none
turkishStemmer.java,org.tartarus.snowball.ext.turkishStemmer,org.pitest.mutationtest.engine.gregor.mutators.MathMutator,r_stem_suffix_chain_before_ki,1824,NO_COVERAGE,none
turkishStemmer.java,org.tartarus.snowball.ext.turkishStemmer,org.pitest.mutationtest.engine.gregor.mutators.MathMutator,r_stem_suffix_chain_before_ki,1829,NO_COVERAGE,none
turkishStemmer.java,org.tartarus.snowball.ext.turkishStemmer,org.pitest.mutationtest.engine.gregor.mutators.MathMutator,r_stem_suffix_chain_before_ki,1836,NO_COVERAGE,none
turkishStemmer.java,org.tartarus.snowball.ext.turkishStemmer,org.pitest.mutationtest.engine.gregor.mutators.MathMutator,r_stem_suffix_chain_before_ki,1846,NO_COVERAGE,none
turkishStemmer.java,org.tartarus.snowball.ext.turkishStemmer,org.pitest.mutationtest.engine.gregor.mutators.MathMutator,r_stem_suffix_chain_before_ki,1860,NO_COVERAGE,none
turkishStemmer.java,org.tartarus.snowball.ext.turkishStemmer,org.pitest.mutationtest.engine.gregor.mutators.MathMutator,r_stem_suffix_chain_before_ki,1874,NO_COVERAGE,none
turkishStemmer.java,org.tartarus.snowball.ext.turkishStemmer,org.pitest.mutationtest.engine.gregor.mutators.MathMutator,r_stem_suffix_chain_before_ki,1882,NO_COVERAGE,none
turkishStemmer.java,org.tartarus.snowball.ext.turkishStemmer,org.pitest.mutationtest.engine.gregor.mutators.MathMutator,r_stem_suffix_chain_before_ki,1892,NO_COVERAGE,none
turkishStemmer.java,org.tartarus.snowball.ext.turkishStemmer,org.pitest.mutationtest.engine.gregor.mutators.MathMutator,r_stem_suffix_chain_before_ki,1898,NO_COVERAGE,none
turkishStemmer.java,org.tartarus.snowball.ext.turkishStemmer,org.pitest.mutationtest.engine.gregor.mutators.NegateConditionalsMutator,r_stem_suffix_chain_before_ki,1647,SURVIVED,none
turkishStemmer.java,org.tartarus.snowball.ext.turkishStemmer,org.pitest.mutationtest.engine.gregor.mutators.NegateConditionalsMutator,r_stem_suffix_chain_before_ki,1658,NO_COVERAGE,none
turkishStemmer.java,org.tartarus.snowball.ext.turkishStemmer,org.pitest.mutationtest.engine.gregor.mutators.NegateConditionalsMutator,r_stem_suffix_chain_before_ki,1678,NO_COVERAGE,none
turkishStemmer.java,org.tartarus.snowball.ext.turkishStemmer,org.pitest.mutationtest.engine.gregor.mutators.NegateConditionalsMutator,r_stem_suffix_chain_before_ki,1691,NO_COVERAGE,none
turkishStemmer.java,org.tartarus.snowball.ext.turkishStemmer,org.pitest.mutationtest.engine.gregor.mutators.NegateConditionalsMutator,r_stem_suffix_chain_before_ki,1702,NO_COVERAGE,none
turkishStemmer.java,org.tartarus.snowball.ext.turkishStemmer,org.pitest.mutationtest.engine.gregor.mutators.NegateConditionalsMutator,r_stem_suffix_chain_before_ki,1718,NO_COVERAGE,none
turkishStemmer.java,org.tartarus.snowball.ext.turkishStemmer,org.pitest.mutationtest.engine.gregor.mutators.NegateConditionalsMutator,r_stem_suffix_chain_before_ki,1728,NO_COVERAGE,none
turkishStemmer.java,org.tartarus.snowball.ext.turkishStemmer,org.pitest.mutationtest.engine.gregor.mutators.NegateConditionalsMutator,r_stem_suffix_chain_before_ki,1742,NO_COVERAGE,none
turkishStemmer.java,org.tartarus.snowball.ext.turkishStemmer,org.pitest.mutationtest.engine.gregor.mutators.NegateConditionalsMutator,r_stem_suffix_chain_before_ki,1762,NO_COVERAGE,none
turkishStemmer.java,org.tartarus.snowball.ext.turkishStemmer,org.pitest.mutationtest.engine.gregor.mutators.NegateConditionalsMutator,r_stem_suffix_chain_before_ki,1782,NO_COVERAGE,none
turkishStemmer.java,org.tartarus.snowball.ext.turkishStemmer,org.pitest.mutationtest.engine.gregor.mutators.NegateConditionalsMutator,r_stem_suffix_chain_before_ki,1790,NO_COVERAGE,none
turkishStemmer.java,org.tartarus.snowball.ext.turkishStemmer,org.pitest.mutationtest.engine.gregor.mutators.NegateConditionalsMutator,r_stem_suffix_chain_before_ki,1806,NO_COVERAGE,none
turkishStemmer.java,org.tartarus.snowball.ext.turkishStemmer,org.pitest.mutationtest.engine.gregor.mutators.NegateConditionalsMutator,r_stem_suffix_chain_before_ki,1816,NO_COVERAGE,none
turkishStemmer.java,org.tartarus.snowball.ext.turkishStemmer,org.pitest.mutationtest.engine.gregor.mutators.NegateConditionalsMutator,r_stem_suffix_chain_before_ki,1827,NO_COVERAGE,none
turkishStemmer.java,org.tartarus.snowball.ext.turkishStemmer,org.pitest.mutationtest.engine.gregor.mutators.NegateConditionalsMutator,r_stem_suffix_chain_before_ki,1839,NO_COVERAGE,none
turkishStemmer.java,org.tartarus.snowball.ext.turkishStemmer,org.pitest.mutationtest.engine.gregor.mutators.NegateConditionalsMutator,r_stem_suffix_chain_before_ki,1850,NO_COVERAGE,none
turkishStemmer.java,org.tartarus.snowball.ext.turkishStemmer,org.pitest.mutationtest.engine.gregor.mutators.NegateConditionalsMutator,r_stem_suffix_chain_before_ki,1865,NO_COVERAGE,none
turkishStemmer.java,org.tartarus.snowball.ext.turkishStemmer,org.pitest.mutationtest.engine.gregor.mutators.NegateConditionalsMutator,r_stem_suffix_chain_before_ki,1880,NO_COVERAGE,none
turkishStemmer.java,org.tartarus.snowball.ext.turkishStemmer,org.pitest.mutationtest.engine.gregor.mutators.NegateConditionalsMutator,r_stem_suffix_chain_before_ki,1890,NO_COVERAGE,none
turkishStemmer.java,org.tartarus.snowball.ext.turkishStemmer,org.pitest.mutationtest.engine.gregor.mutators.NegateConditionalsMutator,r_stem_suffix_chain_before_ki,1901,NO_COVERAGE,none
turkishStemmer.java,org.tartarus.snowball.ext.turkishStemmer,org.pitest.mutationtest.engine.gregor.mutators.NonVoidMethodCallMutator,r_stem_suffix_chain_before_ki,1647,SURVIVED,none
turkishStemmer.java,org.tartarus.snowball.ext.turkishStemmer,org.pitest.mutationtest.engine.gregor.mutators.NonVoidMethodCallMutator,r_stem_suffix_chain_before_ki,1658,NO_COVERAGE,none
turkishStemmer.java,org.tartarus.snowball.ext.turkishStemmer,org.pitest.mutationtest.engine.gregor.mutators.NonVoidMethodCallMutator,r_stem_suffix_chain_before_ki,1678,NO_COVERAGE,none
turkishStemmer.java,org.tartarus.snowball.ext.turkishStemmer,org.pitest.mutationtest.engine.gregor.mutators.NonVoidMethodCallMutator,r_stem_suffix_chain_before_ki,1691,NO_COVERAGE,none
turkishStemmer.java,org.tartarus.snowball.ext.turkishStemmer,org.pitest.mutationtest.engine.gregor.mutators.NonVoidMethodCallMutator,r_stem_suffix_chain_before_ki,1702,NO_COVERAGE,none
turkishStemmer.java,org.tartarus.snowball.ext.turkishStemmer,org.pitest.mutationtest.engine.gregor.mutators.NonVoidMethodCallMutator,r_stem_suffix_chain_before_ki,1718,NO_COVERAGE,none
turkishStemmer.java,org.tartarus.snowball.ext.turkishStemmer,org.pitest.mutationtest.engine.gregor.mutators.NonVoidMethodCallMutator,r_stem_suffix_chain_before_ki,1728,NO_COVERAGE,none
turkishStemmer.java,org.tartarus.snowball.ext.turkishStemmer,org.pitest.mutationtest.engine.gregor.mutators.NonVoidMethodCallMutator,r_stem_suffix_chain_before_ki,1742,NO_COVERAGE,none
turkishStemmer.java,org.tartarus.snowball.ext.turkishStemmer,org.pitest.mutationtest.engine.gregor.mutators.NonVoidMethodCallMutator,r_stem_suffix_chain_before_ki,1762,NO_COVERAGE,none
turkishStemmer.java,org.tartarus.snowball.ext.turkishStemmer,org.pitest.mutationtest.engine.gregor.mutators.NonVoidMethodCallMutator,r_stem_suffix_chain_before_ki,1782,NO_COVERAGE,none
turkishStemmer.java,org.tartarus.snowball.ext.turkishStemmer,org.pitest.mutationtest.engine.gregor.mutators.NonVoidMethodCallMutator,r_stem_suffix_chain_before_ki,1790,NO_COVERAGE,none
turkishStemmer.java,org.tartarus.snowball.ext.turkishStemmer,org.pitest.mutationtest.engine.gregor.mutators.NonVoidMethodCallMutator,r_stem_suffix_chain_before_ki,1806,NO_COVERAGE,none
turkishStemmer.java,org.tartarus.snowball.ext.turkishStemmer,org.pitest.mutationtest.engine.gregor.mutators.NonVoidMethodCallMutator,r_stem_suffix_chain_before_ki,1816,NO_COVERAGE,none
turkishStemmer.java,org.tartarus.snowball.ext.turkishStemmer,org.pitest.mutationtest.engine.gregor.mutators.NonVoidMethodCallMutator,r_stem_suffix_chain_before_ki,1827,NO_COVERAGE,none
turkishStemmer.java,org.tartarus.snowball.ext.turkishStemmer,org.pitest.mutationtest.engine.gregor.mutators.NonVoidMethodCallMutator,r_stem_suffix_chain_before_ki,1839,NO_COVERAGE,none
turkishStemmer.java,org.tartarus.snowball.ext.turkishStemmer,org.pitest.mutationtest.engine.gregor.mutators.NonVoidMethodCallMutator,r_stem_suffix_chain_before_ki,1850,NO_COVERAGE,none
turkishStemmer.java,org.tartarus.snowball.ext.turkishStemmer,org.pitest.mutationtest.engine.gregor.mutators.NonVoidMethodCallMutator,r_stem_suffix_chain_before_ki,1865,NO_COVERAGE,none
turkishStemmer.java,org.tartarus.snowball.ext.turkishStemmer,org.pitest.mutationtest.engine.gregor.mutators.NonVoidMethodCallMutator,r_stem_suffix_chain_before_ki,1880,NO_COVERAGE,none
turkishStemmer.java,org.tartarus.snowball.ext.turkishStemmer,org.pitest.mutationtest.engine.gregor.mutators.NonVoidMethodCallMutator,r_stem_suffix_chain_before_ki,1890,NO_COVERAGE,none
turkishStemmer.java,org.tartarus.snowball.ext.turkishStemmer,org.pitest.mutationtest.engine.gregor.mutators.NonVoidMethodCallMutator,r_stem_suffix_chain_before_ki,1901,NO_COVERAGE,none
turkishStemmer.java,org.tartarus.snowball.ext.turkishStemmer,org.pitest.mutationtest.engine.gregor.mutators.RemoveConditionalMutator_EQUAL_ELSE,r_stem_suffix_chain_before_ki,1647,SURVIVED,none
turkishStemmer.java,org.tartarus.snowball.ext.turkishStemmer,org.pitest.mutationtest.engine.gregor.mutators.RemoveConditionalMutator_EQUAL_ELSE,r_stem_suffix_chain_before_ki,1658,NO_COVERAGE,none
turkishStemmer.java,org.tartarus.snowball.ext.turkishStemmer,org.pitest.mutationtest.engine.gregor.mutators.RemoveConditionalMutator_EQUAL_ELSE,r_stem_suffix_chain_before_ki,1678,NO_COVERAGE,none
turkishStemmer.java,org.tartarus.snowball.ext.turkishStemmer,org.pitest.mutationtest.engine.gregor.mutators.RemoveConditionalMutator_EQUAL_ELSE,r_stem_suffix_chain_before_ki,1691,NO_COVERAGE,none
turkishStemmer.java,org.tartarus.snowball.ext.turkishStemmer,org.pitest.mutationtest.engine.gregor.mutators.RemoveConditionalMutator_EQUAL_ELSE,r_stem_suffix_chain_before_ki,1702,NO_COVERAGE,none
turkishStemmer.java,org.tartarus.snowball.ext.turkishStemmer,org.pitest.mutationtest.engine.gregor.mutators.RemoveConditionalMutator_EQUAL_ELSE,r_stem_suffix_chain_before_ki,1718,NO_COVERAGE,none
turkishStemmer.java,org.tartarus.snowball.ext.turkishStemmer,org.pitest.mutationtest.engine.gregor.mutators.RemoveConditionalMutator_EQUAL_ELSE,r_stem_suffix_chain_before_ki,1728,NO_COVERAGE,none
turkishStemmer.java,org.tartarus.snowball.ext.turkishStemmer,org.pitest.mutationtest.engine.gregor.mutators.RemoveConditionalMutator_EQUAL_ELSE,r_stem_suffix_chain_before_ki,1742,NO_COVERAGE,none
turkishStemmer.java,org.tartarus.snowball.ext.turkishStemmer,org.pitest.mutationtest.engine.gregor.mutators.RemoveConditionalMutator_EQUAL_ELSE,r_stem_suffix_chain_before_ki,1762,NO_COVERAGE,none
turkishStemmer.java,org.tartarus.snowball.ext.turkishStemmer,org.pitest.mutationtest.engine.gregor.mutators.RemoveConditionalMutator_EQUAL_ELSE,r_stem_suffix_chain_before_ki,1782,NO_COVERAGE,none
turkishStemmer.java,org.tartarus.snowball.ext.turkishStemmer,org.pitest.mutationtest.engine.gregor.mutators.RemoveConditionalMutator_EQUAL_ELSE,r_stem_suffix_chain_before_ki,1790,NO_COVERAGE,none
turkishStemmer.java,org.tartarus.snowball.ext.turkishStemmer,org.pitest.mutationtest.engine.gregor.mutators.RemoveConditionalMutator_EQUAL_ELSE,r_stem_suffix_chain_before_ki,1806,NO_COVERAGE,none
turkishStemmer.java,org.tartarus.snowball.ext.turkishStemmer,org.pitest.mutationtest.engine.gregor.mutators.RemoveConditionalMutator_EQUAL_ELSE,r_stem_suffix_chain_before_ki,1816,NO_COVERAGE,none
turkishStemmer.java,org.tartarus.snowball.ext.turkishStemmer,org.pitest.mutationtest.engine.gregor.mutators.RemoveConditionalMutator_EQUAL_ELSE,r_stem_suffix_chain_before_ki,1827,NO_COVERAGE,none
turkishStemmer.java,org.tartarus.snowball.ext.turkishStemmer,org.pitest.mutationtest.engine.gregor.mutators.RemoveConditionalMutator_EQUAL_ELSE,r_stem_suffix_chain_before_ki,1839,NO_COVERAGE,none
turkishStemmer.java,org.tartarus.snowball.ext.turkishStemmer,org.pitest.mutationtest.engine.gregor.mutators.RemoveConditionalMutator_EQUAL_ELSE,r_stem_suffix_chain_before_ki,1850,NO_COVERAGE,none
turkishStemmer.java,org.tartarus.snowball.ext.turkishStemmer,org.pitest.mutationtest.engine.gregor.mutators.RemoveConditionalMutator_EQUAL_ELSE,r_stem_suffix_chain_before_ki,1865,NO_COVERAGE,none
turkishStemmer.java,org.tartarus.snowball.ext.turkishStemmer,org.pitest.mutationtest.engine.gregor.mutators.RemoveConditionalMutator_EQUAL_ELSE,r_stem_suffix_chain_before_ki,1880,NO_COVERAGE,none
turkishStemmer.java,org.tartarus.snowball.ext.turkishStemmer,org.pitest.mutationtest.engine.gregor.mutators.RemoveConditionalMutator_EQUAL_ELSE,r_stem_suffix_chain_before_ki,1890,NO_COVERAGE,none
turkishStemmer.java,org.tartarus.snowball.ext.turkishStemmer,org.pitest.mutationtest.engine.gregor.mutators.RemoveConditionalMutator_EQUAL_ELSE,r_stem_suffix_chain_before_ki,1901,NO_COVERAGE,none
turkishStemmer.java,org.tartarus.snowball.ext.turkishStemmer,org.pitest.mutationtest.engine.gregor.mutators.RemoveConditionalMutator_EQUAL_IF,r_stem_suffix_chain_before_ki,1647,SURVIVED,none
turkishStemmer.java,org.tartarus.snowball.ext.turkishStemmer,org.pitest.mutationtest.engine.gregor.mutators.RemoveConditionalMutator_EQUAL_IF,r_stem_suffix_chain_before_ki,1658,NO_COVERAGE,none
turkishStemmer.java,org.tartarus.snowball.ext.turkishStemmer,org.pitest.mutationtest.engine.gregor.mutators.RemoveConditionalMutator_EQUAL_IF,r_stem_suffix_chain_before_ki,1678,NO_COVERAGE,none
turkishStemmer.java,org.tartarus.snowball.ext.turkishStemmer,org.pitest.mutationtest.engine.gregor.mutators.RemoveConditionalMutator_EQUAL_IF,r_stem_suffix_chain_before_ki,1691,NO_COVERAGE,none
turkishStemmer.java,org.tartarus.snowball.ext.turkishStemmer,org.pitest.mutationtest.engine.gregor.mutators.RemoveConditionalMutator_EQUAL_IF,r_stem_suffix_chain_before_ki,1702,NO_COVERAGE,none
turkishStemmer.java,org.tartarus.snowball.ext.turkishStemmer,org.pitest.mutationtest.engine.gregor.mutators.RemoveConditionalMutator_EQUAL_IF,r_stem_suffix_chain_before_ki,1718,NO_COVERAGE,none
turkishStemmer.java,org.tartarus.snowball.ext.turkishStemmer,org.pitest.mutationtest.engine.gregor.mutators.RemoveConditionalMutator_EQUAL_IF,r_stem_suffix_chain_before_ki,1728,NO_COVERAGE,none
turkishStemmer.java,org.tartarus.snowball.ext.turkishStemmer,org.pitest.mutationtest.engine.gregor.mutators.RemoveConditionalMutator_EQUAL_IF,r_stem_suffix_chain_before_ki,1742,NO_COVERAGE,none
turkishStemmer.java,org.tartarus.snowball.ext.turkishStemmer,org.pitest.mutationtest.engine.gregor.mutators.RemoveConditionalMutator_EQUAL_IF,r_stem_suffix_chain_before_ki,1762,NO_COVERAGE,none
turkishStemmer.java,org.tartarus.snowball.ext.turkishStemmer,org.pitest.mutationtest.engine.gregor.mutators.RemoveConditionalMutator_EQUAL_IF,r_stem_suffix_chain_before_ki,1782,NO_COVERAGE,none
turkishStemmer.java,org.tartarus.snowball.ext.turkishStemmer,org.pitest.mutationtest.engine.gregor.mutators.RemoveConditionalMutator_EQUAL_IF,r_stem_suffix_chain_before_ki,1790,NO_COVERAGE,none
turkishStemmer.java,org.tartarus.snowball.ext.turkishStemmer,org.pitest.mutationtest.engine.gregor.mutators.RemoveConditionalMutator_EQUAL_IF,r_stem_suffix_chain_before_ki,1806,NO_COVERAGE,none
turkishStemmer.java,org.tartarus.snowball.ext.turkishStemmer,org.pitest.mutationtest.engine.gregor.mutators.RemoveConditionalMutator_EQUAL_IF,r_stem_suffix_chain_before_ki,1816,NO_COVERAGE,none
turkishStemmer.java,org.tartarus.snowball.ext.turkishStemmer,org.pitest.mutationtest.engine.gregor.mutators.RemoveConditionalMutator_EQUAL_IF,r_stem_suffix_chain_before_ki,1827,NO_COVERAGE,none
turkishStemmer.java,org.tartarus.snowball.ext.turkishStemmer,org.pitest.mutationtest.engine.gregor.mutators.RemoveConditionalMutator_EQUAL_IF,r_stem_suffix_chain_before_ki,1839,NO_COVERAGE,none
turkishStemmer.java,org.tartarus.snowball.ext.turkishStemmer,org.pitest.mutationtest.engine.gregor.mutators.RemoveConditionalMutator_EQUAL_IF,r_stem_suffix_chain_before_ki,1850,NO_COVERAGE,none
turkishStemmer.java,org.tartarus.snowball.ext.turkishStemmer,org.pitest.mutationtest.engine.gregor.mutators.RemoveConditionalMutator_EQUAL_IF,r_stem_suffix_chain_before_ki,1865,NO_COVERAGE,none
turkishStemmer.java,org.tartarus.snowball.ext.turkishStemmer,org.pitest.mutationtest.engine.gregor.mutators.RemoveConditionalMutator_EQUAL_IF,r_stem_suffix_chain_before_ki,1880,NO_COVERAGE,none
turkishStemmer.java,org.tartarus.snowball.ext.turkishStemmer,org.pitest.mutationtest.engine.gregor.mutators.RemoveConditionalMutator_EQUAL_IF,r_stem_suffix_chain_before_ki,1890,NO_COVERAGE,none
turkishStemmer.java,org.tartarus.snowball.ext.turkishStemmer,org.pitest.mutationtest.engine.gregor.mutators.RemoveConditionalMutator_EQUAL_IF,r_stem_suffix_chain_before_ki,1901,NO_COVERAGE,none
turkishStemmer.java,org.tartarus.snowball.ext.turkishStemmer,org.pitest.mutationtest.engine.gregor.mutators.ReturnValsMutator,r_stem_suffix_chain_before_ki,1649,SURVIVED,none
turkishStemmer.java,org.tartarus.snowball.ext.turkishStemmer,org.pitest.mutationtest.engine.gregor.mutators.ReturnValsMutator,r_stem_suffix_chain_before_ki,1841,NO_COVERAGE,none
turkishStemmer.java,org.tartarus.snowball.ext.turkishStemmer,org.pitest.mutationtest.engine.gregor.mutators.ReturnValsMutator,r_stem_suffix_chain_before_ki,1903,NO_COVERAGE,none
turkishStemmer.java,org.tartarus.snowball.ext.turkishStemmer,org.pitest.mutationtest.engine.gregor.mutators.ReturnValsMutator,r_stem_suffix_chain_before_ki,1907,NO_COVERAGE,none
turkishStemmer.java,org.tartarus.snowball.ext.turkishStemmer,org.pitest.mutationtest.engine.gregor.mutators.VoidMethodCallMutator,r_stem_suffix_chain_before_ki,1665,NO_COVERAGE,none
turkishStemmer.java,org.tartarus.snowball.ext.turkishStemmer,org.pitest.mutationtest.engine.gregor.mutators.VoidMethodCallMutator,r_stem_suffix_chain_before_ki,1685,NO_COVERAGE,none
turkishStemmer.java,org.tartarus.snowball.ext.turkishStemmer,org.pitest.mutationtest.engine.gregor.mutators.VoidMethodCallMutator,r_stem_suffix_chain_before_ki,1710,NO_COVERAGE,none
turkishStemmer.java,org.tartarus.snowball.ext.turkishStemmer,org.pitest.mutationtest.engine.gregor.mutators.VoidMethodCallMutator,r_stem_suffix_chain_before_ki,1726,NO_COVERAGE,none
turkishStemmer.java,org.tartarus.snowball.ext.turkishStemmer,org.pitest.mutationtest.engine.gregor.mutators.VoidMethodCallMutator,r_stem_suffix_chain_before_ki,1749,NO_COVERAGE,none
turkishStemmer.java,org.tartarus.snowball.ext.turkishStemmer,org.pitest.mutationtest.engine.gregor.mutators.VoidMethodCallMutator,r_stem_suffix_chain_before_ki,1769,NO_COVERAGE,none
turkishStemmer.java,org.tartarus.snowball.ext.turkishStemmer,org.pitest.mutationtest.engine.gregor.mutators.VoidMethodCallMutator,r_stem_suffix_chain_before_ki,1798,NO_COVERAGE,none
turkishStemmer.java,org.tartarus.snowball.ext.turkishStemmer,org.pitest.mutationtest.engine.gregor.mutators.VoidMethodCallMutator,r_stem_suffix_chain_before_ki,1814,NO_COVERAGE,none
turkishStemmer.java,org.tartarus.snowball.ext.turkishStemmer,org.pitest.mutationtest.engine.gregor.mutators.VoidMethodCallMutator,r_stem_suffix_chain_before_ki,1857,NO_COVERAGE,none
turkishStemmer.java,org.tartarus.snowball.ext.turkishStemmer,org.pitest.mutationtest.engine.gregor.mutators.VoidMethodCallMutator,r_stem_suffix_chain_before_ki,1872,NO_COVERAGE,none
turkishStemmer.java,org.tartarus.snowball.ext.turkishStemmer,org.pitest.mutationtest.engine.gregor.mutators.VoidMethodCallMutator,r_stem_suffix_chain_before_ki,1888,NO_COVERAGE,none
turkishStemmer.java,org.tartarus.snowball.ext.turkishStemmer,org.pitest.mutationtest.engine.gregor.mutators.experimental.MemberVariableMutator,r_stem_suffix_chain_before_ki,1645,SURVIVED,none
turkishStemmer.java,org.tartarus.snowball.ext.turkishStemmer,org.pitest.mutationtest.engine.gregor.mutators.experimental.MemberVariableMutator,r_stem_suffix_chain_before_ki,1663,NO_COVERAGE,none
turkishStemmer.java,org.tartarus.snowball.ext.turkishStemmer,org.pitest.mutationtest.engine.gregor.mutators.experimental.MemberVariableMutator,r_stem_suffix_chain_before_ki,1671,NO_COVERAGE,none
turkishStemmer.java,org.tartarus.snowball.ext.turkishStemmer,org.pitest.mutationtest.engine.gregor.mutators.experimental.MemberVariableMutator,r_stem_suffix_chain_before_ki,1683,NO_COVERAGE,none
turkishStemmer.java,org.tartarus.snowball.ext.turkishStemmer,org.pitest.mutationtest.engine.gregor.mutators.experimental.MemberVariableMutator,r_stem_suffix_chain_before_ki,1693,NO_COVERAGE,none
turkishStemmer.java,org.tartarus.snowball.ext.turkishStemmer,org.pitest.mutationtest.engine.gregor.mutators.experimental.MemberVariableMutator,r_stem_suffix_chain_before_ki,1699,NO_COVERAGE,none
turkishStemmer.java,org.tartarus.snowball.ext.turkishStemmer,org.pitest.mutationtest.engine.gregor.mutators.experimental.MemberVariableMutator,r_stem_suffix_chain_before_ki,1704,NO_COVERAGE,none
turkishStemmer.java,org.tartarus.snowball.ext.turkishStemmer,org.pitest.mutationtest.engine.gregor.mutators.experimental.MemberVariableMutator,r_stem_suffix_chain_before_ki,1708,NO_COVERAGE,none
turkishStemmer.java,org.tartarus.snowball.ext.turkishStemmer,org.pitest.mutationtest.engine.gregor.mutators.experimental.MemberVariableMutator,r_stem_suffix_chain_before_ki,1716,NO_COVERAGE,none
turkishStemmer.java,org.tartarus.snowball.ext.turkishStemmer,org.pitest.mutationtest.engine.gregor.mutators.experimental.MemberVariableMutator,r_stem_suffix_chain_before_ki,1720,NO_COVERAGE,none
turkishStemmer.java,org.tartarus.snowball.ext.turkishStemmer,org.pitest.mutationtest.engine.gregor.mutators.experimental.MemberVariableMutator,r_stem_suffix_chain_before_ki,1724,NO_COVERAGE,none
turkishStemmer.java,org.tartarus.snowball.ext.turkishStemmer,org.pitest.mutationtest.engine.gregor.mutators.experimental.MemberVariableMutator,r_stem_suffix_chain_before_ki,1730,NO_COVERAGE,none
turkishStemmer.java,org.tartarus.snowball.ext.turkishStemmer,org.pitest.mutationtest.engine.gregor.mutators.experimental.MemberVariableMutator,r_stem_suffix_chain_before_ki,1738,NO_COVERAGE,none
turkishStemmer.java,org.tartarus.snowball.ext.turkishStemmer,org.pitest.mutationtest.engine.gregor.mutators.experimental.MemberVariableMutator,r_stem_suffix_chain_before_ki,1747,NO_COVERAGE,none
turkishStemmer.java,org.tartarus.snowball.ext.turkishStemmer,org.pitest.mutationtest.engine.gregor.mutators.experimental.MemberVariableMutator,r_stem_suffix_chain_before_ki,1755,NO_COVERAGE,none
turkishStemmer.java,org.tartarus.snowball.ext.turkishStemmer,org.pitest.mutationtest.engine.gregor.mutators.experimental.MemberVariableMutator,r_stem_suffix_chain_before_ki,1767,NO_COVERAGE,none
turkishStemmer.java,org.tartarus.snowball.ext.turkishStemmer,org.pitest.mutationtest.engine.gregor.mutators.experimental.MemberVariableMutator,r_stem_suffix_chain_before_ki,1772,NO_COVERAGE,none
turkishStemmer.java,org.tartarus.snowball.ext.turkishStemmer,org.pitest.mutationtest.engine.gregor.mutators.experimental.MemberVariableMutator,r_stem_suffix_chain_before_ki,1776,NO_COVERAGE,none
turkishStemmer.java,org.tartarus.snowball.ext.turkishStemmer,org.pitest.mutationtest.engine.gregor.mutators.experimental.MemberVariableMutator,r_stem_suffix_chain_before_ki,1788,NO_COVERAGE,none
turkishStemmer.java,org.tartarus.snowball.ext.turkishStemmer,org.pitest.mutationtest.engine.gregor.mutators.experimental.MemberVariableMutator,r_stem_suffix_chain_before_ki,1796,NO_COVERAGE,none
turkishStemmer.java,org.tartarus.snowball.ext.turkishStemmer,org.pitest.mutationtest.engine.gregor.mutators.experimental.MemberVariableMutator,r_stem_suffix_chain_before_ki,1804,NO_COVERAGE,none
turkishStemmer.java,org.tartarus.snowball.ext.turkishStemmer,org.pitest.mutationtest.engine.gregor.mutators.experimental.MemberVariableMutator,r_stem_suffix_chain_before_ki,1808,NO_COVERAGE,none
turkishStemmer.java,org.tartarus.snowball.ext.turkishStemmer,org.pitest.mutationtest.engine.gregor.mutators.experimental.MemberVariableMutator,r_stem_suffix_chain_before_ki,1812,NO_COVERAGE,none
turkishStemmer.java,org.tartarus.snowball.ext.turkishStemmer,org.pitest.mutationtest.engine.gregor.mutators.experimental.MemberVariableMutator,r_stem_suffix_chain_before_ki,1818,NO_COVERAGE,none
turkishStemmer.java,org.tartarus.snowball.ext.turkishStemmer,org.pitest.mutationtest.engine.gregor.mutators.experimental.MemberVariableMutator,r_stem_suffix_chain_before_ki,1824,NO_COVERAGE,none
turkishStemmer.java,org.tartarus.snowball.ext.turkishStemmer,org.pitest.mutationtest.engine.gregor.mutators.experimental.MemberVariableMutator,r_stem_suffix_chain_before_ki,1829,NO_COVERAGE,none
turkishStemmer.java,org.tartarus.snowball.ext.turkishStemmer,org.pitest.mutationtest.engine.gregor.mutators.experimental.MemberVariableMutator,r_stem_suffix_chain_before_ki,1836,NO_COVERAGE,none
turkishStemmer.java,org.tartarus.snowball.ext.turkishStemmer,org.pitest.mutationtest.engine.gregor.mutators.experimental.MemberVariableMutator,r_stem_suffix_chain_before_ki,1855,NO_COVERAGE,none
turkishStemmer.java,org.tartarus.snowball.ext.turkishStemmer,org.pitest.mutationtest.engine.gregor.mutators.experimental.MemberVariableMutator,r_stem_suffix_chain_before_ki,1860,NO_COVERAGE,none
turkishStemmer.java,org.tartarus.snowball.ext.turkishStemmer,org.pitest.mutationtest.engine.gregor.mutators.experimental.MemberVariableMutator,r_stem_suffix_chain_before_ki,1870,NO_COVERAGE,none
turkishStemmer.java,org.tartarus.snowball.ext.turkishStemmer,org.pitest.mutationtest.engine.gregor.mutators.experimental.MemberVariableMutator,r_stem_suffix_chain_before_ki,1878,NO_COVERAGE,none
turkishStemmer.java,org.tartarus.snowball.ext.turkishStemmer,org.pitest.mutationtest.engine.gregor.mutators.experimental.MemberVariableMutator,r_stem_suffix_chain_before_ki,1882,NO_COVERAGE,none
turkishStemmer.java,org.tartarus.snowball.ext.turkishStemmer,org.pitest.mutationtest.engine.gregor.mutators.experimental.MemberVariableMutator,r_stem_suffix_chain_before_ki,1886,NO_COVERAGE,none
turkishStemmer.java,org.tartarus.snowball.ext.turkishStemmer,org.pitest.mutationtest.engine.gregor.mutators.experimental.MemberVariableMutator,r_stem_suffix_chain_before_ki,1892,NO_COVERAGE,none
turkishStemmer.java,org.tartarus.snowball.ext.turkishStemmer,org.pitest.mutationtest.engine.gregor.mutators.experimental.MemberVariableMutator,r_stem_suffix_chain_before_ki,1898,NO_COVERAGE,none
turkishStemmer.java,org.tartarus.snowball.ext.turkishStemmer,org.pitest.mutationtest.engine.gregor.mutators.BooleanFalseReturnValsMutator,stem,3132,KILLED,org.tartarus.snowball.ext.turkishStemmer_ESTest.test11
turkishStemmer.java,org.tartarus.snowball.ext.turkishStemmer,org.pitest.mutationtest.engine.gregor.mutators.BooleanTrueReturnValsMutator,stem,3096,KILLED,org.tartarus.snowball.ext.turkishStemmer_ESTest.test04
turkishStemmer.java,org.tartarus.snowball.ext.turkishStemmer,org.pitest.mutationtest.engine.gregor.mutators.BooleanTrueReturnValsMutator,stem,3115,NO_COVERAGE,none
turkishStemmer.java,org.tartarus.snowball.ext.turkishStemmer,org.pitest.mutationtest.engine.gregor.mutators.BooleanTrueReturnValsMutator,stem,3130,NO_COVERAGE,none
turkishStemmer.java,org.tartarus.snowball.ext.turkishStemmer,org.pitest.mutationtest.engine.gregor.mutators.InlineConstantMutator,stem,3096,KILLED,org.tartarus.snowball.ext.turkishStemmer_ESTest.test04
turkishStemmer.java,org.tartarus.snowball.ext.turkishStemmer,org.pitest.mutationtest.engine.gregor.mutators.InlineConstantMutator,stem,3115,NO_COVERAGE,none
turkishStemmer.java,org.tartarus.snowball.ext.turkishStemmer,org.pitest.mutationtest.engine.gregor.mutators.InlineConstantMutator,stem,3130,NO_COVERAGE,none
turkishStemmer.java,org.tartarus.snowball.ext.turkishStemmer,org.pitest.mutationtest.engine.gregor.mutators.InlineConstantMutator,stem,3132,KILLED,org.tartarus.snowball.ext.turkishStemmer_ESTest.test11
turkishStemmer.java,org.tartarus.snowball.ext.turkishStemmer,org.pitest.mutationtest.engine.gregor.mutators.MathMutator,stem,3103,KILLED,org.tartarus.snowball.ext.turkishStemmer_ESTest.test11
turkishStemmer.java,org.tartarus.snowball.ext.turkishStemmer,org.pitest.mutationtest.engine.gregor.mutators.MathMutator,stem,3111,SURVIVED,none
turkishStemmer.java,org.tartarus.snowball.ext.turkishStemmer,org.pitest.mutationtest.engine.gregor.mutators.MathMutator,stem,3118,SURVIVED,none
turkishStemmer.java,org.tartarus.snowball.ext.turkishStemmer,org.pitest.mutationtest.engine.gregor.mutators.MathMutator,stem,3126,SURVIVED,none
turkishStemmer.java,org.tartarus.snowball.ext.turkishStemmer,org.pitest.mutationtest.engine.gregor.mutators.NegateConditionalsMutator,stem,3094,KILLED,org.tartarus.snowball.ext.turkishStemmer_ESTest.test04
turkishStemmer.java,org.tartarus.snowball.ext.turkishStemmer,org.pitest.mutationtest.engine.gregor.mutators.NegateConditionalsMutator,stem,3106,SURVIVED,none
turkishStemmer.java,org.tartarus.snowball.ext.turkishStemmer,org.pitest.mutationtest.engine.gregor.mutators.NegateConditionalsMutator,stem,3113,KILLED,org.tartarus.snowball.ext.turkishStemmer_ESTest.test11
turkishStemmer.java,org.tartarus.snowball.ext.turkishStemmer,org.pitest.mutationtest.engine.gregor.mutators.NegateConditionalsMutator,stem,3121,SURVIVED,none
turkishStemmer.java,org.tartarus.snowball.ext.turkishStemmer,org.pitest.mutationtest.engine.gregor.mutators.NegateConditionalsMutator,stem,3128,KILLED,org.tartarus.snowball.ext.turkishStemmer_ESTest.test11
turkishStemmer.java,org.tartarus.snowball.ext.turkishStemmer,org.pitest.mutationtest.engine.gregor.mutators.NonVoidMethodCallMutator,stem,3094,KILLED,org.tartarus.snowball.ext.turkishStemmer_ESTest.test02
turkishStemmer.java,org.tartarus.snowball.ext.turkishStemmer,org.pitest.mutationtest.engine.gregor.mutators.NonVoidMethodCallMutator,stem,3106,KILLED,org.tartarus.snowball.ext.turkishStemmer_ESTest.test11
turkishStemmer.java,org.tartarus.snowball.ext.turkishStemmer,org.pitest.mutationtest.engine.gregor.mutators.NonVoidMethodCallMutator,stem,3121,SURVIVED,none
turkishStemmer.java,org.tartarus.snowball.ext.turkishStemmer,org.pitest.mutationtest.engine.gregor.mutators.NonVoidMethodCallMutator,stem,3128,KILLED,org.tartarus.snowball.ext.turkishStemmer_ESTest.test11
turkishStemmer.java,org.tartarus.snowball.ext.turkishStemmer,org.pitest.mutationtest.engine.gregor.mutators.RemoveConditionalMutator_EQUAL_ELSE,stem,3094,KILLED,org.tartarus.snowball.ext.turkishStemmer_ESTest.test04
turkishStemmer.java,org.tartarus.snowball.ext.turkishStemmer,org.pitest.mutationtest.engine.gregor.mutators.RemoveConditionalMutator_EQUAL_ELSE,stem,3106,SURVIVED,none
turkishStemmer.java,org.tartarus.snowball.ext.turkishStemmer,org.pitest.mutationtest.engine.gregor.mutators.RemoveConditionalMutator_EQUAL_ELSE,stem,3113,SURVIVED,none
turkishStemmer.java,org.tartarus.snowball.ext.turkishStemmer,org.pitest.mutationtest.engine.gregor.mutators.RemoveConditionalMutator_EQUAL_ELSE,stem,3121,SURVIVED,none
turkishStemmer.java,org.tartarus.snowball.ext.turkishStemmer,org.pitest.mutationtest.engine.gregor.mutators.RemoveConditionalMutator_EQUAL_ELSE,stem,3128,SURVIVED,none
turkishStemmer.java,org.tartarus.snowball.ext.turkishStemmer,org.pitest.mutationtest.engine.gregor.mutators.RemoveConditionalMutator_EQUAL_IF,stem,3094,KILLED,org.tartarus.snowball.ext.turkishStemmer_ESTest.test11
turkishStemmer.java,org.tartarus.snowball.ext.turkishStemmer,org.pitest.mutationtest.engine.gregor.mutators.RemoveConditionalMutator_EQUAL_IF,stem,3106,SURVIVED,none
turkishStemmer.java,org.tartarus.snowball.ext.turkishStemmer,org.pitest.mutationtest.engine.gregor.mutators.RemoveConditionalMutator_EQUAL_IF,stem,3113,KILLED,org.tartarus.snowball.ext.turkishStemmer_ESTest.test11
turkishStemmer.java,org.tartarus.snowball.ext.turkishStemmer,org.pitest.mutationtest.engine.gregor.mutators.RemoveConditionalMutator_EQUAL_IF,stem,3121,SURVIVED,none
turkishStemmer.java,org.tartarus.snowball.ext.turkishStemmer,org.pitest.mutationtest.engine.gregor.mutators.RemoveConditionalMutator_EQUAL_IF,stem,3128,KILLED,org.tartarus.snowball.ext.turkishStemmer_ESTest.test11
turkishStemmer.java,org.tartarus.snowball.ext.turkishStemmer,org.pitest.mutationtest.engine.gregor.mutators.ReturnValsMutator,stem,3096,KILLED,org.tartarus.snowball.ext.turkishStemmer_ESTest.test04
turkishStemmer.java,org.tartarus.snowball.ext.turkishStemmer,org.pitest.mutationtest.engine.gregor.mutators.ReturnValsMutator,stem,3115,NO_COVERAGE,none
turkishStemmer.java,org.tartarus.snowball.ext.turkishStemmer,org.pitest.mutationtest.engine.gregor.mutators.ReturnValsMutator,stem,3130,NO_COVERAGE,none
turkishStemmer.java,org.tartarus.snowball.ext.turkishStemmer,org.pitest.mutationtest.engine.gregor.mutators.ReturnValsMutator,stem,3132,KILLED,org.tartarus.snowball.ext.turkishStemmer_ESTest.test11
turkishStemmer.java,org.tartarus.snowball.ext.turkishStemmer,org.pitest.mutationtest.engine.gregor.mutators.experimental.MemberVariableMutator,stem,3100,SURVIVED,none
turkishStemmer.java,org.tartarus.snowball.ext.turkishStemmer,org.pitest.mutationtest.engine.gregor.mutators.experimental.MemberVariableMutator,stem,3100,SURVIVED,none
turkishStemmer.java,org.tartarus.snowball.ext.turkishStemmer,org.pitest.mutationtest.engine.gregor.mutators.experimental.MemberVariableMutator,stem,3111,SURVIVED,none
turkishStemmer.java,org.tartarus.snowball.ext.turkishStemmer,org.pitest.mutationtest.engine.gregor.mutators.experimental.MemberVariableMutator,stem,3126,SURVIVED,none
turkishStemmer.java,org.tartarus.snowball.ext.turkishStemmer,org.pitest.mutationtest.engine.gregor.mutators.experimental.MemberVariableMutator,stem,3127,KILLED,org.tartarus.snowball.ext.turkishStemmer_ESTest.test17
